0 0.999931809375 0.4390342515625 0.6555509625 0.43935970312499995 0.0028878890625000002 0.44033605781249996 0 0.4487978015625 0.999931809375 0.4432651234375 0.999931809375 0.4390342515625
0 0.0007242875000000001 0.4306476734375 0.0013499296875 0.43978954843749996 1 0.43728019375000005 0.0007242875000000001 0.4306476734375
0 1 0.5328585828125 0.0008318625 0.5377334328125001 0.0033274546874999997 0.5452332015625 1 0.54035835 1 0.5328585828125
0 1 0.769101303125 0.0008318625 0.77022626875 0 0.7754761078125 1 0.7736011640625 1 0.769101303125
0 1 0.8077251125 0.0016637265625 0.8039752296874999 0.0016637265625 0.8088500796875 1 0.813349940625 1 0.8077251125
0 1 0.895097421875 0.0033274546874999997 0.8969723625 0.0008318625 0.901472225 0.99989986875 0.8999722703125 1 0.895097421875
0 1 0.890222571875 0 0.8894725937500001 0 0.8935974671875 1 0.8943474437500001 1 0.890222571875
0 0 0.886847675 0.9997849046875 0.875223034375 1 0.8688482296875 0 0.8819728250000001 0 0.886847675
0 1 0.8575985765624999 0 0.8770979750000001 0.0015487625 0.8823478140625 0.1945410828125 0.8797228953125 1 0.862848415625 1 0.8575985765624999
0 0.43011582812500004 0.9843446703125001 0.9999422921875001 0.9877195671875001 1 0.9697201218749999 0.0015487625 0.9768449015625 0 0.9892195203125 0.1838842484375 0.9862196125 0.43011582812500004 0.9843446703125001
0 1 0.9899694984374999 0.1705744328125 0.9884695453125 1 0.9959693140624999 1 0.9899694984374999