0 1 0.4390625 0 0.4578125 0 0.4671875 0 0.4875 1 0.453125 1 0.4390625
0 0.0042427484375 0.3557345578125 0.0014142500000000001 0.367209865625 0.99987435 0.3448967671875 1 0.3346964921875 0.0042427484375 0.3557345578125
0 0.0042427484375 0.37294751875 0.0014142500000000001 0.3837853109375 0.9984601 0.35382200625000004 0.9984601 0.3436217328125 0.0042427484375 0.37294751875
0 1 0.673769053125 0.004163425 0.6840914203125 0 0.69253699375 1 0.6822146265625 1 0.673769053125
0 1 0.7084897421874999 0.0020817125 0.7103665359375 0.0020817125 0.71975050625 0.9950586234375001 0.7178737125 1 0.7084897421874999
0 1 0.7751159296875 0 0.7911753015625 0 0.8030971203125 1 0.7873819953125001 1 0.7751159296875
0 1 0.7993038140625 0.0024042734375 0.804180921875 0 0.80959993125 1 0.804180921875 1 0.7993038140625
0 1 0.7917172015625 0.4700356296875 0.79496860625 0.472439903125 0.7987619140625 1 0.797136209375 1 0.7917172015625
0 1 0.8778794421875 0.020436331250000002 0.8697509296874999 0.010819234375 0.87842134375 1 0.8827565500000001 1 0.8778794421875
0 1 0.8865498562499999 0.009617096875 0.8800470468749999 0.009617096875 0.8843822546875 0.4123330453125 0.88546605625 0.07693677812500001 0.8887174609375 0.08054318906249999 0.89413646875 1 0.8925107671875001 1 0.8865498562499999
0 0.9987292546875001 0.90714819375 0.010540678125 0.91863108125 0.0017567796875 0.9285301234375 0.9987292546875001 0.9134835796875 0.9987292546875001 0.90714819375
0 0.046554662499999996 0.9582272484375001 0.05621695 0.9657505203125 0.9960940859375 0.91823511875 0.9943373062499999 0.9138795406250001 0.046554662499999996 0.9582272484375001
0 0.22662458124999998 0.9273422375000001 1 0.9356574343749999 0.9996076453124999 0.9297180078125 0.23189492031249997 0.9237785828125 0.22662458124999998 0.9273422375000001