0 1 0.29375 0 0.340625 0 0.3671875 1 0.3171875 1 0.29375
0 1 0.428125 0.00625 0.4796875 0 0.49375 0 0.5015625 0.70625 0.465625 1 0.4515625 1 0.428125
0 1 0.65 0 0.7078125 0 0.7265625 1 0.66875 1 0.65
0 1 0.7296875 0.0020833328125000002 0.7796875 0 0.796875 1 0.7421875 1 0.7296875
0 1 0.84375 0.0020833328125000002 0.9125 0.0020833328125000002 0.9296875 1 0.8578125 1 0.84375
0 1 0.8765625 0 0.946875 0 0.9625 1 0.890625 1 0.8765625
0 1 0.9072267828125 0.0021390546875 0.9770134578125 0.0032085828125 0.9866392078124999 1 0.9184568234375 1 0.9072267828125
0 1 0.91925896875 0 0.9854420265625 0.0010695265625 0.9946606640625 1 0.9296868625 1 0.91925896875
0 1 0.8625857796874999 0.4929061609375 0.8953351765625 1 0.8720220453125 1 0.8625857796874999
0 1 0.899775771875 0.47588387499999996 0.9291947203124999 1 0.906436665625 1 0.899775771875
0 1 0.3230363859375 0 0.3686750796875 0.0009508062499999999 0.3793716484375 1 0.331593640625 1 0.3230363859375