0 1 0.4196184578125 0 0.4746777375 0 0.4888596734375 1 0.4329661609375 1 0.4196184578125
0 1 0.316544678125 0 0.370398796875 0.0022246171875000002 0.3845807328125 1 0.3285653609375 1 0.316544678125
0 1 0.33285837812499997 0 0.387083428125 0 0.3954257421875 1 0.34120069375 1 0.33285837812499997
0 1 0.5856305296875 0.0022246171875000002 0.6515348203125 0 0.66404829375 1 0.594807078125 1 0.5856305296875
0 0 0.7166048796875 0.9999655203125 0.6548717468749999 1 0.6465294312500001 0 0.709096796875 0 0.7166048796875
0 1 0.8550873125 0.0011123078124999999 0.9568635578125001 0 0.9627031781250001 1 0.8600927015625001 1 0.8550873125
0 1 0.8676007859375 0.0033369265624999997 0.980222040625 0.0011123078124999999 0.9860616609375 1 0.8742746374999999 1 0.8676007859375
0 0.926553146875 0.9485212437499999 0.1579478359375 0.9994093671875 0.20466480156250003 1 0.9243285296874999 0.9551950953125001 0.926553146875 0.9485212437499999
0 1 0.91181505625 0.025583099999999998 0.9985751359374999 0.052278509375000004 1 1 0.920991603125 1 0.91181505625
0 1 0.901804278125 0.0033369265624999997 0.9868958937500001 0 0.9935697453125 0.9988532125 0.9084781296875001 1 0.901804278125
0 1 0.8792532171874999 0.0017375249999999997 0.9941211359375 0.0024903609375 0.997856678125 1 0.8853234734375001 1 0.8792532171874999
0 1 0.8353988156250001 0.000899003125 0.9358624343749999 0.0026970109375 0.9493474828125 1 0.8448383500000001 1 0.8353988156250001
0 1 0.7463974890625 0.30835813125 0.7915724046875 1 0.7362837015625 0.9960956546874999 0.7295411765625001 0.000899003125 0.811799978125 0.0035960140624999998 0.8171939984375 1 0.7531400140625 1 0.7463974890625
0 1 0.7733675875 0.30835813125 0.8178682500000001 0.9987926640625 0.763928053125 0.9987926640625 0.756511275 0.00179800625 0.838770078125 0 0.8448383500000001 1 0.7774131015625 1 0.7733675875
0 0.9996916671875 0.77673885 0.000899003125 0.8603461578125 0 0.8664144296874999 0.9996916671875 0.7841556265625 0.9996916671875 0.77673885
0 1 0.785821234375 0.00041029375 0.8665395984375 0.00083094375 0.8724686531250001 1 0.7918157109374999 1 0.785821234375