3 0.8692175195312499 0.732356371875 0.8753690945312499 0.6095071453124999 0.883776246875 0.61278798515625 0.884801509375 0.6058617671875 0.8749589898437501 0.60258092734375 0.87782972421875 0.58070866171875 0.89177329375 0.5843540390624999 0.89156824140625 0.5759696703125 0.877624671875 0.57232429296875 0.8792650921874999 0.55701370625 0.87331856953125 0.5562846312499999 0.87290846484375 0.569772528125 0.867372046875 0.5679498398437499 0.867372046875 0.5632108484375 0.86019521015625 0.56138816015625 0.8579396328125 0.57050160390625 0.8716781492187501 0.5759696703125 0.8720882546875 0.58326042578125 0.8704478343750001 0.60659084296875 0.8640912070312501 0.60768445625 0.8645013125000001 0.6036745406249999 0.8612204726562499 0.60221638984375 0.86019521015625 0.6095071453124999 0.8626558398437499 0.61497521171875 0.869627625 0.6146106734375001 0.86634678515625 0.6747594046875001 0.8608103671875 0.766258384375 0.8550688976562499 0.8672353453125 0.85342847734375 0.9138961796875 0.859375 0.9153543304687499 0.8692175195312499 0.732356371875
0 0.54981806484375 0.57442288203125 0.5828160671875 0.57394723515625 0.63980800625 0.5709876546875 0.713113584375 0.56728817890625 0.7735906859375 0.56372548984375 0.8190639265625 0.56110476953125 0.8730201195312499 0.5576166921875 0.8722174656250001 0.555872653125 0.84350028515625 0.5576166921875 0.78544163828125 0.56158041640625 0.74156321328125 0.56395865078125 0.70606806484375 0.56601978671875 0.66486515390625 0.5680809234375 0.63115368125 0.5695078640625 0.5852240296875 0.57204464765625 0.54963969765625 0.5726788429687499 0.54981806484375 0.57442288203125
0 0.50816923515625 0.6728817859375 0.5655144117187499 0.66780821953125 0.6192030539062501 0.6633688484375 0.67628067890625 0.6581367328125001 0.74985730625 0.6511605781250001 0.79516267109375 0.64703830546875 0.8672231734375 0.6391108578125 0.86668807109375 0.63800101484375 0.78285530859375 0.6464041093749999 0.72105094140625 0.65258751875 0.667451484375 0.6571854390625 0.60921446953125 0.66273465234375 0.53911601015625 0.6686009640624999 0.5065639265625 0.6712962960937501 0.50816923515625 0.6728817859375
0 0.8810466609375001 0.5577752406250001 0.8971889265625 0.5580923390625 0.9174170195312501 0.55856350703125 0.9476518359374999 0.5589558484375 0.9722957859375001 0.559217409375 0.9997395835937499 0.559259259375 0.9997395835937499 0.55740740703125 0.97788665234375 0.5573864828125 0.94985875703125 0.55725570234375 0.91726989140625 0.55699414140625 0.88051155859375 0.5565068492187499 0.8810466609375001 0.5577752406250001
0 0.99930436640625 0.63054921328125 0.96496860703125 0.634988584375 0.933665096875 0.6389523085937501 0.8991509703125 0.64323313046875 0.8740903250000001 0.6457699140625001 0.874179509375 0.6476725015625 0.9080693492187499 0.6438673265625 0.94187000546875 0.6395865046875 0.97005208359375 0.63578132890625 0.9997395835937499 0.63194444453125 0.99930436640625 0.63054921328125
0 0.9996611015625 0.70982369375 0.9758490296875 0.7090309484375 0.93972959453125 0.70728691015625 0.9010238296875 0.70538432265625 0.87426869296875 0.70348173515625 0.87471461171875 0.7052257734375 0.9119042523437499 0.7074454593749999 0.94900470859375 0.7099822421875001 0.97263841328125 0.71061643828125 0.9997395835937499 0.7111111109375 0.9996611015625 0.70982369375
0 0.8608019406249999 0.69159056328125 0.81184003984375 0.6995180109375 0.76903182109375 0.7061770671875001 0.71079480625 0.7145801625 0.62205693515625 0.7258371382812501 0.5651576765625 0.7323376460937501 0.5103988296875 0.73820395703125 0.511201484375 0.74042364296875 0.54625071328125 0.73661846796875 0.60627140390625 0.7298008625 0.6620112726562499 0.72282470859375 0.73469606171875 0.7126775750000001 0.7728667234375 0.7069698125 0.81326698046875 0.701737696875 0.8603560218749999 0.6933346015625 0.8608019406249999 0.69159056328125
0 0.867490725 0.5753741757812499 0.8253067921874999 0.5774353117187501 0.78847388671875 0.57886225234375 0.7561893546875 0.58028919296875 0.6974172375000001 0.5823503296875 0.64845533671875 0.5839358195312501 0.5826377 0.58599695625 0.53956192890625 0.5871067984375 0.53982948046875 0.58869228828125 0.57514626171875 0.5877409945312501 0.6161708046875 0.586472603125 0.67708333359375 0.58457001484375 0.72033747109375 0.5833016234375 0.757437928125 0.58203323203125 0.7917736875 0.5804477421875001 0.82022331640625 0.57933789921875 0.8693797078125 0.5770035570312501 0.867490725 0.5753741757812499
0 0.9997395835937499 0.69259259296875 0.95926084453125 0.69159056328125 0.9296518265625 0.6914320140625 0.89379994296875 0.69063926953125 0.87498216328125 0.69063926953125 0.8739119578125001 0.69206621015625 0.9207334476562499 0.693176053125 0.9433861304687501 0.6936517 0.97219249453125 0.6934931507812501 0.9997395835937499 0.69351851875 0.9997395835937499 0.69259259296875
0 0.5193014703125 0.5728031953125 0.4861111109375 0.57276828125 0.46875 0.57327389140625 0.46842849765625 0.57727480546875 0.49816743828125 0.57756058515625 0.51916399609375 0.5769230765625 0.5193014703125 0.5728031953125
0 0.85919663203125 0.6671740234375 0.81175085625 0.67494292265625 0.76127283125 0.68207762578125 0.709367865625 0.68921232890625 0.65550085625 0.69539573828125 0.6158088234375 0.6998910671874999 0.5609660390625 0.705067225 0.5136986304687501 0.7091894976562501 0.5133418953125 0.7107749875 0.54972888125 0.7079211062499999 0.57318421796875 0.705542871875 0.62223530234375 0.700786403125 0.65674942890625 0.69682267890625 0.69821989140625 0.6919076609375 0.73915525078125 0.6866755453125 0.77019121015625 0.68271182109375 0.8137128992187501 0.6762113140625 0.8290525117187499 0.67399162890625 0.85946418359375 0.66986935546875 0.85919663203125 0.6671740234375
0 0.8582156109374999 0.56348300390625 0.8384168093750001 0.56601978671875 0.78715039921875 0.56763064453125 0.746914240625 0.5690322171875 0.69492009140625 0.5704591578125 0.6486969375 0.5715570624999999 0.5828160671875 0.5785451546875 0.5366188640625 0.5779109585937501 0.5353390945312501 0.586081390625 0.565465728125 0.58698916171875 0.61193223125 0.57972699765625 0.676904965625 0.57252029453125 0.7133811359375 0.5714104515625 0.7519977171875001 0.5704591578125 0.7904502 0.56921613359375 0.8073808507812499 0.5685565703125001 0.8293200625000001 0.5677638257812501 0.8422517125000001 0.56728817890625 0.8586615296875 0.5652270421875001 0.8582156109374999 0.56348300390625
0 0.5069206617187499 0.68160197890625 0.56890339609375 0.6757356671875 0.6178655765625 0.67144601640625 0.67940211171875 0.66511288671875 0.75039240859375 0.6576610859375001 0.795176940625 0.65308853359375 0.8672374429687499 0.6451610859375 0.86713398984375 0.643550228125 0.7825877570312499 0.65322171484375 0.7228346179687499 0.65940512421875 0.66691638125 0.6649543382812501 0.6063605882812501 0.67066210078125 0.5466966320312501 0.6766869609375 0.50700984609375 0.67969939140625 0.5069206617187499 0.68160197890625
0 0.5045127 0.6976154234374999 0.5623037953125001 0.6904807203125001 0.61313855625 0.68413876171875 0.6724457765625 0.67605276484375 0.74593321953125 0.66590563203125 0.79302226015625 0.6595636734375 0.86475456640625 0.64915017734375 0.8646511132812501 0.6475393203124999 0.781785103125 0.6595636734375 0.710259703125 0.66939370859375 0.6550549375 0.67684551015625 0.60698487421875 0.68366311484375 0.5475884703125 0.69063926953125 0.50531535390625 0.6957128359375 0.5045127 0.6976154234374999
0 0.51574985703125 0.7041159312499999 0.556863584375 0.69920091328125 0.6109981453125 0.6928589546875 0.67164571015625 0.685607609375 0.7419199484375001 0.6757356671875 0.7915061359375 0.6690766109374999 0.8628067921874999 0.6593226789062501 0.8627033390625 0.65771182109375 0.77983732890625 0.66973617421875 0.7143621578125 0.67795535234375 0.65942494296875 0.68509005546875 0.59458832734375 0.69301750390625 0.54072131875 0.6995180109375 0.5153931218750001 0.70221334375 0.51574985703125 0.7041159312499999
0 0.8576805078125 0.56348300390625 0.8424300796875 0.56586123828125 0.828428225 0.56649543359375 0.8086294234375 0.56728817890625 0.78642266015625 0.5677638257812501 0.76849671796875 0.5685565703125001 0.7490546515625 0.5690322171875 0.72015910390625 0.56982496171875 0.69206621015625 0.57077625546875 0.6666488296875 0.5714104515625 0.6355236875 0.5722031960937499 0.61403039375 0.57204464765625 0.6137628421875 0.57347158828125 0.63008347578125 0.57315448984375 0.6576412671874999 0.5728373921875 0.68109660390625 0.5723617453125 0.7043735734375 0.57172754921875 0.73282320234375 0.57109335390625 0.75065996015625 0.57077625546875 0.77179651796875 0.5699835109375 0.78633347578125 0.5695078640625 0.8033675796875 0.56919076640625 0.825039240625 0.5680809234375 0.8426976312500001 0.56792237421875 0.8583939781250001 0.5657026890625 0.8576805078125 0.56348300390625
0 0.8581264265625 0.7047501265625 0.80871860703125 0.7134703195312501 0.7652861015625 0.720763571875 0.70829766015625 0.72916666640625 0.6204516265625 0.7394723492187499 0.56150114140625 0.7450215625000001 0.5066531109375 0.74993658046875 0.506385559375 0.75168061875 0.5428617296875 0.7486681890625 0.60537956640625 0.742643328125 0.65871147265625 0.7372526632812499 0.72328053671875 0.72869101953125 0.7709938640625 0.721714865625 0.81380208359375 0.7145801625 0.8572345890624999 0.70633561640625 0.8581264265625 0.7047501265625
0 0.9806649546875 0.6657470828125 0.95640696328125 0.66590563203125 0.9273330476562499 0.66590563203125 0.89094606171875 0.66590563203125 0.8731984875000001 0.6652714359375 0.8735552226562501 0.6676496703125 0.91957405859375 0.66780821953125 0.9430293953125 0.66780821953125 0.97114726015625 0.6670408421875 0.98030821953125 0.66733257265625 0.9806649546875 0.6657470828125
0 0.999482734375 0.6652714359375 0.9912778250000001 0.66542998515625 0.9849457765625 0.6655885335937499 0.98120005703125 0.6660641804687499 0.9806649546875 0.66749112109375 0.9894049656250001 0.66749112109375 0.99529109609375 0.66701547421875 0.99957191796875 0.66701547421875 0.999482734375 0.6652714359375
0 0.9997395835937499 0.6560185187500001 0.98878067890625 0.656868340625 0.97575984609375 0.65750253671875 0.9580122718749999 0.65829528125 0.94124571953125 0.6590880265625 0.92171446953125 0.659246575 0.90592893828125 0.66019786875 0.8878246289062499 0.6605149671875 0.8777468609374999 0.6605149671875 0.87730094140625 0.6622590054687499 0.8957619859375001 0.6619419078125001 0.90494791640625 0.6614662609375 0.91716609609375 0.6609906140625 0.93045448046875 0.660673515625 0.94695348203125 0.66019786875 0.96140125546875 0.65940512421875 0.9782569921875 0.658770928125 0.9900292523437499 0.6581367328125001 0.9997395835937499 0.65740740703125 0.9997395835937499 0.6560185187500001
0 0.88012005625 0.5652333125 0.89733403984375 0.5656256539062501 0.9172640062499999 0.5665306546875 0.9481667843749999 0.5666718976562499 0.9721427734375 0.5671845578125 0.9995865703125 0.56722640703125 0.9995865703125 0.56537455546875 0.9777336390625001 0.56535363046875 0.94970574375 0.5652228499999999 0.9166813796875 0.5647101906249999 0.8804878765625 0.56405628828125 0.88012005625 0.5652333125
0 0.8927730695312499 0.5760880937499999 0.91675494375 0.57621887421875 0.9472104523437499 0.57595731328125 0.9722840156249999 0.57593638828125 0.99966160546875 0.575564971875 0.99972781328125 0.5741263859375 0.9778748820312501 0.57410546171875 0.94985875703125 0.57438794765625 0.9162399953125 0.5747802890625 0.89247881328125 0.5745187281249999 0.8927730695312499 0.5760880937499999
0 0.52131558671875 0.5761316875 0.54587339765625 0.57514245 0.5475180039062499 0.5729881117187501 0.52131558671875 0.57270233203125 0.52131558671875 0.5761316875
0 0.5373906890625 0.5861339734375 0.5246913578125 0.5867055328124999 0.50250771640625 0.5872770921875 0.48273533984375006 0.5872770921875 0.48257458828125 0.59042066796875 0.49109439296875 0.58984910859375 0.512152778125 0.58984910859375 0.538515946875 0.58927754921875 0.5373906890625 0.5861339734375