3 0.52291666640625 0.9995370367187499 0.519921875 0.8641203703125001 0.51796875 0.65115740703125 0.51861979140625 0.48680555546875004 0.54010416640625 0.4671296296875 0.5375 0.46134259296874996 0.52578125 0.4671296296875 0.51666666640625 0.45671296328125 0.516015625 0.43356481484375 0.539453125 0.42314814843750004 0.566796875 0.440509259375 0.57721354140625 0.440509259375 0.5895833335937499 0.41851851875 0.584375 0.41041666640625 0.582421875 0.3953703703125 0.5759114585937499 0.4 0.5700520835937499 0.4081018515625 0.5231770835937499 0.37453703671875 0.52252604140625 0.365277778125 0.516015625 0.36180555546875 0.51080729140625 0.36643518515625 0.492578125 0.35601851875 0.49583333359375 0.34328703671875 0.48932291640625003 0.33981481484375 0.47955729140625003 0.34444444453125 0.46067708359375 0.334027778125 0.46588541640625003 0.32824074062499997 0.45677083359375 0.31666666640624996 0.44700520859375 0.32939814843750004 0.441796875 0.35370370390625 0.476953125 0.37569444453125 0.5055989585937499 0.42893518515625007 0.50690104140625 0.45555555546875004 0.48020833359375 0.427777778125 0.46002604140625003 0.440509259375 0.459375 0.45324074062499997 0.47239583359375 0.45671296328125 0.48151041640625003 0.503009259375 0.48932291640625003 0.5041666664062501 0.48411458359375 0.47870370390624994 0.488671875 0.45439814843750004 0.50494791640625 0.4671296296875 0.50299479140625 0.66273148125 0.50625 0.88148148125 0.51015625 0.9995370367187499 0.52291666640625 0.9995370367187499
0 0.25 0.9995370367187499 0.3224571078125 0.7986111109375 0.39361979140625 0.60254629609375 0.47257965703125004 0.3799019609375 0.469898896875 0.37717864921875 0.3615196078125 0.68014705859375 0.28760723046875 0.8837145968750001 0.2453125 0.9995370367187499 0.25 0.9995370367187499
0 0.37838541640625 0.9995370367187499 0.38125 0.9995370367187499 0.418359375 0.87569444453125 0.46393229140625003 0.7206018515625 0.50234375 0.58981481484375 0.5016927085937499 0.5793981484375 0.44765625 0.76226851875 0.409007353125 0.89460784296875 0.37837009765624996 0.99809368203125 0.37838541640625 0.9995370367187499
0 0.40963541640625 0.9995370367187499 0.4568780640625 0.8265250546875 0.50130208359375 0.6658496734375 0.50168504921875 0.6529139429687499 0.459375 0.8039351851562501 0.428125 0.92083333359375 0.406640625 0.99490740703125 0.40963541640625 0.9995370367187499
0 0.41551776953125 0.9946895421875 0.4373468140625 0.9157135078125 0.47104779375000005 0.79316448828125 0.50168504921875 0.67538126328125 0.50168504921875 0.6658496734375 0.45994178906250005 0.821759259375 0.43351715703125004 0.91843681953125 0.4116881125 0.99741285390625 0.41551776953125 0.9946895421875
0 0.42700673984375 0.9953703703125001 0.44347426484375 0.93477668828125 0.47487745078125 0.8163126359374999 0.50359987734375 0.7094226578125 0.50206801484375 0.7019335515625 0.4771752453125 0.79656862734375 0.44653798984375 0.9102668843749999 0.42279411796875 0.9994553375 0.42700673984375 0.9953703703125001
0 0.5181525734375 0.6032135078125 0.54342830859375 0.5126633984375 0.56257659296875 0.44185729843750005 0.55989583359375 0.43913398671875 0.53385416640625 0.53376906328125 0.5181525734375 0.58959695 0.5181525734375 0.6032135078125
0 0.18481182812500002 0.99910394296875 0.218413978125 0.914725209375 0.26377688203125 0.80197132578125 0.31544018828125 0.672789725 0.362063171875 0.5540621265625 0.40910618281250005 0.4360812421875 0.44018817187500003 0.35468936640625 0.44060819921874994 0.34722222187499996 0.40616599453125 0.43234767031250004 0.34862231171875 0.5787037039062499 0.2793178765625 0.7519414578125 0.2347950265625 0.8646953406250001 0.18098958359375 0.9995370367187499 0.18481182812500002 0.99910394296875
0 0.46328965078125 0.3143667859375 0.52041330625 0.2426821984375 0.5674563171875 0.18369175625 0.63424059140625 0.09781959375 0.67582325234375 0.0448028671875 0.7090053765625 0.00149342890625 0.705225134375 0.00149342890625 0.65062163984375 0.0709378734375 0.59937836015625 0.1366487453125 0.5456149195312501 0.20609318984375 0.4998319890625 0.26359020312500003 0.45824932812499997 0.3143667859375 0.46328965078125 0.3143667859375
0 0.49479166640625005 0.3345280765625 0.5443548390624999 0.26508363203125 0.5834173390624999 0.2098267625 0.62205981171875 0.1545698921875 0.6657426078124999 0.0910991640625 0.6976646507812501 0.047043010937500004 0.72706653203125 0.0052270015625 0.72412634375 0.00224014375 0.6930443546875 0.047789725 0.65986223125 0.09557945078124999 0.61323924765625 0.16203703671875 0.5632560484375 0.23222819609375 0.52587365625 0.28524492265625 0.49017137109375 0.3345280765625 0.49479166640625005 0.3345280765625
0 0.58089717734375 0.397252090625 0.62920026875 0.3166069296875 0.67330309140625 0.24193548359375 0.7216061828125 0.15905017890625 0.7648689515625 0.08811230546875 0.8127520164062499 0.0037335726562499998 0.8102318546875 0.00074671484375 0.787550403125 0.0410692953125 0.7522681453125 0.10080645156250001 0.70816532265625 0.17398446796875 0.6640625 0.25089605703125 0.61785954296875 0.32706093203125 0.57921706953125 0.39202508984375 0.58089717734375 0.397252090625
0 0.5897177421875 0.40770609296875 0.6556619625 0.28897849453125 0.705225134375 0.20161290312500002 0.77368951640625 0.07765830312500001 0.81695228515625 0.0029868578125 0.8144321234375 0.00224014375 0.7543682796875 0.1090203109375 0.6808635749999999 0.23894862578125 0.6350806453125 0.3203405015625 0.5855174734374999 0.40322580625000004 0.5897177421875 0.40770609296875
0 0.55401545703125 0.5503285546875001 0.58173723125 0.49955197109375 0.622899865625 0.42637395468749995 0.6607022851562501 0.35618279531249997 0.7048051078124999 0.27628434921875 0.75604838671875 0.179958184375 0.7980510749999999 0.10080645156250001 0.8396337367187501 0.020908004687500002 0.8492943546875 0 0.8429939515625 0.005973715625 0.8047715054687499 0.079898446875 0.7732694890625 0.139635603125 0.73462701640625 0.21132019140625 0.69640456953125 0.28375149375 0.6632224460937499 0.3442353640625 0.61239919375 0.43757467109375003 0.56871639765625 0.5159796890624999 0.52713373671875 0.58915770625 0.51957325234375 0.6100657109375 0.51957325234375 0.6220131421875 0.52923387109375 0.5981182796875 0.55401545703125 0.5503285546875001
0 0.5262936828125 0.63545400234375 0.5472950265625001 0.59438470703125 0.5850974460937499 0.5212066906249999 0.6371807796875 0.42114695312499995 0.68170362890625 0.33676821953124997 0.71614583359375 0.27255077656250004 0.7434475804687499 0.22028076484375 0.7430275539062501 0.21356033437500002 0.7006048390624999 0.29495221015625 0.6518817203125 0.38679808828125 0.59769825234375 0.49059139765625004 0.55821572578125 0.5667562726562501 0.5220934140625 0.633213859375 0.5262936828125 0.63545400234375
0 0.74638776875 0.21356033437500002 0.774949596875 0.15979689375 0.8081317203125 0.09333930703125 0.85013440859375 0.0112007171875 0.84971438203125 0.006720430468749999 0.8219926078125 0.05973715625 0.7799899195312501 0.14336917578125 0.74512768828125 0.2098267625 0.74638776875 0.21356033437500002