0 0.548525528125 0.1018844546875 0.538255575 0.2319705265625 0.533303990625 0.2926121546875 0.5255098296875 0.39107329140624997 0.52028315703125 0.452856025 0.5255098296875 0.45464919140625 0.52835240625 0.41911189374999996 0.53357907890625 0.34705920703125004 0.5400894953125001 0.26636671875 0.5491674 0.15339723515624998 0.5559529046875 0.06439097578125 0.5606294015625 0.00032603046875 0.5562279929687499 0.0004890453125000001 0.548525528125 0.1018844546875
0 0.5098298125 0.59092983828125 0.5026775234375 0.6818922796875 0.4970840671875 0.75378195078125 0.490940434375 0.8339853937499999 0.484338321875 0.91826421484375 0.47810299296875 0.9994457484374999 0.48268779375 0.99928273359375 0.4868141140625 0.9401082421875 0.49369131484375 0.852406103125 0.50047681953125 0.7689423578125 0.5106550765625 0.63999739140625 0.51734888515625 0.5558815859374999 0.5225755578125 0.4923056859375 0.517073796875 0.4923056859375 0.5098298125 0.59092983828125
0 0.25748239453125 0.96749478359375 0.26096684296875 0.92250260859375 0.26610181953125 0.85028690625 0.27123679609375 0.77790818984375 0.27637177265625 0.7029212312500001 0.28389084531250003 0.598428534375 0.28893412578125 0.5275169539062501 0.29296875 0.46736437109375 0.29196009375 0.46736437109375 0.28691681328124996 0.5395800726562501 0.28095657265625 0.62385889375 0.27334580390625 0.7304707875 0.2679357390625 0.8113262914062499 0.26353433125 0.871804903125 0.258857834375 0.9363588937499999 0.25418133828125 0.99928273359375 0.2553733859375 0.99911971796875 0.25748239453125 0.96749478359375
0 0.21860328671875 0.9339136671875 0.22318808671874998 0.866751434375 0.23015698359374998 0.7678012523437501 0.23446669609374998 0.70406233671875 0.23978506484375 0.62630412109375 0.2444615609375 0.558489828125 0.24932144921875002 0.4862741265625 0.25262250625 0.44193401171874996 0.251247065625 0.44079290546875 0.2461120890625 0.51512780390625 0.2418023765625 0.5837571726562499 0.23648400859375 0.6582550859375 0.23098224765625003 0.74090375625 0.22603066328125002 0.81165232109375 0.22034551093750002 0.8921817945312499 0.21245965390625 0.99928273359375 0.2140184859375 0.99911971796875 0.21860328671875 0.9339136671875
0 0.15808392031250001 0.91696009375 0.163218896875 0.8395279078125 0.16817048125 0.76421491953125 0.17348885 0.68433750625 0.17844043437499998 0.6104916539062499 0.1832086265625 0.53599373984375 0.1905443078125 0.42726265 0.19201144375 0.40281038046875006 0.190360915625 0.40183228984374997 0.18678477109375 0.45937663046875 0.17999926640625 0.5624021906250001 0.1749559859375 0.6413015125 0.17018779374999998 0.7127021390625 0.1653279046875 0.7852438703125 0.160192928125 0.86267605625 0.1547828640625 0.9412493476562499 0.15052083359375 0.9995370367187499 0.152307071875 0.9994457484374999 0.15808392031250001 0.91696009375
0 0.20393192500000001 0.28869979140625 0.21255134999999997 0.21012650000000002 0.2212624703125 0.13285732890625 0.23299956015625 0.02494131484375 0.23565874375 0.00032603046875 0.234008215625 0.00032603046875 0.2269476234375 0.0660211265625 0.21539392578125 0.1726330203125 0.20824163750000002 0.23686098046874998 0.1996222125 0.3141301515625 0.19375366796875 0.36336071953125 0.19604606796875 0.36336071953125 0.20393192500000001 0.28869979140625
0 0.20384022890625003 0.31755346875 0.21493544609374998 0.21191966640625 0.23079885546874998 0.059500521875000004 0.23694248828125 0.0009780906250000001 0.23639231249999998 0.00032603046875 0.22905663125000003 0.06504303593750001 0.2229129984375 0.12568466328125 0.21612749375 0.1930099109375 0.20879181328125 0.26196531015625 0.19787998828125 0.36254564453125 0.19934712421875 0.36254564453125 0.20384022890625003 0.31755346875
0 0.19146126796875002 0.452856025 0.183025234375 0.5692488265625 0.17844043437499998 0.63592201328125 0.17477259375 0.688412884375 0.16954592109375 0.755086071875 0.16523620859375 0.8155646843750001 0.1607431046875 0.8797926445312501 0.16523620859375 0.82404147109375 0.17348885 0.7135172140625 0.18018265859375 0.6204355765625 0.18568441875 0.5456116328125 0.19393706015625 0.42987089218749996 0.195954371875 0.40427751718750005 0.1944872359375 0.40395148671875003 0.19146126796875002 0.452856025
0 0.46407350390625 0.10465571171875002 0.47085900859374996 0.02689749609375 0.4722344484375 0.00016301484375 0.46627420781250006 0.06748826328125 0.46187279921875 0.12160928515625 0.45407863828124995 0.2177882109375 0.44481734140625007 0.32977960390625 0.43959066875 0.38911711015625 0.44069102109375 0.3897691703125 0.44830178984374996 0.29750260859375 0.46407350390625 0.10465571171875002
0 0.4222601234375 0.6111437140625 0.41574970625 0.6903690664062501 0.41070642578124994 0.7567162234375 0.40483788125000003 0.83528951484375 0.39832746484375 0.91418883671875 0.39190874375 0.998956703125 0.3929174 0.9994457484374999 0.39383436015625 0.98379629609375 0.40263717734375 0.87310902421875 0.4113482984375 0.75997652578125 0.41978433125 0.6509194054687499 0.42583626796875 0.5772365671874999 0.42482761171875005 0.576747521875 0.4222601234375 0.6111437140625
0 0.29339092734375 0.025123246093750003 0.28832480078125 0.07473770703125 0.28228100078125 0.13351662265625 0.27659271875 0.18771331093750002 0.270726678125 0.24507015546875 0.2647717578125 0.3013209453125 0.2597945109375 0.34840728125 0.26094994296874996 0.3482492734375 0.26779365781250003 0.28520414609375 0.27348193984375 0.22958538750000002 0.27917022187499996 0.17633674609375 0.2857472984375 0.111711540625 0.29241325390625 0.0489824296875 0.29730162109374997 0.000316015625 0.29579067109375 0.0007900390624999999 0.29339092734375 0.025123246093750003
0 0.334986490625 0.02433320703125 0.33027588203125 0.07141954218749999 0.32369880546875 0.1382568578125 0.31614405546875 0.21078245468749998 0.30885594453125 0.28457211484375 0.30370093828125 0.339400834375 0.304500853125 0.3401908734375 0.31365543203125 0.2507584375 0.32067690546875 0.180760965625 0.3278761375 0.107919353125 0.33312002265624996 0.05403868046875 0.33854166640625 0.0001580078125 0.3369418375 0.000316015625 0.334986490625 0.02433320703125
1 0.43312696562499997 0.5789220828125 0.45708038515625005 0.5841631726562501 0.49196639140625004 0.5974842765624999 0.494545990625 0.59617400390625 0.49577437109375 0.5920248078125 0.49466882890625 0.5666928718750001 0.49430031484375 0.5356830890625 0.49712558984375 0.49397274609375 0.52316725625 0.49113382265625 0.5229215804687499 0.48589273203124994 0.52464131328125 0.485455975 0.52464131328125 0.47999650625 0.52648388359375 0.47934136953125 0.52685239765625 0.47431865859375 0.52857213046875 0.47344514296874995 0.5298005109374999 0.45575646406250003 0.5229215804687499 0.45510132812500004 0.5032674921875 0.44265373828125 0.510637775 0.40858665234374997 0.50965507109375 0.40531097109375 0.50646128125 0.4040006984375 0.48778989765625 0.40028826015624996 0.487544221875 0.3919898671875 0.4844732703125 0.39242662500000003 0.48435043203125006 0.40072501718750003 0.48435043203125006 0.4005066390625 0.4380404875 0.38958770078125 0.42096599843750004 0.3843466109375 0.41187598281250004 0.38063417187500004 0.4008205578125 0.37692173281249997 0.36986536953125004 0.35595737265625 0.3680227984375 0.36949685546875 0.36765428437500003 0.3553022359375 0.3030414703125 0.33979734453125 0.30255011796875003 0.34350978359375 0.30083038515625 0.34263626796875 0.3009532234375 0.339578965625 0.29763659609375004 0.33936058671875 0.20587657265625 0.36250873515625004 0.1691479953125 0.36687631015625 0.15796973281249999 0.3649109015625 0.156864190625 0.3843466109375 0.1649715015625 0.38565688359375 0.19838345156249998 0.40552935 0.29149469375 0.4666754015625 0.29346010234375003 0.46645702343749995 0.30598958359375 0.47497379453125 0.37784984296875 0.49309923125 0.37748132890625 0.4957197765625 0.3794467375 0.49703004921874994 0.37858687109375 0.5066387140625 0.37956957578125 0.50642033515625 0.3794467375 0.51646575859375 0.38079795625 0.5173392734375 0.37969241328125 0.5297868625000001 0.3819034984375 0.5300052414062499 0.3811664703125 0.53830363359375 0.38313187890625 0.5387403914062501 0.3826405265625 0.54638364765625 0.38423742109375 0.55380852578125 0.38350039296875 0.56188853984375 0.3847287734375 0.56210691796875 0.3839917453125 0.5660377359375001 0.38632566796875 0.57215234140625 0.40364583359374995 0.57237071953125 0.43312696562499997 0.5789220828125