0 0.6364620015625 0.12258737578125001 0.634261296875 0.12095722499999999 0.63288585703125 0.15698356796875 0.6305017609375 0.21974439218750003 0.62793427265625 0.282831246875 0.6246332156250001 0.35488393359375003 0.625493234375 0.373256240625 0.62830105625 0.30549034921875 0.6314187203125 0.23783907109375 0.63416960078125 0.181272821875 0.6364620015625 0.12258737578125001
0 0.625493234375 0.373256240625 0.62527508828125 0.37852112656250003 0.62179063984375 0.46296296328125 0.6209044460937501 0.48605153437500004 0.62803819453125 0.42762345703125 0.625493234375 0.373256240625
0 0.6079445421874999 0.78654799140625 0.6066607984375 0.83382237890625 0.6046434859375001 0.88631325 0.6015258218749999 0.962115284375 0.6000586851562499 0.99928273359375 0.6015258218749999 0.9994457484374999 0.6040016140625 0.9371739695312501 0.6069358859375 0.86202399609375 0.6094116781250001 0.7966549296875 0.6112455984375 0.74514214921875 0.6141798710937499 0.6647756914062499 0.616380575 0.6039710484375 0.6191314554687499 0.5322443921875 0.6209044460937501 0.48605153437500004 0.618031103125 0.5095852898437501 0.61537191875 0.5839201875 0.61317121484375 0.6404864375 0.61106220625 0.7136802296875 0.6079445421874999 0.78654799140625
0 0.637287265625 0.00032603046875 0.6358201289062501 0.0557511734375 0.6377457453125001 0.056892279687500005 0.63893779375 0 0.637287265625 0.00032603046875
0 0.61546361484375 0.00065206015625 0.6142715671875 0.04026473671875 0.6155553109375 0.040916796875 0.6167473593749999 0.00065206015625 0.61546361484375 0.00065206015625
0 0.60042546953125 0.0004890453125000001 0.59987529375 0.02999478359375 0.6010673414062501 0.03097287421875 0.60216769375 0.00016301484375 0.60042546953125 0.0004890453125000001
0 0.5772263789062501 0.00065206015625 0.57695129140625 0.01255216484375 0.5785101234375001 0.014019300781249999 0.5787852109375 0.0004890453125000001 0.5772263789062501 0.00065206015625
0 0.6132629109375001 0.08688706328125 0.61115390234375 0.15470135625 0.61335460703125 0.15551643203125 0.614730046875 0.08574595703125 0.6132629109375001 0.08688706328125
0 0.59794967734375 0.09047339609375 0.5963908453125 0.1458985390625 0.59794967734375 0.14720266015625 0.59941681328125 0.08998435078125 0.59794967734375 0.09047339609375
0 0.5956572773437501 0.1786645796875 0.59428183671875 0.21876630156250002 0.59593236484375 0.2202334375 0.59730780546875 0.17703442890625 0.5956572773437501 0.1786645796875
0 0.593915053125 0.23392670859375003 0.5937316609375001 0.24387063125 0.5952904929687499 0.239795253125 0.59556558125 0.23327464765625 0.593915053125 0.23392670859375003
0 0.6109705109375 0.17361111093749998 0.6106037265625 0.18681533671875 0.61252934296875 0.1838810640625 0.6126210390625 0.17295905078125 0.6109705109375 0.17361111093749998
0 0.63536164921875 0.0805294734375 0.63453638515625 0.10922013593749999 0.63692048125 0.10367762109375 0.63701217734375 0.080040428125 0.63536164921875 0.0805294734375
0 0.60849471796875 0.24077334375 0.6059272296875 0.302230046875 0.6013424296875 0.40590766796875 0.59859154921875 0.479427490625 0.59556558125 0.5562076164062499 0.592906396875 0.63135758984375 0.59098078046875 0.67895800703125 0.5887800765625 0.75443401171875 0.58566241171875 0.82958398515625 0.58401188359375 0.8797926445312501 0.5816277875 0.9433685445312501 0.57942708359375 0.9995370367187499 0.58072916640625 0.9995370367187499 0.5841035796875 0.9150039124999999 0.58602919609375 0.8621870109374999 0.588596684375 0.784917840625 0.590889084375 0.7321009390625 0.5930897890625 0.6561358890625 0.59593236484375 0.58261606640625 0.59923342109375 0.49670709453125 0.601800909375 0.42465440781249997 0.6052853578125 0.35146061562500003 0.60849471796875 0.27239827890625 0.611795775 0.2053990609375 0.61252934296875 0.19855242578125 0.6098701585937499 0.19741131953125 0.60849471796875 0.24077334375
0 0.60849471796875 0.24012128359374998 0.6059272296875 0.30157798671874997 0.6013424296875 0.4052556078125 0.59859154921875 0.47877543046875 0.59556558125 0.55555555546875 0.592906396875 0.6307055296875 0.59098078046875 0.678305946875 0.5887800765625 0.75378195078125 0.58566241171875 0.828931925 0.58401188359375 0.8791405843750001 0.5816277875 0.9427164843750001 0.57942708359375 0.9988849765625 0.58072916640625 0.9988849765625 0.5841035796875 0.9143518515625001 0.58602919609375 0.86153495078125 0.588596684375 0.7842657796875 0.590889084375 0.7314488781249999 0.5930897890625 0.65548382890625 0.59593236484375 0.58196400625 0.6037326390625 0.49706790156249997 0.601800909375 0.42400234765624994 0.6052853578125 0.3508085546875 0.60849471796875 0.27174621796875 0.611795775 0.20474700078125002 0.61252934296875 0.19790036484375 0.6098701585937499 0.196759259375 0.60849471796875 0.24012128359374998
0 0.57539245859375 0.73748043828125 0.5725498828125 0.8134454874999999 0.57044087421875 0.8765323421875 0.56778168984375 0.9471178921875 0.565764378125 0.99928273359375 0.5667730343749999 0.9994457484374999 0.56778168984375 0.9749934796874999 0.5703491781250001 0.90033255078125 0.57264157890625 0.8388758476562501 0.57557585078125 0.7609546164062501 0.57740977109375 0.70455138203125 0.57970217109375 0.6344548773437501 0.5824530515624999 0.55555555546875 0.5837673609375 0.50632716015625 0.5874046359375 0.42693661953125 0.588619875 0.3980654875 0.58483714765625 0.461169796875 0.58217796328125 0.5327334375 0.5793353875 0.61130672890625 0.57777655546875 0.6582550859375 0.57539245859375 0.73748043828125
0 0.36916813359375 0.1930099109375 0.37100205390625 0.16056990078125 0.369443221875 0.159917840625 0.3676093015625 0.1931729265625 0.36916813359375 0.1930099109375
0 0.36586707734375 0.25185837265625 0.364766725 0.3139671359375 0.36329958906250004 0.37477177890625 0.36137397265625004 0.44470526875000005 0.35944835703125 0.51366066796875 0.35697256484375 0.59321205 0.3550469484375 0.6626564945312501 0.35293793984375 0.726395409375 0.3511040203125 0.78671100703125 0.3490867078125 0.8555033906249999 0.34752787578125 0.91321074609375 0.34569395546875004 0.97825378203125 0.34505208359375 0.9994457484374999 0.34587734765625 0.9994457484374999 0.34716109140625 0.94646583203125 0.34917840390625 0.88517214375 0.35101232421875 0.8243675015624999 0.35293793984375 0.762421753125 0.35495525234374997 0.69248826328125 0.35697256484375 0.62826030234375 0.35889818046875 0.56647756875 0.36675347187499996 0.49706790156249997 0.3630245015625 0.42025299921875003 0.36458333359375 0.35276473671874997 0.36623386171875 0.28266823125 0.3679760859375 0.21827725625 0.36623386171875 0.21925534687499998 0.36586707734375 0.25185837265625
0 0.339000146875 0.15910276484375002 0.3384499703125 0.18909754843749998 0.33707453046875 0.24419666171875 0.33579078671875 0.30597939453125 0.33395686640625 0.37721700546875 0.3328565140625 0.4287297859375 0.33166446562499996 0.48138367265625004 0.3295554578125 0.548219875 0.32744644921875 0.62173969765625 0.3254291375 0.69297730859375 0.32332012890625 0.7668231609375 0.32148620859375 0.8356155453125 0.31974398437499996 0.9053860195312501 0.3182768484375 0.9555946789062499 0.31671801640625 0.9994457484374999 0.31770833359375 0.9995370367187499 0.31992737656250003 0.9327725609374999 0.32185299296875003 0.8581116328125 0.32368691328125 0.7909493999999999 0.325704225 0.7237871671875 0.32744644921875 0.659722221875 0.329372065625 0.59500521640625 0.3312059859375 0.5312663015625 0.33294821015625 0.46801643203125 0.33459873828125 0.4002021390625 0.3363409625 0.32391105859375 0.3375330109375 0.26604068828125 0.33945862656250003 0.20572509140625 0.340650675 0.15796165859375 0.339000146875 0.15910276484375002
0 0.34340155546875 0.07074856562500001 0.3404672828125 0.12372848203125 0.342301203125 0.12356546718750001 0.34468529921875 0.07074856562500001 0.34340155546875 0.07074856562500001
0 0.2977369421875 0.13628064687500002 0.2993874703125 0.07156364140625 0.29700337421875 0.07205268671875001 0.29672828671875 0.10351460625 0.29535284609375 0.16464527890625 0.293610621875 0.2388171625 0.29186839765625 0.31999869609375 0.28994278203125 0.3949856546875 0.29058445703125 0.43732446328124996 0.2921434859375 0.3643388109375 0.2944358859375 0.28266823125 0.29599471796875 0.20556207578125002 0.2977369421875 0.13628064687500002
0 0.27793060468749997 0.8817488265625 0.27628007656250003 0.9407603023437501 0.27472124375 0.99911971796875 0.27628007656250003 0.9994457484374999 0.27683025234374997 0.979557903125 0.27866417265625 0.9073422015625001 0.28086487656250003 0.8307250914062501 0.28260710078125 0.7565532078125 0.28480780546875 0.67749087109375 0.286641725 0.5963093374999999 0.2885684125 0.52631567265625 0.285999853125 0.57087897734375 0.28379914921875 0.6460289515625 0.28196522890625003 0.73291601484375 0.2798562203125 0.8044796554687499 0.27793060468749997 0.8817488265625
0 0.29801203046875 0.061456703125 0.29966255859375 0.06390193046875 0.30039612656250003 0.04988262890625 0.2984705109375 0.049230568749999995 0.29801203046875 0.061456703125
0 0.3001210390625 0.01744261875 0.3024134390625 0.01613849765625 0.30351379140625 0.00081507578125 0.30078125 0 0.3001210390625 0.01744261875
1 0.34303233359375 0 0.33074750625 0.000034776562499999996 0.29287705390625 0.0200856375 0.28242370859375 0.022693879687499998 0.27352919609375 0.0215527734375 0.27334580390625 0.03883237734375 0.278389084375 0.039158407031249995 0.29526115 0.0706203265625 0.29856220625 0.07045731171875 0.30076291093749996 0.06784906953125 0.30039612656250003 0.0655668578125 0.28838394921875 0.04241871015625 0.39456792812499997 0.0952356109375 0.33955032265625 0.1231111984375 0.32827171328125 0.12620848515625 0.32332012890625 0.125556425 0.32267825703124997 0.13761954453125 0.32368691328125 0.13908668046875 0.32717136171875 0.13859763515625 0.33744131484375 0.15799643515625 0.33955032265625 0.15799643515625 0.34138424296875003 0.15538819296875 0.34138424296875003 0.1527799515625 0.3351489140625 0.1425099984375 0.40382922499999996 0.17658016015625 0.37127714218749996 0.19190358203125 0.36174075703124997 0.19418579375 0.35523034062500003 0.19402277890625 0.35495525234374997 0.20412971640625002 0.35605560468749997 0.20608589843749997 0.35880648437499996 0.20559685234375 0.36568368515625 0.21863806328125 0.36742590937499997 0.21798600234375 0.36880135 0.21635585078125003 0.36880135 0.2142366546875 0.36522520546875004 0.20739001875000002 0.440599325 0.24618761953125 0.43986575703125 0.2970483390625 0.43766505312500004 0.3687749953125 0.43408890859374993 0.43936054609374997 0.43729826875000005 0.43984959140625 0.46902508828125 0.43023169921875004 0.50973811640625 0.43479612265625 0.5407313671875 0.450445575 0.54430751171875 0.45011954453124997 0.5453161679687499 0.44180577265625 0.544215815625 0.39925882421875 0.5440324234375 0.37937097890625 0.5470583921875 0.303894975 0.55145980078125 0.25287123984375 0.547516871875 0.24635063437500002 0.596849325 0.2324943484375 0.5957489726562499 0.23754781796875002 0.59263130859375 0.24488349843749999 0.591897740625 0.24814380078124998 0.59299809296875 0.25124108828125 0.59556558125 0.25336028515625003 0.59712441328125 0.2510780734375 0.5976745890624999 0.24830681640625 0.59730780546875 0.245535559375 0.6007005578125 0.23282037890625001 0.60354313359375 0.2324943484375 0.60446009375 0.2223874109375 0.60317635 0.2212463046875 0.59776628515625 0.22092027500000003 0.5844703640625 0.214562684375 0.55026775234375 0.18880629453125 0.61546361484375 0.17136367578125 0.6113372945312501 0.18440488593749998 0.6098701585937499 0.18685011328125 0.60867811015625 0.18994740078125 0.60950337421875 0.19483785390625 0.6109705109375 0.19728308125 0.6139047828125 0.19646800546875 0.6156470070312501 0.193207703125 0.6149134390625 0.19092549140624998 0.6202318078125 0.17103764531250001 0.6238079515625 0.17103764531250001 0.62426643203125 0.16027864687499999 0.6235328640625 0.15767040546875 0.6167473593749999 0.157181359375 0.60354313359375 0.15196487578125 0.5421068078125 0.10420144296875 0.6449897296875 0.077303946875 0.635269953125 0.10680968515625 0.6332526406250001 0.11088506328125 0.63270246484375 0.11544948671875 0.634261296875 0.119524865625 0.63802083359375 0.12180707734375 0.640863409375 0.11919883515625 0.6410468015624999 0.11447139609375001 0.6401298414062501 0.11300426015625001 0.6506748828125 0.076488871875 0.65452611484375 0.077303946875 0.6546178109375 0.061002434375000004 0.6503997945312501 0.06002434375 0.64691534609375 0.06018735859375 0.642880721875 0.059046253125 0.6347197773437501 0.054970874999999995 0.5619055328125 0 0.34303233359375 0