1 0.86254028515625 0.4389195828125 0.8634035453125 0.4112952734375 0.84426795546875 0.41027215078125 0.8436924492187501 0.4217822796875 0.76614295546875 0.35451197031250004 0.763697053125 0.3453038671875 0.76024401484375 0.34965213828124997 0.75549608671875 0.34709433203125 0.7624021640625 0.22662164921875 0.76096339765625 0.22483118515624997 0.77837246796875 0.19950890078125 0.77549493515625 0.19362594609375 0.75621546953125 0.22150603671875002 0.716217771875 0.232760384375 0.5978073203125 0.24120114609374999 0.5906134898437501 0.24324739140624999 0.582844153125 0.23864333984375002 0.44313996328125 0.20667075937499998 0.4229972375 0.19669531406250002 0.412925875 0.19362594609375 0.40932895937499997 0.1887661140625 0.40659530390625004 0.18953345625 0.40550595234375003 0.19430144453125 0.41148710859375 0.2097401265625 0.42009602187499995 0.40733119921874994 0.32098872031250003 0.4744730921875 0.31868669453125 0.4744730921875 0.2758114640625 0.50363208515625 0.27451657421875 0.53074483359375 0.41119935546875 0.64968283203125 0.399257596875 0.782944546875 0.40012085624999993 0.7985471656249999 0.395085175 0.80698792734375 0.394797421875 0.8184980562499999 0.39652394140624997 0.8218232046875 0.3901933703125 0.8328217718750001 0.38918623359375004 0.843308778125 0.39638006484375 0.843564559375 0.3994014734375 0.8404951914062501 0.40314226484375004 0.8497032945312499 0.42515538671875 0.81466134609375 0.4697571359375 0.8098015140625 0.5647157 0.8095457335937499 0.56730547890625 0.80698792734375 0.57363605 0.80801105 0.57867173125 0.80801105 0.5838512890625001 0.8118477593750001 0.5927716390625 0.81287088203125 0.64039479765625 0.8231021078125 0.676651703125 0.83921628828125 0.6809680015625 0.8410067523437499 0.7399574125 0.8422856554687501 0.74211556171875 0.8463781460937501 0.7684449812499999 0.8550746882812501 0.7721857734375 0.85814405546875 0.7747755523437501 0.85251688125 0.74499309375 0.78908328203125 0.7455686 0.764528340625 0.7516114179687501 0.7716901984375 0.75520833359375 0.76094741171875 0.8303119242187501 0.71158174765625 0.8304558007812499 0.72385921796875 0.8446160226562499 0.72458582734375 0.84431108515625 0.72599531640625 0.8507757609375 0.7262121609375 0.85174953984375 0.6980253734375 0.9196593 0.65224063828125 0.96825703046875 0.6197607070312501 0.9691525171875 0.6165972765625 0.97079918046875 0.61507936484375 0.97201893046875 0.6170309656249999 0.98092310703125 0.6109593203125 0.9806181695312499 0.6088992976562501 0.9826307570312499 0.6065140078125 0.9846915289062499 0.60901371015625 0.9923169890624999 0.6021076328125 0.996596896875 0.6001170960937501 0.99970726015625 0.59784022890625 0.9994633101562499 0.5544713328124999 0.86254028515625 0.4389195828125
0 0.33361196875 0.1305060203125 0.33736282578125 0.00038103984375 0.334576475 0.00019051953125 0.3327546296875 0.06420515156249999 0.32150205781249996 0.47344154843749997 0.3257887515625 0.47134583125 0.33361196875 0.1305060203125
0 0.36576217421875 0.107834171875 0.36865569296875 0 0.3662980109375 0.00038103984375 0.3593321328125 0.262155159375 0.35354509609375 0.45210333828125 0.35740312109375 0.449055021875 0.36576217421875 0.107834171875
0 0.38580246875 0.2871132453125 0.39201817578125 0.0436290203125 0.39351851875 0.00019051953125 0.39116083671875 0.00038103984375 0.38891032265625 0.0912589546875 0.37980109765625 0.4340039625 0.3823731140625 0.432098765625 0.38580246875 0.2871132453125
0 0.31145833359375 0.9995370367187499 0.31432291640625 0.9995370367187499 0.32310956796875 0.5734644109375 0.31914437578125 0.5704160953125 0.31145833359375 0.9995370367187499
0 0.342935528125 0.99946654453125 0.3459362140625 0.99946654453125 0.353973765625 0.6005182140625 0.35033007578125 0.597279378125 0.342935528125 0.99946654453125
0 0.368334190625 0.9990855054687501 0.3703703703125 0.99946654453125 0.378407921875 0.62185642421875 0.37487139921875 0.6186175890625 0.368334190625 0.9990855054687501
0 0.42491855312500004 0.9990855054687501 0.42684756484374997 0.999276025 0.4310270921875 0.814281359375 0.42941958125 0.81466239921875 0.42491855312500004 0.9990855054687501
0 0.80572916640625 0.9995370367187499 0.8079346710937501 0.999276025 0.81908007578125 0.71940253046875 0.8158650546875 0.7216887671875 0.80572916640625 0.9995370367187499
0 0.84583333359375 0.9995370367187499 0.8484375 0.9995370367187499 0.86108967734375 0.6919676875 0.8571244859375 0.69482548359375 0.84583333359375 0.9995370367187499
0 0.9 0.9995370367187499 0.90338541640625 0.9995370367187499 0.91788837421875 0.6538637406250001 0.91360168046875 0.6571025757812501 0.9 0.9995370367187499
0 0.93085562421875 0.00019051953125 0.9280692726562499 0.00019051953125 0.9179955421875 0.4854442921875 0.9227109054687499 0.48944520625 0.93085562421875 0.00019051953125
0 0.8757716046875 0.00038103984375 0.8734139234375 0.00038103984375 0.8636616937499999 0.43876695625 0.867734053125 0.44238683125 0.8757716046875 0.00038103984375
0 0.8511231140625 0.00019051953125 0.8416923867187499 0.41990550234375 0.84372856640625 0.42028654140625 0.85262345703125 0.00019051953125 0.8511231140625 0.00019051953125
0 0.8348336765625 0.00019051953125 0.83301183125 0.000571559375 0.824116940625 0.40523548203125 0.8274391289062499 0.4071406796875 0.8348336765625 0.00019051953125
0 0.45075209140625 0.0003575 0.44914333984375 0.0005362507812500001 0.44351270937500004 0.20627770625 0.44532255468750004 0.20645645625000003 0.45075209140625 0.0003575