1 0.593047034375 0.07441490546875 0.54511758671875 0.12553965 0.513164621875 0.15735060234375 0.47737730078125 0.19200181796875 0.47018788359375 0.20222676640624998 0.41427019453125 0.2473869578125 0.41123466249999996 0.24511474687499998 0.40883818984375003 0.246534878125 0.40771983671875 0.2488070890625 0.28533997968749997 0.3232219953125 0.283103271875 0.32833446953125 0.34700920234375 0.53567371015625 0.35020449921874997 0.53595773671875 0.3533997953125 0.5458986593749999 0.34013931484375004 0.5697568734375 0.33454754609375004 0.57685753203125 0.22351099218749998 0.7316518976562499 0.22351099218749998 0.72682344921875 0.21967663593750003 0.7234151328125 0.21616181015625 0.7254033171875001 0.21839851718749997 0.734208134375 0.22175357890625 0.7347761875 0.19778885468750002 0.769427403125 0.19459355859375 0.7861849578125 0.196830265625 0.7947057484375 0.20577709609375 0.802090434375 0.22383052109374998 0.7952738015625 0.224948875 0.79868211796875 0.23309688125 0.7966939328125 0.23293711640625 0.80521472421875 0.24667689140625 0.796977959375 0.359881365625 0.781732253125 0.42816973437500006 0.8722449445312501 0.48264953984375003 0.82225630546875 0.48217024531249997 0.819132015625 0.51332438671875 0.78959327421875 0.5409637015625 0.76800727109375 0.54959100234375 0.7557941375 0.60135480546875 0.71517836875 0.6053489265625001 0.71404226328125 0.61141998984375 0.71120199921875 0.7331607875 0.6302544875 0.7331607875 0.62713019765625 0.73539749453125 0.6240059078125 0.7357170242187501 0.6214496703125 0.7341193765625 0.61662122265625 0.7355572593749999 0.6129288796875 0.69018404921875 0.47943649140625 0.71414877265625 0.4371165640625 0.74769938671875 0.38712792578125 0.7499360937499999 0.3854237671875 0.75377045 0.381163371875 0.7563266875 0.37576687109375 0.75792433515625 0.37122244921875003 0.7959483640625 0.31782549453125003 0.79419095078125 0.313849125 0.794350715625 0.31044080859375 0.7970667179687501 0.30703249296875 0.793072596875 0.29169506953125 0.7919542429687499 0.28942285859375 0.790037065625 0.28715064765625 0.7882796523437501 0.28487843671875 0.78572341484375 0.28459441015625 0.78300741328125 0.28374233125 0.77326175859375 0.28629856875000004 0.76766998984375 0.28658259453125 0.7646344578125001 0.2755055671875 0.7628770453125 0.27380140859375 0.7622379859375 0.26556464453125 0.7606403375 0.2669847765625 0.75920245390625 0.2638604859375 0.75856339453125 0.2664167234375 0.75664621640625 0.26783685546874997 0.75456927421875 0.26528061796875 0.75393021484375 0.26556464453125 0.75792433515625 0.28232219921875 0.75680598125 0.284310384375 0.75792433515625 0.28686662109375 0.7598415132812499 0.28573051562499996 0.76080010234375 0.29112701640625 0.75936221875 0.29765962265625 0.64241436640625 0.34139968203125004 0.64017765859375 0.31271301953125 0.64241436640625 0.31271301953125 0.64417177890625 0.30873665078125 0.64241436640625 0.30816859765625 0.63985812890625 0.2970915703125 0.6179703476562499 0.17836855234375 0.6184496421875 0.1735401046875 0.61397622734375 0.15451033828125 0.59672162578125 0.0755510109375 0.593047034375 0.07441490546875
0 0.7060007671874999 0.07611906406249999 0.7558473929687499 0.26556464453125 0.75824386484375 0.26556464453125 0.7253323109375 0.14485344218750001 0.6871485171875 0.0008520789062500001 0.68539110390625 0.00028402656249999997 0.7060007671874999 0.07611906406249999
0 0.821830265625 0.52062031328125 0.86113241328125 0.6756987046875 0.9090618609375 0.8625880484374999 0.9440503578125 0.99948875234375 0.9453125 0.9995370367187499 0.9021919734375 0.8299250171875 0.8430789875 0.5984435359375 0.7786937625 0.344523971875 0.7766168203125 0.34594410390624997 0.821830265625 0.52062031328125
0 0.7802914109375 0.57998182265625 0.83700792421875 0.8012383546875 0.887493609375 0.9992047265625 0.88957055234375 0.9992047265625 0.8603335890625001 0.8861622359375 0.79323236171875 0.6240059078125 0.73795373203125 0.40274937499999997 0.7355572593749999 0.40644171796875 0.7802914109375 0.57998182265625
0 0.65807131875 0.115030675 0.626917178125 0.00028402656249999997 0.625639059375 0.00028402656249999997 0.6478463703124999 0.0840718015625 0.70440311875 0.2925471484375 0.71926124765625 0.34736423515625 0.7237346625 0.3467961828125 0.65807131875 0.115030675
0 0.18388931484374998 0.5848102703125 0.14602505078125 0.43285616875 0.11327326171875 0.3016359921875 0.07429064453125 0.14627357421875 0.03818379375 0.00028402656249999997 0.036905675 0.0005680523437499999 0.04585250546875 0.03550329453125 0.09569913125 0.23716200859374997 0.1303680984375 0.37633492421875003 0.1666347140625 0.52289252421875 0.21584228046875 0.7239831859375 0.21903757656249997 0.72227902734375 0.18388931484374998 0.5848102703125
0 0.289973159375 0.99948875234375 0.29189033750000004 0.9989207 0.23948747421875 0.8015223812500001 0.23709100234374997 0.8037945921875 0.289973159375 0.99948875234375
0 0.0396216765625 0.80493069765625 0.00015976484375 0.6518404906249999 0.00015976484375 0.6566689390625 0.060870398437499994 0.8926948421875001 0.08802083359375 0.9995370367187499 0.08978783203125 0.9992047265625 0.0396216765625 0.80493069765625
0 0.0231659 0.8188479890625 0 0.73079981796875 0.00015976484375 0.7370483984375 0.035787321093750005 0.8719609179687501 0.068698875 0.9989207 0.07045628828125 0.9986366734375001 0.0231659 0.8188479890625
0 0.237358940625 0.38371270546875 0.21366825781249998 0.29288837421874997 0.1911530671875 0.20351080234375002 0.16140407968749998 0.08696630625 0.13952184609375 0.00016075078125 0.13879846640625 0.00032150234375 0.16294126171875 0.09628986640625001 0.184100115625 0.179237396875 0.21809895859375 0.31314300390625 0.239800346875 0.39689428984375 0.31819661484375 0.706983025 0.318829571875 0.70569701640625 0.29875360234375 0.62631341171875 0.298846209375 0.62612525703125 0.2634006078125 0.48675411484375 0.237358940625 0.38371270546875
0 0.35951967578125 0.8638760289062499 0.39453125 0.9995370367187499 0.39635416640625 0.9995370367187499 0.3766999421875 0.92496141953125 0.32705801484374997 0.73591821015625 0.3259729453125 0.7370434671874999 0.35951967578125 0.8638760289062499