1 0.61452513984375 0.912218084375 0.61903514921875 0.9023898203125 0.61903514921875 0.8827332921875 0.6194716015624999 0.8822160148437501 0.620489990625 0.86902545 0.62252676875 0.8656631492187501 0.62427257890625 0.8553176078125 0.622963221875 0.8522139460937501 0.62252676875 0.8462652593750001 0.63780260703125 0.66935650703125 0.6654446 0.6685805914062499 0.6861033523437501 0.65435547265625 0.6751920390625 0.5884026484375 0.6750465546875 0.5788330226562499 0.6734462289062499 0.57779846875 0.66238943203125 0.49606869453125 0.6602071695312499 0.48236085234375 0.651914571875 0.41201117343749993 0.65235102421875 0.39856196953125 0.640712290625 0.23355058984375 0.63896648046875 0.2330333125 0.63838454375 0.22863645781250003 0.63576582890625 0.22992965 0.6348929234375 0.22734326484374998 0.57335311953125 0.26225946640625 0.56098696484375 0.22734326484374998 0.55080307265625 0.19113387109375 0.529271415625 0.10992137421874999 0.52708915234375 0.11018001250000001 0.5275256054687499 0.10655907265625 0.5238885007812499 0.104748603125 0.5231610796874999 0.10061038671875 0.51734171328125 0.10242085625 0.51545041875 0.10371404921875 0.5125407359375 0.1114732046875 0.51050395703125 0.1357852265625 0.506866853125 0.1342333953125 0.50293878046875 0.1373370578125 0.4987197390625 0.1396648046875 0.4991561921875 0.14147527421875 0.50192039140625 0.13992344296874998 0.50177490703125 0.14328574375 0.50264781171875 0.14613076796875 0.5121042828125 0.14276846640625002 0.513413640625 0.14613076796875 0.51297718828125 0.19966894296874999 0.47631517656250005 0.21751500078125 0.47791550312500003 0.22320504843750003 0.51283170390625 0.20691082109374997 0.511231378125 0.2925201734375 0.5006110335937499 0.29614111328125003 0.49813780234375005 0.290451065625 0.49522811953124996 0.29148561953124996 0.49304585625 0.29433064375 0.49362779296875 0.2971756671875 0.44459962734375 0.30312435312499997 0.40095437578125 0.312435340625 0.39920856640625 0.3168321953125 0.42466829609375 0.468394371875 0.42234054921875 0.46813573359375005 0.42423184375 0.4782226359375 0.4261231375 0.47873991328125004 0.42932378984374997 0.49063728515625 0.43717993515625003 0.56460790390625 0.43557960859374995 0.57159114453125 0.43703445078125 0.5757293609375 0.44634543750000005 0.73530933203125 0.44736382656250007 0.743844403125 0.53858240234375 0.6970308296875001 0.54731145234375 0.6879784812499999 0.6040502796875 0.90497620546875 0.61088803515625 0.91299399921875 0.61452513984375 0.912218084375
0 0.9249883609375 0.05379681328125 0.8381343109375001 0.085092075 0.7119995343750001 0.13061245625 0.60303188984375 0.167597765625 0.54993016796875 0.18673701640625 0.55080307265625 0.1916511484375 0.66704492578125 0.1492344296875 0.79390712265625 0.10371404921875 0.8945821695312499 0.06724601718749999 0.9994762570312499 0.02974343046875 0.9990398046875001 0.02767432265625 0.9249883609375 0.05379681328125
0 0.95481261640625 0.15052762265625 0.843953678125 0.19087523281250002 0.73033053984375 0.23199875859375002 0.66369878984375 0.2563107796875 0.5615689015625 0.2925201734375 0.56185986953125 0.29458928203125 0.634165503125 0.26820815234375 0.7780493484375001 0.21596316953125 0.8826524671874999 0.1782019453125 0.99933077265625 0.13552658828125 0.9997395835937499 0.13379629609375 0.95481261640625 0.15052762265625
0 0.6773743015625 0.08095385859375001 0.8054003726562501 0.035433478125 0.901565409375 0 0.8963279796875 0.00051727734375 0.83551559609375 0.022760190625000003 0.74720670390625 0.05405545234375 0.6017225328125 0.106300434375 0.5347998140625 0.12906062499999998 0.53610917109375 0.1321642875 0.6773743015625 0.08095385859375001
0 0.36531075390625 0.19578936484375 0.2397579140625 0.24493068515625 0.1251163875 0.29019242734375 0.00029096796875 0.3388164703125 0 0.34088557812500003 0.0880179234375 0.30700393125000003 0.2042597765625 0.26070763515625 0.32195647109375003 0.214928615625 0.41230214140625004 0.18001241484375 0.50148393828125 0.144837575 0.5009020015625001 0.14225118984375001 0.36531075390625 0.19578936484375
0 0.13777351015625 0.35950755234375 0.23131983203125 0.32148768906249997 0.38320530703125 0.258897165625 0.47718808203125 0.22061866328125 0.47573323984375 0.21880819375 0.33985102421875 0.27415683828125 0.17356261640624998 0.34269604765625 0.00058193671875 0.414856196875 0 0.41718394375 0.13777351015625 0.35950755234375
0 0.5192330078125 0.8987688804687499 0.39426210390625 0.9388578523437501 0.2655086125 0.98075729375 0.20807291640624997 0.9995370367187499 0.21269785859375 0.9988619906249999 0.3190467875 0.96523898203125 0.44052607109375 0.9261845640624999 0.59182960859375 0.8780777984375 0.591538640625 0.8741982203124999 0.5192330078125 0.8987688804687499
0 0.77048417109375 0.8116076968750001 0.90927607109375 0.759621353125 0.9994762570312499 0.7270328984375001 0.99918528828125 0.72444651328125 0.8585020953125 0.7764328578125 0.6994878960937501 0.8356610796874999 0.6231087054687501 0.86333540234375 0.6248545156249999 0.86643906484375 0.77048417109375 0.8116076968750001
0 0.54949371484375 0.7575522453125 0.4275779796875 0.7989344093749999 0.250087290625 0.8597144632812499 0.11987895703125 0.9036830124999999 0.00058193671875 0.9442892617187499 0.00058193671875 0.94609973125 0.07521531640625 0.92075315546875 0.18825651796875 0.8822160148437501 0.35672718828125 0.8245396234375001 0.49115456249999995 0.77876060390625 0.5986673648437499 0.74255121015625 0.59852188046875 0.740740740625 0.54949371484375 0.7575522453125
0 0.7354224859375 0.692633975 0.843662709375 0.65280364140625 0.9428829140625 0.616335609375 0.9996217414062499 0.595903165625 0.9996217414062499 0.5938340578125 0.88759892890625 0.635216221875 0.7709206242187501 0.6773743015625 0.6840665734375 0.7097041171875 0.611469971875 0.73582660859375 0.61161545625 0.737637078125 0.7354224859375 0.692633975
0 0.33446811015625 0.37683633359375 0.21488012109375002 0.421063521875 0.07972532578125 0.47098075703125 0.0016003257812500001 0.49917235703124996 0.0017458101562500001 0.5015001031249999 0.13559124765625 0.45158286796875 0.27889315625 0.39933788515625 0.40008147109375003 0.35459342031249996 0.5478933890625 0.30027932968750004 0.54760242109375 0.29821022109375 0.33446811015625 0.37683633359375