1 0.26870632734375 0.85707006953125 0.26870632734375 0.7891352875 0.26931288828125 0.67510190234375 0.2699194484375 0.49192061328125 0.271875 0.37994791640625 0.30260416640625 0.38020833359375 0.30182291640625 0.42890625 0.30546875 0.428125 0.30546875 0.38046875 0.33541666640625 0.38125 0.33489583359375 0.48229166640625004 0.33482142890625 0.618085209375 0.33421486796875 0.74182356328125 0.33482142890625 0.8443322984374999 0.33984375 0.8453125 0.34210015546875 0.63446234453125 0.342706715625 0.5052649453125 0.34296875 0.38203125 0.37161458359375 0.38359375 0.3712150625 0.43247767890625 0.376067546875 0.43429736015625 0.37630208359375 0.37890625 0.34192708359375 0.37682291640625 0.3433132765625 0.30388683984375 0.33785423125 0.30388683984375 0.33724767109375 0.3754609859375 0.27057291640625 0.37369791640625 0.27052600937500004 0.29842779531249997 0.26506696406249997 0.297821234375 0.26385384296875 0.3736413046875 0.22806677031249997 0.37242818359375 0.22685364921875 0.43308423906250004 0.23231269375000002 0.43429736015625 0.23413237578124999 0.377887228125 0.26432291640625 0.37890625 0.2632472828125 0.5780522125 0.262640721875 0.6939052796875 0.262640721875 0.85707006953125 0.26870632734375 0.85707006953125
0 0.003032803125 0.98566090859375 0.057016692187499995 0.85767663046875 0.09523000781249999 0.7654794257812501 0.15164013984375 0.63446234453125 0.1928862578125 0.5331667312499999 0.22927989140625 0.43975640546875 0.22685364921875 0.43793672343749995 0.1850009703125 0.54408482109375 0.14193517109375 0.64720011640625 0.06914790390625 0.8164305125 0.00121312109375 0.9771690609375 0.003032803125 0.98566090859375
0 0.796875 0.9990234375 0.7421875 0.93802083359375 0.68020833359375 0.86901041640625 0.57708333359375 0.7546875 0.52952736796875 0.69997088515625 0.44339576875000003 0.60352775625 0.36666666640625 0.51354166640625 0.30390625 0.43255208359374997 0.30267371875000004 0.43308423906250004 0.35665760859375 0.50587150625 0.43369080000000004 0.5962490296875 0.52057291640625 0.6953125 0.63446234453125 0.8237092390624999 0.7307291664062501 0.93151041640625 0.791015625 0.9990234375 0.796875 0.9990234375
0 0.9917265140625 0.72241362578125 0.8958899453125 0.6799543867187501 0.75213509296875 0.616265528125 0.6283967390625 0.5610685171875 0.491314053125 0.4961665375 0.42682291640625003 0.46354166640625005 0.37682291640625 0.43489583359374995 0.37578125 0.43697916640625 0.45234375 0.4796875 0.55257666953125 0.52952736796875 0.6587247671875 0.5780522125 0.76305318359375 0.62536393671875 0.8831521742187499 0.6781347046875 0.9965789984375 0.72787267109375 0.9917265140625 0.72241362578125
0 0.9912109375 0.9990234375 0.9413819875 0.97049689453125 0.89322916640625 0.94270833359375 0.8510044640625001 0.9165130046875 0.79884025625 0.88497185546875 0.75078125 0.8552083335937499 0.71588541640625 0.83255208359375 0.67395833359375 0.80364583359375 0.6308229812499999 0.7739712734374999 0.59685558984375 0.7484957296875 0.53195361015625 0.6957249609375 0.49919933984375 0.6635772515625 0.49677309765625 0.66539693359375 0.5428717 0.70785617265625 0.5756259703125 0.73515139765625 0.6156589671875 0.7660859859375 0.65364583359375 0.79296875 0.7114955359375 0.83280764765625 0.75516789609375 0.86070943359375 0.8140625 0.89739583359375 0.8588897515625 0.9243982921875 0.92318517109375 0.96261160703125 0.986328125 0.9990234375 0.9912109375 0.9990234375
0 0.9470052085937499 0.9987630210937499 0.89739583359375 0.96692708359375 0.86105557734375 0.94294125234375 0.82604166640625 0.92005208359375 0.79557291640625 0.89973958359375 0.76328125 0.87734375 0.72708333359375 0.85208333359375 0.69296875 0.82760416640625 0.66119791640625 0.80416666640625 0.63784129140625 0.78584206796875 0.60729166640625 0.76276041640625 0.5705130695312499 0.73307129921875 0.5371522382812499 0.7045629531250001 0.53203125 0.70208333359375 0.5517096921875 0.7197269671875001 0.59192708359375 0.7536458335937499 0.6330729164062501 0.7859375 0.66484375 0.80989583359375 0.71145833359375 0.84375 0.74947916640625 0.8708333335937499 0.78333333359375 0.8942708335937499 0.8173832171875001 0.9174657093749999 0.86640625 0.9494791664062501 0.8998754531250001 0.972056159375 0.9421875 0.99869791640625 0.9470052085937499 0.9987630210937499
0 0.90364583359375 0.99895833359375 0.87760416640625 0.98098958359375 0.84088541640625 0.95572916640625 0.80677083359375 0.93177083359375 0.76790566796875 0.9037752328125 0.72994791640625 0.87630208359375 0.68671875 0.84375 0.64375 0.81119791640625 0.59609375 0.77265625 0.5940104164062501 0.7734375 0.6364583335937499 0.80859375 0.6765625 0.8395833335937499 0.72161458359375 0.87291666640625 0.76901041640625 0.9078125 0.809375 0.93671875 0.86041666640625 0.97265625 0.9013671875 0.9990234375 0.90364583359375 0.99895833359375
3 0.46698446328125 0.62264595078125 0.45109463281249995 0.62107658515625 0.45197740078125 0.63441619609375 0.45727401093750003 0.63520087890625 0.44888771171875 0.78154425625 0.45219809296875 0.783113621875 0.46058439296875 0.63441619609375 0.46676377109375 0.63598556171875 0.46698446328125 0.62264595078125
0 0.2657860828125 0.2934721328125 0.26880296640625 0.10475517890625 0.27012711875 0.00039234140625 0.2666015625 0 0.2668167375 0.10750156953125001 0.26326916875 0.29498228125 0.2657860828125 0.2934721328125
0 0.7490234375 0 0.6257047359375 0.09564271875 0.53308231328125 0.1681298328125 0.4777102125 0.20991059921875 0.40723663046874997 0.26326916875 0.34783746796875004 0.30504993593749996 0.34834085078125 0.30807023203125 0.37602690078125 0.29095521875 0.44801063125 0.23910679765624998 0.557244684375 0.15504188125 0.65842461328125 0.07550741015625 0.75390625 0 0.7490234375 0
0 0.65842461328125 0.867328446875 0.6272148843750001 0.839642396875 0.5934722484375 0.80917289140625 0.54442251328125 0.75982767578125 0.52255696875 0.7375189109375 0.48325808437499995 0.691719459375 0.46713917499999996 0.6725193296875001 0.46626796484375 0.67635448203125 0.5098513140625001 0.7276203195312501 0.5571281671875 0.77755649609375 0.59879089453125 0.818480521875 0.71933392421875 0.9282377578125001 0.7233609859375 0.9267276093750001 0.65842461328125 0.867328446875
0 0.44599710078125004 0.61865737734375 0.40723663046874997 0.6035558953125 0.3922119140625 0.59326171875 0.37653028359374996 0.58040028984375 0.36444909765625 0.5642920421875 0.358642578125 0.57037353515625 0.3730066046875 0.5904679445312501 0.4016994203125 0.6151336984375 0.43492268046874993 0.62922841484375 0.444091796875 0.62835693359375 0.44599710078125004 0.61865737734375
0 0.5571281671875 0.73914405234375 0.52329566953125 0.707675396875 0.49532860859375 0.67855992265625 0.47066285468749997 0.65087387265625 0.46848406796875003 0.6530115359375 0.49049735234374997 0.6781273640625 0.5269891734375001 0.71402822421875 0.55860556953125 0.7423943359375 0.5571281671875 0.73914405234375