0 0.9997395835937499 0.15231481484375 0.86813038828125 0.0830140484375 0.750718390625 0.021551724218750002 0.71659482734375 0.00039910624999999996 0.7014423078124999 0.0014601140625 0.76800466953125 0.039511494531250003 0.88653915234375 0.10137292499999999 0.9997395835937499 0.1611111109375 0.9997395835937499 0.15231481484375
0 0.9997395835937499 0.6513888890625 0.89670907109375 0.56456899375 0.85558712109375 0.5286195289062501 0.77825405625 0.46337266484375006 0.6737689390625 0.3703703703125 0.5965909093749999 0.32744107734375 0.48396017734374996 0.25852179609375 0.3813950421875 0.18870135937500002 0.29360250703125 0.12168141562499998 0.24591244687499997 0.08028598203125001 0.1938291140625 0.029301453124999998 0.16754240390625 0.00040970156250000003 0.16383175078125 0 0.20075757578125 0.040404040625 0.24063818593750003 0.0808720109375 0.2848101265625 0.11779184218750001 0.31803097343750003 0.14503441484375 0.37495390859375 0.18805309765625 0.43049410000000005 0.22615535859375 0.49179572265625 0.26630612890625 0.5715339234375 0.31669944296875 0.6724683546875 0.373300515625 0.69667219765625 0.3953621765625 0.7706489671875 0.46050475234375005 0.8494653390625 0.528515240625 0.9989182695312501 0.6549501421875 0.9997395835937499 0.6513888890625
0 0.9997395835937499 0.515277778125 0.9084623890625 0.44411668281249994 0.7865505164062501 0.348656178125 0.68929756640625 0.26958374296875 0.6902193953125 0.27572926875000003 0.751582278125 0.32524613203124997 0.87251106171875 0.42076368437499995 0.9997234515625 0.5199115046875 0.9997395835937499 0.515277778125
0 0.99926253671875 0.46624057656250006 0.99880162265625 0.46091445390625 0.88636363671875 0.377946128125 0.77848451328125 0.29539495234375 0.7344671828125 0.26261881328125003 0.7330844398437499 0.26466732187500003 0.8632927726562499 0.36545394921874996 0.99926253671875 0.46624057656250006
0 0.8930217554687501 0.33964273984375 0.9997395835937499 0.41620370390624994 0.9976493359375 0.41093084218750003 0.86268939375 0.3122895625 0.76988636328125 0.24410774375000002 0.70880681796875 0.19781144765625 0.70773414453125 0.20321206171875 0.78355457265625 0.25893149765625 0.8930217554687501 0.33964273984375
0 0.62154314140625 0.22861356953124998 0.5294040085937499 0.18987341796874999 0.4934089234375 0.1728941328125 0.43607954531250004 0.14478114453125 0.3768939390625 0.1127946125 0.3187223453125 0.07907243515625 0.25304203515625 0.033185840625000004 0.21432522109375 0.00163880703125 0.20879424765625001 0.00122910546875 0.2732726796875 0.051570557812499994 0.32747971953125 0.08808587343749999 0.383372890625 0.1207219875 0.44336761640625 0.151781528125 0.50562315625 0.18231727265625 0.5462157171875 0.2010079703125 0.6217035867187499 0.23265353984375 0.62154314140625 0.22861356953124998
3 0.6717218140625 0.9946895421875 0.69010416640625 0.23624727656250002 0.72686887265625 0.267565359375 0.7521446078125 0.19403594765625 0.74142156875 0.177696078125 0.71959252421875 0.19812091484375 0.70810355390625 0.18927015234375 0.7146139703125 0.15046296328125 0.705039828125 0.11710239687499999 0.6912530640625 0.10552832265625 0.6744025734375 0.1150599125 0.65755208359375 0.15454793046874998 0.644148284375 0.15182461875 0.65027573515625 0.17701525078125 0.6316612234375001 0.24154535546874997 0.67523967578125 0.2683546375 0.65793504921875 0.9919662312499999 0.6717218140625 0.9946895421875
0 0.67201327421875 0.22369714843750002 0.56486742421875 0.18097643125 0.5215247046875 0.16265158984375 0.47402426171874995 0.13947491796875 0.3925189390625 0.09764309765625 0.33664772734375 0.06481481484375 0.2871497046875 0.0323664375 0.24505208359375003 0 0.24053030312499998 0.0025252523437500002 0.29545454531250004 0.04292929296875 0.35559550156249997 0.08112094375 0.439082278125 0.126582278125 0.48852848125000004 0.15119549921875 0.5173764750000001 0.164290396875 0.58420907109375 0.19215011484375 0.6715523601562501 0.227794165625 0.67201327421875 0.22369714843750002
0 0.25094696953125 0 0.28125 0.02272727265625 0.29971590937500003 0.033670033593749996 0.33617424218749997 0.053872053906249995 0.37784090937500003 0.07575757578125 0.43371212109375 0.09932659921875 0.49182489453124995 0.12189404609375001 0.51226265859375 0.1295124234375 0.5488528484375 0.14123300546875 0.6128032703125 0.15998593515624998 0.653807153125 0.17084562421875 0.65236023203125 0.1664322546875 0.6012658226562501 0.1523675578125 0.5634469695312501 0.140572390625 0.51852584375 0.126582278125 0.46354166640625005 0.10690235703124999 0.39393939375000003 0.07828282812500001 0.3586497890625 0.06211908125 0.315466771875 0.03926394765625 0.28942510546875 0.024027191406250002 0.2578125 0 0.25094696953125 0
0 0 0.50252525234375 0.13185653984375 0.4928504453125 0.26941287890625 0.47474747500000003 0.42227056953125003 0.45124238125 0.553030303125 0.425084175 0.62961497890625 0.40846225937499997 0.662564528125 0.39945919375 0.66279498515625 0.3961815796875 0.5818169828124999 0.4160806375 0.50710227265625 0.43097643124999996 0.43117088593749997 0.4459681203125 0.3556830171875 0.458860759375 0.1882252109375 0.48171589296875006 0.09517045468749999 0.49158249140625 0 0.496759259375 0 0.50252525234375
0 0.659568584375 0.39003605390625 0.6269778484375 0.37447257421875 0.5795999265625 0.35398230078125004 0.52751659296875 0.32735168828125 0.48188606171875004 0.30195018046875 0.45424578046875 0.28539615546874997 0.40198863671874996 0.25168350156249997 0.36695075781250003 0.22811447812500002 0.337594696875 0.2045454546875 0.305247890625 0.17873886562500002 0.27525052734375 0.151781528125 0.23532196953125 0.11195286171875 0.20928030312499998 0.08164983203125001 0.1869066453125 0.0533286453125 0.16383175078125 0.0222691046875 0.14947916640625 0 0.14678030312499998 0.0008417507812500001 0.15657964140625 0.0164088140625 0.171690634375 0.0372828578125 0.21624472578125 0.09493670859375 0.257120253125 0.13830286015624998 0.30228111796875 0.17932489453125 0.34660766953125 0.215912815625 0.3689620203125 0.23352998984375 0.41172204609375 0.262541021875 0.455965909375 0.29124579140625 0.49952651484375005 0.315656565625 0.5590717296875 0.34692920781250003 0.6599419828124999 0.3943975625 0.659568584375 0.39003605390625
0 0.1821839078125 0.3692688375 0.2412280703125 0.49220272890625 0.35316155 0.7285575046874999 0.43362068984375 0.8992816093749999 0.48020833359375 0.9995370367187499 0.49739583359374995 0.9995370367187499 0.39519371328125 0.79191033125 0.29982040234374996 0.5959610468750001 0.2192982453125 0.43047433359375004 0.1384320171875 0.26234567890625 0.0712719296875 0.12345678984375 0.01484375 0 0.0091374265625 0.00487329453125 0.096875 0.19046934843750002 0.1821839078125 0.3692688375