3 0.38916198515625 0.4114648359375 0.390625 0.27205576328125003 0.39121020624999997 0.14825218515625 0.39267322109374997 0.063982521875 0.40320692890625 0.0645027046875 0.40262172265625 0.058260507812499994 0.39267322109374997 0.058260507812499994 0.3938436328125 0.044215564062500004 0.38945458828125 0.04369538046875 0.38828417578124996 0.05774032421875001 0.37745786484375 0.058260507812499994 0.37716526250000004 0.06554307109375 0.3874063671875 0.06554307109375 0.3862359546875 0.1477320015625 0.38506554296875 0.27413649609375 0.38448033671875004 0.367249271875 0.38243211640624997 0.45516021640625004 0.390332396875 0.4562005828125 0.38916198515625 0.4114648359375
0 0.66927083359375 0 0.66129429140625 0.072543015625 0.65227198125 0.14472149296875 0.635252625 0.28142315546874996 0.62028379296875 0.39661708984375 0.6071604328125 0.49394867343750004 0.59485728359375 0.586176728125 0.58050360859375 0.69444444453125 0.567175196875 0.7939632546875 0.5522063648437501 0.90441819765625 0.5393229164062501 0.9995370367187499 0.54375 0.9995370367187499 0.5479002625 0.9649314671875 0.5595882546875 0.877442403125 0.5768126640625 0.74985418515625 0.59588254609375 0.604039078125 0.60900590546875 0.5026975796875 0.6254101046875 0.3765675125 0.6385334648437501 0.27340332421875 0.6535022968749999 0.154199475 0.6641650265625 0.06488772265625001 0.671875 0 0.66927083359375 0
0 0.83515625 0 0.8589648953125 0.0710848640625 0.8817257218749999 0.13342082265625 0.9055118109375 0.19794400703124998 0.93257873984375 0.26647710703125 0.9651820867187499 0.35104986875 0.9997395835937499 0.43703703671875005 0.9997395835937499 0.43055555546875 0.9678477687499999 0.35068533125 0.9459071523437499 0.29564012812499996 0.9151492781250001 0.21544181953125002 0.88644192890625 0.1392534265625 0.8636811023437501 0.07655293125 0.8374343828124999 0 0.83515625 0
0 0.08880395703125 0.60151878515625 0.13320593515625 0.5392352781249999 0.1676615171875 0.49001248437499995 0.2368105515625 0.3926858515625 0.29231039296875 0.314710778125 0.33824906328125 0.24604660859375 0.37862827734375004 0.1862255515625 0.4225187265625 0.12016229687499999 0.45938670390625 0.06294215546875001 0.4957284171875 0.001665334375 0.49375 0 0.45324204140625 0.0665834375 0.4157888578125 0.12484394531250001 0.37453183515625 0.18778610078125 0.33210440078125003 0.25072825625 0.28850655468749997 0.31367041171875 0.24607911953125 0.37401165234375 0.2018960671875 0.436433625 0.1541891484375 0.5039301890625 0.10810101953125 0.5675459632812501 0.05789118671875 0.63815614140625 0 0.7171296296875 0.00018735 0.7224220625 0.033160971093750005 0.6797895015625001 0.08880395703125 0.60151878515625
0 0.24783473749999999 0.31367041171875 0.23232677890625003 0.33239700390625 0.19709232578125 0.3737010390625 0.14632044375 0.42899014140625 0.10566546796875001 0.47162270156249997 0.04477667890625 0.53224087421875 0.00112410078125 0.5748734343749999 0 0.5800925929687499 0.05058453203125 0.53057553984375 0.09948291328125 0.48194777499999997 0.1543764984375 0.424660271875 0.20702188281249997 0.36637356796875 0.24988295859375 0.31575114453125 0.24783473749999999 0.31367041171875
0 0.39868105546875 0.065614175 0.38009129218750004 0.09883478984375 0.35580524375 0.139409071875 0.32595973749999996 0.18414481875 0.2946512171875 0.22523928437500002 0.26012406328125 0.26581356640625 0.22144784140625 0.30941913125 0.15888342734375 0.370890553125 0.1045413671875 0.41999733515625 0.0459007796875 0.46695976562499997 0.00112410078125 0.50159872109375 0.00074940078125 0.5052624570312501 0.04983513203125 0.46829203281250004 0.0897407078125 0.4349853453125 0.13284176015625 0.3984602578125 0.17292837109375 0.362047440625 0.20683453203125 0.32873701015625 0.24192708359375 0.2923611109375 0.27447916640625 0.25532407421875003 0.31015917578124996 0.21067415703124998 0.34556413828125 0.16021639609375 0.36867977500000004 0.12484394531250001 0.4011587078125 0.0665834375 0.39868105546875 0.065614175
0 0.11128597109375 0.3836930453125 0.1731115109375 0.32773780937499997 0.24520131093750003 0.25228880546875 0.24081226562500002 0.25176862265625 0.20628511249999998 0.28974198906250004 0.16636690625 0.3297362109375 0.12121552734375 0.37203570468749997 0.07906175078125 0.40634159375 0.036867977343750004 0.44111527265625006 0.0046837531250000005 0.46695976562499997 0.00655725390625 0.46929123359374997 0.06290964453125 0.42394923046875005 0.11128597109375 0.3836930453125
1 0.7751302085937499 0.0018518515625 0.76276041640625 0.0018518515625 0.76276041640625 0.15694444453125 0.7692708335937499 0.1546296296875 0.7751302085937499 0.0018518515625
1 0.6891927085937499 0.005324074218750001 0.67916666640625 0 0.67877604140625 0.18009259296875 0.683984375 0.18240740703125 0.6891927085937499 0.005324074218750001
1 0.5979166664062501 0 0.59674479140625 0.146527778125 0.601953125 0.15231481484375 0.6052083335937499 0 0.5979166664062501 0
0 0.38650329765625 0.11490807343750001 0.376287453125 0.134207240625 0.35317181640625 0.17009987499999998 0.3332748125 0.2002704953125 0.3125 0.22940074921875003 0.31396301484375 0.23304203046875 0.3452715359375 0.1862255515625 0.37282673828125 0.14355182500000002 0.38725269765625 0.1182387421875 0.38650329765625 0.11490807343750001
0 0.31191479375000003 0.1612567625 0.2946512171875 0.18466500234375 0.26422050546875 0.22263836874999998 0.24344569296875 0.24812734062500003 0.24812734062500003 0.25072825625 0.27504681640625 0.21639617109375 0.29231039296875 0.19402829765625002 0.31484082421875004 0.16541822734375 0.31191479375000003 0.1612567625
0 0.3780725421875 0.069610978125 0.36495803359375 0.0915933921875 0.35015737421875 0.11524114062499999 0.33123501171875 0.14255262421874998 0.3151229015625 0.16386890468749998 0.31587230234375 0.1671995734375 0.33160971250000004 0.1455502265625 0.35240557578125 0.11524114062499999 0.37151528749999996 0.08359978671875 0.38107014375000003 0.0676125765625 0.3780725421875 0.069610978125
0 0.3741381890625 0.0626165734375 0.3587754796875 0.08959499062500001 0.346410371875 0.10924593671875 0.32823741015625 0.13855582187499998 0.31324940078124996 0.15853983515625 0.31399880078125003 0.1625366375 0.32917416093749996 0.1405542234375 0.34303806953125 0.1182387421875 0.35484112734375 0.10058619765625001 0.3685176859375 0.0776045828125 0.376573740625 0.06195043984375 0.3741381890625 0.0626165734375
0 0.40430155859375 0.0003330671875 0.4024280578125 0.0013322671875000002 0.40299010781250005 0.02298161484375 0.40299010781250005 0.057620570312499994 0.404863609375 0.05795363671875 0.405050959375 0.02764455078125 0.40430155859375 0.0003330671875
0 0.39943045546875 0.00099920078125 0.39736960468750004 0.0006661335937500001 0.395308753125 0.02464694921875 0.3936226015625 0.04130029296875 0.396058153125 0.0442978953125 0.3983063546875 0.01798561171875 0.39943045546875 0.00099920078125
0 0.3887514984375 0.013988808593749999 0.39006295 0.0019984015625 0.38781474843749997 0.001665334375 0.38444244609375 0.026312283593750003 0.37694844140625 0.05528910234374999 0.3788219421875 0.05628830234375 0.38406774609375 0.03663735703125 0.3887514984375 0.013988808593749999
0 0.07718824921875 0.40201172421875003 0.1051034171875 0.37936317578125 0.13601618671875 0.35405009296875 0.1566247 0.336730615625 0.180230815625 0.31574740234375 0.18716276953125 0.30808686406249997 0.180418165625 0.31241673359375 0.16449340546875 0.326738609375 0.14669514374999998 0.34239275234375 0.12814748203124998 0.35738076171875 0.10135641484374999 0.37969624296875 0.07643884921875001 0.39901412187499996 0.0517086328125 0.4176658671875 0.012177757812499999 0.44597655234375005 0.014051259375 0.44764188671875005 0.042528477343749996 0.42699173984375005 0.07718824921875 0.40201172421875003