0 0 0.7899520421874999 0.1218285890625 0.7570776609375 0.45057240078125 0.67005723984375 0.76191212890625 0.5878712875 0.9990234375 0.525390625 0.9972011921874999 0.5149605351562501 0.70725273828125 0.59097132734375 0.3192022109375 0.69017862265625 0 0.7744140625 0 0.7899520421874999
0 0.0016693375 0.9189703523437499 0.2997370046875 0.8015547648437501 0.55112933203125 0.698097153125 0.7744817453125 0.60430847734375 0.9990234375 0.5068359375 0.997704575 0.50237596640625 0.73443540625 0.614630315625 0.483315678125 0.71969345859375 0.24849164609375 0.815091275 0 0.9130859375 0.0016693375 0.9189703523437499
0 0.0012520031250000002 0.98949986640625 0.28813428203125 0.8711711015624999 0.538559715625 0.76287902265625 0.7988683953125 0.646343428125 0.99590037109375 0.5569306929687501 0.99871133984375 0.5491905609375001 0.66232209140625 0.70196472734375 0.45186705546874995 0.7925218484375 0.22915377499999998 0.8885751859375001 0 0.984375 0.0012520031250000002 0.98949986640625
0 0.197265625 0.9990234375 0.4016994203125 0.9075990656249999 0.6091429453125 0.81122370078125 0.84313118828125 0.70389851484375 0.9990234375 0.6279296875 0.99590037109375 0.6236463492187501 0.75997834140625 0.73677289609375 0.571434096875 0.8237933171874999 0.36745233046875 0.91500595859375 0.18487913984374998 0.9982638890625 0.197265625 0.9990234375
0 0.5986328125 0.9990234375 0.7445030609375001 0.92421069609375 0.860784471875 0.8648115335937501 0.9990234375 0.794921875 0.9990234375 0.7900390625 0.7590114476562501 0.9117806312500001 0.587890625 0.9990234375 0.5986328125 0.9990234375
0 0.42384826015625 0.1872583765625 0.63083570703125 0.33522516953125 0.82655444609375 0.46462226171875 0.918267246875 0.5239936937499999 0.9955969023437501 0.57075794921875 0.9955969023437501 0.56489857421875 0.85735793671875 0.48070277890625 0.66103867109375 0.3503266515625 0.527545103125 0.25622181093749996 0.39676273671875 0.1635716578125 0.29850596015624997 0.0855750640625 0.196319265625 0 0.19078205546875 0.0005033828124999999 0.2823977125 0.0770175578125 0.42384826015625 0.1872583765625
0 0.8149766429687499 0.158062178125 0.9317614367187501 0.2245086984375 0.9990234375 0.2626953125 0.9982079578124999 0.25823534140625004 0.9196802515625 0.213434278125 0.77822970390625 0.13238965859375001 0.6659753546875 0.06644652031250001 0.5587548328125 0.0015101484375 0.55321762265625 0.0020135312499999997 0.6735260953125 0.07500402734375 0.8149766429687499 0.158062178125
0 0.3911283828125 0.7530605671874999 0.429888853125 0.76463836953125 0.47267638515625 0.77571278984375 0.52200789296875 0.7872905929687499 0.55321762265625 0.79534471640625 0.595501771875 0.8049089882812501 0.63979945234375 0.81396987734375 0.68560728125 0.82353414921875 0.72587789921875 0.8315882734375 0.763128221875 0.8371254835937499 0.792827803125 0.8436694585937501 0.84316607578125 0.8517235828124999 0.8894772874999999 0.8582675578125001 0.9262242265625 0.8633013851562501 0.9579373390624999 0.8668250640625 0.9990234375 0.869140625 0.99871133984375 0.8648115335937501 0.9624677835937501 0.86279800234375 0.9347817335937499 0.8602810890624999 0.90508215234375 0.85675741015625 0.8633013851562501 0.8507168171874999 0.81749355703125 0.84467622421875 0.78477367890625 0.8386356312500001 0.74500644296875 0.8305815078125001 0.70725273828125 0.82353414921875 0.674029478125 0.81699017421875 0.6458400453124999 0.81094958125 0.60204574765625 0.802392075 0.56127174609375 0.7933311859375001 0.5325789304687499 0.78628382734375 0.50489288046875 0.77923646875 0.46915270624999994 0.7701755796875001 0.43492268046874993 0.7616180734375 0.38508778984375003 0.74752335703125 0.36193218437499997 0.73946923359375 0.32971568906250004 0.72889819609375 0.28994845390625 0.7153068625000001 0.28642477421875 0.71782377578125 0.33877657890625 0.7369523195312501 0.3911283828125 0.7530605671874999
0 0.25873872421875 0.61211340234375 0.3020296390625 0.62822164921875 0.34783746796875004 0.6458400453124999 0.38508778984375003 0.6569144648437499 0.40673324765625 0.663458440625 0.4610985828125 0.68007007109375 0.50237596640625 0.6921512562500001 0.5557345359375 0.7067493554687501 0.60204574765625 0.71832715859375 0.63979945234375 0.72587789921875 0.66748550234375 0.731415109375 0.69970199765625 0.73544217109375 0.73896585078125 0.7414827640625 0.782256765625 0.74752335703125 0.81749355703125 0.752557184375 0.85625402734375 0.75658424609375 0.90155847265625 0.7596045421875 0.95189674609375 0.7641349875000001 0.9966978093750001 0.76614851796875 0.9966978093750001 0.763128221875 0.9705219070312501 0.7621214562499999 0.937298646875 0.7596045421875 0.897028028125 0.75608086328125 0.8602810890624999 0.7530605671874999 0.8245409148437499 0.7500402703125 0.78829735859375 0.74550982578125 0.76665190078125 0.7424895296875 0.7233609859375 0.73594555390625 0.682586984375 0.73040834375 0.654900934375 0.72537451640625 0.6080863398437499 0.7148034796875 0.58040028984375 0.70876288671875 0.5577480671874999 0.7032256765625 0.5260349546875001 0.695171553125 0.495831990625 0.68711742890625 0.46613241015625 0.67805653984375 0.40471971640625004 0.65943137890625 0.37149645625 0.64886034140625 0.32921230703125 0.634765625 0.29296875 0.62067090859375 0.25873872421875 0.6080863398437499 0.224005315625 0.5919780929687499 0.22199178515625 0.5949983890625 0.25873872421875 0.61211340234375
3 0.2294921875 0.9990234375 0.23004150390625 0.9442138671875 0.22393798828125 0.81146240234375 0.24530029296875 0.77484130859375 0.246826171875 0.74127197265625 0.2254638671875 0.74127197265625 0.2193603515625 0.63140869140625 0.21783447265625 0.5780029296875 0.20188802109375 0.5811921296875 0.20188802109375 0.62459490703125 0.18154296875 0.562384259375 0.16900634765625 0.56732177734375 0.20282451953125 0.6631443640625 0.210205078125 0.8526611328125 0.21173095703125 0.99761962890625 0.2294921875 0.9990234375
0 0.7027222937500001 0.05084165625 0.760107925 0.08456829921875 0.8164867914062499 0.115778028125 0.8683352125000001 0.1449742265625 0.9262242265625 0.177190721875 0.99871133984375 0.2169579578125 0.9982079578124999 0.2124275125 0.997704575 0.20588353750000002 0.92974790625 0.16913659765625 0.8386356312500001 0.1193017078125 0.7807466171875 0.0865818296875 0.71732039296875 0.049331507812499995 0.67654639140625 0.02617590234375 0.6322487117187501 0.0010067656249999998 0.61916076015625 0.0020135312499999997 0.65741784765625 0.024162371093750003 0.7027222937500001 0.05084165625
0 0.29045183671874997 0.8799130156249999 0.32518524453125003 0.8894772874999999 0.37149645625 0.9005517078124999 0.44750724843749995 0.91464642421875 0.51244362109375 0.9267276093750001 0.60103898203125 0.94031894296875 0.6644652062499999 0.9453527703125 0.7203406890624999 0.95189674609375 0.78326353125 0.95391027734375 0.8436694585937501 0.95743395625 0.9025652382812501 0.96045425234375 0.9654880796875001 0.9624677835937501 0.99871133984375 0.96397793203125 0.997704575 0.9594474875 0.9513933632812501 0.9594474875 0.88242992890625 0.9564271906249999 0.8220240015625 0.95189674609375 0.75608086328125 0.94988321484375 0.70725273828125 0.945856153125 0.65842461328125 0.94082232578125 0.607079575 0.9367952640625001 0.5547277703125 0.9292445234375 0.48324742265625 0.918170103125 0.4208279640625 0.90508215234375 0.36595924609375 0.8940077320312501 0.30001610859375 0.8794096328125001 0.25248731328125 0.8680555554687499 0.25081797578125 0.87055956171875 0.29045183671874997 0.8799130156249999
0 0.38436498359375004 0 0.5003839476562499 0.08430154921875001 0.64645098828125 0.18404447109375 0.8100460734375 0.29422075312499996 0.9957598828125 0.4160823984375 0.9965945515625 0.4102397171875 0.8868356039062499 0.33762353125 0.734508546875 0.2391326125 0.5659054484375 0.1256176546875 0.3896484375 0 0.38436498359375004 0
0 0.012916500000000001 0 0.045468582812500005 0.20499354531249997 0.08261134453124999 0.43369279765625 0.11684163437499999 0.6306563765625001 0.14888509140625 0.7664595992187501 0.19612630234375 0.9982711226562501 0.20589192734375 0.9982711226562501 0.17317291015625 0.8380898328124999 0.12447102890624999 0.6199752242187501 0.08784993515625 0.41245569296875007 0.045125325781249996 0.1606856734375 0.01936848984375 0 0.012916500000000001 0