0 0 0.9599609375 0.2657530734375 0.8220735140625001 0.49159163125000005 0.70479674296875 0.75311175859375 0.57238148828125 0.9990234375 0.4404296875 0.99697651875 0.4353151484375 0.6769729875 0.6005197296875 0.4490586578125 0.71961449765625 0.17379502109375 0.86203985703125 0 0.951171875 0 0.9599609375
0 0 0.8623046875 0.18565722109375 0.745939265625 0.33699410859375 0.65157530703125 0.61242055078125 0.47172934296875 0.8100665984375001 0.3393954921875 0.9989075742187501 0.20745056484375 0.9973744874999999 0.2033171109375 0.69683527578125 0.41017280156249997 0.48828125 0.5483158296874999 0.22951977421874997 0.7139389125 0.001600921875 0.85489241796875 0 0.8623046875
0 0.00055173046875 0.91780323125 0.3056585453125 0.71835275390625 0.5090932375 0.5827356554687501 0.6755891390625 0.46907018437500003 0.80729166640625 0.37604166640625 0.9990234375 0.2373046875 0.99897541015625 0.23133324765625002 0.8284772031250001 0.35620517421875003 0.6251600921875 0.49868724374999995 0.42344390390625 0.6355660859375 0.15255340781249999 0.813250353125 0.001600921875 0.9109246929687499 0.00055173046875 0.91780323125
0 0.017578125 0.9990234375 0.254347634375 0.8364230226562499 0.5142125703125 0.6560072390625 0.68911105234375 0.53076447734375 0.85989583359375 0.40442708359374996 0.99835584375 0.30124470312499996 0.99697651875 0.2973825921875 0.8396836578125001 0.41383837109375 0.664382684375 0.54191214140625 0.43724620390625 0.7045594984375 0.1753009734375 0.88611039921875 0.012006915625 0.9965740265624999 0.017578125 0.9990234375
0 0.265625 0.9990234375 0.46907018437500003 0.8460873460937499 0.6267610140625 0.72601818671875 0.818071209375 0.577132428125 0.9981749484375 0.437852203125 0.9901703382812499 0.43465035859374995 0.78765368828125 0.59314164921875 0.6355932203125 0.71307269609375 0.44505635234375 0.8580942625000001 0.25934938515625 0.9965740265624999 0.265625 0.9990234375
0 0.884765625 0.9990234375 0.9990234375 0.9384765625 0.99897541015625 0.9333376023437501 0.8779296875 0.9990234375 0.884765625 0.9990234375
0 0.3337922640625 0.5387102968749999 0.44425589140625005 0.5955430328125 0.6075499484375 0.6755891390625 0.77821548359375 0.7536634890625 0.99807997890625 0.8524231992187501 0.99835584375 0.84911281796875 0.8709016390625001 0.7908555328125 0.7660412398437499 0.7436283296874999 0.6323642421875 0.6819928281250001 0.517898309375 0.6251600921875 0.42344390390625 0.57953381171875 0.304975665625 0.517898309375 0.2065189546875 0.46506787890625 0.07052951406249999 0.3922943375 0.0688601765625 0.39479834375 0.1672963625 0.4490586578125 0.3337922640625 0.5387102968749999
0 0.32772775390625003 0.24883033203125 0.49931585468749995 0.3310381359375 0.663455596875 0.40855623203125 0.7627670375 0.45490157109374996 0.9354585984374999 0.53490245390625 0.98897643046875 0.55945444921875 0.98980402578125 0.553937146875 0.804698534375 0.47062588281249995 0.6102136296875 0.38014212578125 0.42207362265625 0.29103769453125 0.2634511828125 0.21351959765625 0.10069076640625 0.1304841984375 0.0066207625 0.080828478125 0.0060690328125 0.08358712890625 0.14841543046875 0.158346575 0.32772775390625003 0.24883033203125
0 0.41730667343750005 0.24008209765625002 0.62317708359375 0.33489583359375 0.79140625 0.40885416640625005 0.909375 0.46067708359375 0.9990234375 0.5 0.99895833359375 0.49583333359375 0.82161458359375 0.41848958359375 0.64296875 0.340625 0.42447916640625005 0.24008209765625002 0.2550979875 0.1587018890625 0.11882062109375 0.0913908015625 0.10033765859374999 0.08256311796875 0.0975790078125 0.08394244375 0.18833862968749998 0.12890845703125 0.41730667343750005 0.24008209765625002
0 0.0019310554687499999 0.92911370078125 0.02703478125 0.92966543046875 0.07834569218750001 0.93076889140625 0.12579449140625001 0.9318723515625 0.170208775 0.9326999468749999 0.22179555078125 0.93104475625 0.25793388046875 0.93159648671875 0.30096883828125 0.9302171609375 0.3340726515625 0.9282861054687499 0.3762800140625 0.9255274539062499 0.4091079625 0.9219412078125 0.449660134375 0.91780323125 0.49048817109375 0.91228592890625 0.53821283515625 0.9040099749999999 0.58538576953125 0.89297537109375 0.624558615625 0.8833200921875 0.67559366171875 0.86925097109375 0.725525246875 0.855457715625 0.7721464515625 0.83973340390625 0.7989053671875 0.83145745078125 0.85573358046875 0.8121468929687501 0.9012513242187501 0.79614671640625 0.93656205859375 0.78262932578125 0.97380384921875 0.76745674453125 0.99835584375 0.75642213984375 0.9990234375 0.751953125 0.99063162109375 0.7566980046875 0.953113965625 0.77242231640625 0.9133893890625 0.7886983578125 0.8766993289062499 0.8019398835937499 0.83890580859375 0.8140779484375 0.80304334375 0.8264918789062501 0.76304290234375 0.84000926875 0.708973340625 0.85738877109375 0.65297272265625 0.8725613523437501 0.59724796953125 0.88745806875 0.53766110546875 0.9009754593749999 0.47945356640625 0.91063073828125 0.43310822734375 0.9169756359375001 0.3812455859375 0.92221707265625 0.32276218203124996 0.9255274539062499 0.2532441734375 0.92801023984375 0.21986449531250002 0.9282861054687499 0.13848428671875 0.92883783515625 0.08248366875 0.9282861054687499 0.04248322734375 0.9271826445312501 0.0024827859375 0.92580331953125 0.0019310554687499999 0.92911370078125
0 0 0.830078125 0.014069121093750001 0.8309057203125001 0.051586775781250004 0.83311264140625 0.08827683593749999 0.8342161015625 0.1161392125 0.83394023671875 0.13600150078125 0.836974753125 0.15034648671875 0.8344919671875 0.170208775 0.83283677578125 0.2096574859375 0.83283677578125 0.27117540625 0.8295263945312501 0.3106241171875 0.82676774375 0.35972810703125 0.821802171875 0.39945268359375 0.8179400601562501 0.44193591093749995 0.81269862265625 0.48552259921875 0.8063537249999999 0.5310403421875 0.79918123203125 0.560833775 0.79449152578125 0.59917902578125 0.78676730234375 0.63200697421875 0.77987067421875 0.6659383828125 0.7718705859375 0.703731903125 0.761111846875 0.74373234453125 0.75035310703125 0.786215571875 0.7360081210937499 0.8173883296875 0.72524938203125 0.84994041328125 0.7147665078125 0.88938912421875 0.69821460078125 0.939596575 0.6775247171875 0.9699417374999999 0.6651107875 0.9671830859374999 0.66180040625 0.91642390546875 0.68414548046875 0.87504413828125 0.70069738671875 0.8427679203125 0.71366304765625 0.79697431171875 0.72855976328125 0.76745674453125 0.73959436796875 0.73104254921875 0.7509048375 0.68635240078125 0.7627670375 0.646351959375 0.7738016421875 0.59145480234375 0.7853879765625 0.55090263046875 0.792836334375 0.5009710453125 0.8008364226562501 0.44248764140625 0.8093882414062501 0.39338365078125 0.8157331390625 0.3373830328125 0.82125044140625 0.28938250390625 0.82538841796875 0.25131311796875 0.828422934375 0.21407132734375 0.8292505296874999 0.15862243984375 0.83035398984375 0.1354497703125 0.83338850625 0.11834613359374999 0.83118158515625 0.07724223125 0.83145745078125 0.035862464843750004 0.82897466484375 0.0019310554687499999 0.82704360859375 0 0.830078125
0 0.2646484375 0.9990234375 0.30345162421875 0.9702176023437501 0.3373830328125 0.9442862820312501 0.37159030703124996 0.91918255625 0.40745277187499995 0.8915960453125 0.44497042734375 0.86428539921875 0.47835010625 0.83862994375 0.50814353828125 0.81683659921875 0.548695709375 0.7856638421875 0.59145480234375 0.75228416328125 0.63090351328125 0.72249073125 0.66538665234375 0.69545595 0.6888351875 0.67642125703125 0.7258011125 0.64800715078125 0.76662914921875 0.61517920234375 0.8033192093749999 0.58731682578125 0.8358712921875 0.5600061796875 0.8744924078125 0.5304886125 0.9034582453125 0.50814353828125 0.9269067796874999 0.48828125 0.953113965625 0.468143096875 0.9522863703125 0.46593617578125 0.92663091484375 0.48524673359375 0.899044403125 0.508419403125 0.853526659375 0.54345427265625 0.82731947421875 0.56359242578125 0.78759489765625 0.59559277890625 0.76883606953125 0.6096619 0.737387446875 0.63366216484375 0.7114561265625 0.65462791328125 0.681938559375 0.6775247171875 0.65048993671875 0.70235257734375 0.61904131328125 0.72773216796875 0.5817995234375 0.755870409375 0.54759224921875 0.7820775953125 0.51200565 0.80856064609375 0.48469500390625003 0.830078125 0.45462570625 0.8521473343749999 0.4234529484375 0.87614759921875 0.3840042375 0.9048375703125 0.35227974921875 0.9285619703125001 0.3310381359375 0.944562146875 0.297934321875 0.969665871875 0.25876147578125 0.9986317093749999 0.2646484375 0.9990234375
0 0.4658203125 0.9990234375 0.4833984375 0.9990234375 0.499867584375 0.99642478828125 0.5395921609375 0.98787296953125 0.57738568125 0.97932115078125 0.61600679765625 0.9685624117187499 0.64717955546875 0.96083818828125 0.69214556875 0.94649320234375 0.73214601015625 0.934631003125 0.76497395859375 0.920837746875 0.8041468046875 0.9064927609375 0.8375264828125 0.89518229140625 0.8678716453125 0.8833200921875 0.890492584375 0.8739406781250001 0.91311352421875 0.8640095335937501 0.91201006328125 0.8623543429687499 0.8747682734375 0.87752692421875 0.83311264140625 0.8940788312500001 0.79642258125 0.90594103125 0.7536634890625 0.92221707265625 0.7280080328125 0.93242408203125 0.6896627828125 0.9442862820312501 0.64276571328125 0.9586312679687501 0.596144509375 0.9707693328125 0.55090263046875 0.9826315328125 0.50455729140625 0.99201094609375 0.4653844453125 0.9989075742187501 0.4658203125 0.9990234375
0 0.740234375 0.9990234375 0.76056011640625 0.9842867234374999 0.78759489765625 0.96414856953125 0.82125044140625 0.9398724398437499 0.85325079453125 0.91449284921875 0.8866304734374999 0.889113259375 0.91532044453125 0.8662164546875 0.94511387734375 0.841940325 0.974907309375 0.8179400601562501 0.99807997890625 0.798077771875 0.99835584375 0.79256046953125 0.97187279296875 0.81545727421875 0.9429069562500001 0.8391816734375 0.9211136124999999 0.8568370406250001 0.8968374820312499 0.877251059375 0.86345780390625 0.90290651484375 0.8350436968749999 0.9255274539062499 0.80828478125 0.94483801171875 0.76580155390625 0.9765625 0.73462879609375 0.9986317093749999 0.740234375 0.9990234375
0 0.41405146562499995 0.24411855546875 0.61653645859375 0.34011961484375003 0.78040033515625 0.41515492578125 0.902332715625 0.47005208359374995 0.9955751234375001 0.51143185 0.994747528125 0.50536281796875 0.8143317445312499 0.42646539531250005 0.63832980234375 0.34674037812499997 0.42122395859374995 0.24411855546875 0.25184277890625 0.16273834765625 0.11556541328125 0.09542726015625 0.09708245078125 0.0865995765625 0.09432379921875 0.0879789015625 0.185083421875 0.132944915625 0.41405146562499995 0.24411855546875