3 0.20989583359375003 0.7648148148437499 0.20161290312500002 0.47416367968750006 0.1978824015625 0.26589912265625004 0.2091899671875 0.26498538046875 0.22221080078125 0.27990984375 0.24088541640625 0.29117933749999997 0.24208470390625 0.28295565312500004 0.22101151328125002 0.2680311890625 0.2328125 0.25 0.2421875 0.24259259296875002 0.24114583359375003 0.21296296328125003 0.21822916640624998 0.240740740625 0.1982250546875 0.2518884015625 0.198053728125 0.2360501953125 0.1906922046875 0.23521505390625 0.19111223125000001 0.21654719218750001 0.21337365625000002 0.233721625 0.2158938171875 0.22625448046875 0.1936323921875 0.20908004765625 0.1915322578125 0.18219832734375002 0.1734375 0.1703703703125 0.1640625 0.18703703671875 0.16510416640625 0.209259259375 0.18229166640625 0.21057347656249997 0.182805646875 0.2598075046875 0.1648163375 0.2652899609375 0.1634457234375 0.2546296296875 0.1536800984375 0.24671052656249998 0.1447711078125 0.25067007812500003 0.1476836625 0.2655945421875 0.14271518671875 0.2652899609375 0.143743146875 0.280214425 0.18537554843749998 0.26894493203125 0.1921875 0.63703703671875 0.20260416640624998 0.9981481484374999 0.2171875 0.9981481484374999 0.20989583359375003 0.7648148148437499
0 0.42608963828124996 0.5762670562500001 0.48691063593750006 0.61860380078125 0.621059484375 0.71119639375 0.761088709375 0.8042114695312501 0.8950109648437501 0.89242202734375 0.9997395835937499 0.96157407421875 0.99917763125 0.9576023390625 0.8896169351562501 0.8856033453125001 0.7274865593750001 0.778823178125 0.5739446273437501 0.676169590625 0.4380880375 0.58169056171875 0.3334018640625 0.50956383984375 0.2513363484375 0.45077972734375005 0.20165158984375 0.41423001953125 0.20245295703125002 0.4181600953125 0.34094024140625 0.5174829437499999 0.42608963828124996 0.5762670562500001
0 0.42212701640625 0.45400238984375 0.55749725859375 0.5400219296875 0.6930443546875 0.62425328515625 0.82451276875 0.7048984468749999 0.9379200265625001 0.7728494625 0.99969161171875 0.8095760234375 0.9990063046875 0.80470272890625 0.921909265625 0.75871101328125 0.7728549890624999 0.6691642296875 0.6296202953125001 0.580943846875 0.49376370625000005 0.49616228046875 0.3595430109375 0.40994623671874997 0.25572916640625 0.33888888906250003 0.20250822343750002 0.30397173515625 0.19959566875 0.30519005859375004 0.31335663359375 0.382249025 0.42212701640625 0.45400238984375
0 0.46160954296875 0.4301075265625 0.6002184140625 0.51448626015625 0.715631853125 0.5826632554687501 0.8514939695312499 0.6615497078125 0.95136088671875 0.71833930703125 0.9997395835937499 0.7458333335937499 0.99917763125 0.74134990234375 0.8786962367187501 0.67353643984375 0.774949596875 0.6130525687499999 0.65020161328125 0.54062126640625 0.5615759406249999 0.48685782578125 0.4725302421875 0.43309438437500003 0.37340389765625004 0.37186379921875 0.301999328125 0.32482078828125 0.2443119515625 0.28752436640625 0.244140625 0.29057017578125 0.36235608515625 0.3679337234375 0.46160954296875 0.4301075265625
0 0.45698924765625 0.3815710875 0.59853830625 0.46520310625 0.7178259406249999 0.533154121875 0.83076343203125 0.5969785578125 0.9194388437500001 0.64665471953125 0.9997395835937499 0.68981481484375 0.9997395835937499 0.6861111109375 0.89603892578125 0.62956871328125 0.79385080625 0.57272998828125 0.6935307015625 0.5156554578125 0.5897177421875 0.45624253281250005 0.49395161328125 0.399492234375 0.39902553749999997 0.34274193515625 0.32877604140625 0.29970760234375 0.24739583359375 0.24790919921875001 0.24739583359375 0.251642771875 0.35190515312500004 0.31737329453125 0.45698924765625 0.3815710875
0 0.353662634375 0.12544802890625 0.48681115625000004 0.1889187578125 0.6149193546875 0.2523894859375 0.74974798359375 0.31810035859374997 0.8656754031249999 0.373357228125 0.9997395835937499 0.4375 0.9992439515625 0.42712066875000004 0.9055779570312501 0.38306451640625 0.791750671875 0.3285543609375 0.64642137109375 0.25836320156250003 0.49605174765625 0.1866786140625 0.36290322578125 0.12246117109375002 0.24151545703125002 0.06347072890625 0.11119791640625001 0 0.1017680921875 0.0006091617187499999 0.22303427421875002 0.061230585156249996 0.353662634375 0.12544802890625
0 0.15498991953125002 0.20235961796875 0.15625 0.19937276015625 0.07014448906250001 0.18219832734375002 0.00126008046875 0.1665173234375 0 0.16950418125 0.0794956140625 0.18762183203125 0.15498991953125002 0.20235961796875
0 0.14100191875 0.24671052656249998 0.14340049375 0.24427387890625002 0.09834155703125 0.23117690078125 0.026212993750000003 0.20802875234374998 0.00042002656249999997 0.1986260453125 0.0011992875 0.20285087734374999 0.05533854140625 0.22051656953125 0.14100191875 0.24671052656249998
0 0.13062836015624998 0.26956391874999996 0.12978830624999999 0.26583034609375 0.08908991250000001 0.25341130624999997 0.02878289453125 0.23391812890625002 0.0001713265625 0.223866959375 0 0.22685185156249998 0.0449428765625 0.2426821984375 0.13062836015624998 0.26956391874999996
0 0.1831317203125 0.40471923515624997 0.18229166640625 0.40173237734375 0.09786626328125 0.36514336953125 0.00102796015625 0.31859161796875 0.00042002656249999997 0.32108721640625004 0.0840053765625 0.36215651171875 0.1831317203125 0.40471923515624997
0 0.000342653125 0.36580165703125 0.050370065625 0.385294834375 0.10279605234375 0.40478801171875 0.14751233515625 0.41971247578125004 0.181606359375 0.42976364531250005 0.1829769734375 0.42793616015625 0.10930646953125 0.40417885 0.05208333359375 0.38306451640625 0.00051398046875 0.363365009375 0.000342653125 0.36580165703125
0 0 0.4981481484375 0.06784539453125 0.47514619921875 0.124211896875 0.4538255359375 0.181606359375 0.43311403515625 0.1802357453125 0.43006822578125004 0.13603344296875 0.44712475625000003 0.089432565625 0.46357212499999995 0.039405153124999995 0.48123781640625 0.0011992875 0.49494395703125005 0 0.4981481484375