0 0 0.1578703703125 0.052521494531250004 0.18681657812500002 0.1252728171875 0.22429453281249997 0.22985284374999998 0.27720458515625 0.26622850546875 0.29484126953125 0.265665375 0.2863910421875 0.21745204999999998 0.26324221015625 0.14676195078125 0.22968705156250002 0.08034560703125 0.19774619609375 0.035987103124999996 0.17432392734375 0 0.15555555546875 0 0.1578703703125
0 0.06343482890624999 0.23682336171875 0.1049754140625 0.2145157578125 0.10351966875 0.2133655390625 0.07569875781249999 0.22860593515625 0.04462695859375 0.24493510624999998 0.0009704968749999999 0.2668507015625 0.00048524843749999996 0.26972624765625 0.027659161718750002 0.25563607109375003 0.06343482890624999 0.23682336171875
0 0.0027497414062499998 0.29790660234375 0.030994836718750002 0.27991247734375 0.0638910453125 0.2579365078125 0.08912396484375 0.24039567499999998 0.116136128125 0.22084196015625 0.11565087968750001 0.21997929609375003 0.08660542734375 0.24055395468750002 0.0496067484375 0.26603693046875 0.0195716875 0.2861168625 0.0008087476562499999 0.29761904765625 0.0027497414062499998 0.29790660234375
0 0.013433597656249999 0.336081759375 0.03497238203125 0.320872025 0.062435300000000006 0.3007821484375 0.0863742234375 0.28209109765624996 0.10723990703125 0.2651253734375 0.1245471015625 0.24959742343750002 0.14136904765625 0.23378191875 0.1405603 0.2323441453125 0.1221955125 0.2500791390625 0.10319616953124999 0.2668507015625 0.07569875781249999 0.28870485390625 0.04464285703125 0.3119967796875 0.0161749484375 0.33212560390625 0.00015009609374999999 0.34328637031250003 0.00015009609374999999 0.34502081328125 0.013433597656249999 0.336081759375
0 0.01681075859375 0.3416853453125 0.03422190234375 0.32914398515625 0.054347825781250005 0.31429721640624997 0.07279658984375001 0.29992528515625 0.09114583359375 0.28509813203125 0.11257763984375 0.2662755921875 0.13117883046875 0.24930986875 0.14389690156249998 0.23524058281250002 0.14300658828124999 0.235834125 0.12470885078125 0.25362318828124997 0.10289085 0.27297470390625 0.08265398515625 0.29014262734375 0.0600090578125 0.30739590546875 0.0375258796875 0.32493673828124997 0.01488095234375 0.34103979765625 0.0005253359375 0.35075781796875 0.00022514375 0.35249226171875 0.01681075859375 0.3416853453125
0 0.154358084375 0.18399810078125 0.17549818828125 0.17023234453125 0.18997061953125 0.15926717343750002 0.1894141734375 0.15669515703125 0.1763069359375 0.16649413359375 0.1628160609375 0.1764798984375 0.1496839390625 0.184789490625 0.1346599 0.19487970859374998 0.1079504984375 0.209718265625 0.10934498046875 0.21053474218749998 0.12898415234375 0.20002374140625 0.154358084375 0.18399810078125
0 0.14634526328125 0.22831592265624998 0.15301501015625002 0.22170462421875 0.163928953125 0.21011396015625 0.17327724375 0.19943019921875 0.1831819796875 0.18696581171874999 0.18997061953125 0.17766698359375 0.18940864375 0.17598343671875 0.17889492734375 0.1900736140625 0.16724896484375001 0.20387623671875002 0.15835274296875 0.2139406484375 0.14590010703125 0.22613960078125 0.14634526328125 0.22831592265624998
0 0.1158520296875 0.2114988921875 0.13586956484374998 0.19956291718750002 0.1499417703125 0.1912238328125 0.164984471875 0.18173452968749998 0.1772774328125 0.17282033593749999 0.18997061953125 0.163224121875 0.1894141734375 0.16144349453125 0.1719417734375 0.17489711953125 0.157220496875 0.18461007578125 0.1420160453125 0.19381182421875 0.12600284687500002 0.20387623671875002 0.11451863359375 0.21020243828125001 0.1158520296875 0.2114988921875
0 0.200097934375 0.16975308671875 0.21089298437499998 0.16421335859375 0.22046454453125 0.15786749453124999 0.22881054140625 0.1513532765625 0.22858796328125003 0.149770496875 0.21997929609375003 0.15614216718750001 0.20844462265625002 0.16342196874999998 0.1997640671875 0.1677746125 0.200097934375 0.16975308671875
0 0.16902820937500002 0.11013342500000001 0.18329326953125 0.11000316562500001 0.20040760859375 0.10984587109374999 0.21846064843750002 0.10802469140625 0.23599249453125 0.10610766015624999 0.2484472046875 0.1038072234375 0.24873130312499997 0.10149572656250001 0.22970085468749998 0.10466128515624999 0.20644141718750003 0.1072333015625 0.18714415078125 0.10783298828125001 0.16902820937500002 0.10725787890625 0.16902820937500002 0.11013342500000001
0 0.0013354703125000001 0.2728315921875 0.009348290625 0.26867679609375 0.02926905234375 0.2581908828125 0.048410790625 0.24869420703124998 0.0686654203125 0.23781259921875 0.08969907421875 0.22613960078125 0.10706018515625 0.21585153515625 0.106169871875 0.2150601453125 0.09314903828125 0.22257834765625 0.07278311953125 0.23385565078125 0.046852742187500004 0.2477049703125 0.018585292187499998 0.26234567890625 0.00022257812499999998 0.27144666015625 0.0013354703125000001 0.2728315921875
3 0.1947463765625 0.16074304140625 0.19959886093749998 0.15786749453124999 0.1992753625 0.1532666203125 0.19118788828125 0.15154129296875002 0.1898938921875 0.1549919484375 0.19409937890625 0.16074304140625 0.19312888203125 0.22975615390624998 0.19426112812500002 0.22946859921875 0.1947463765625 0.16074304140625
3 0.23203792734375 0.15590376718750001 0.23259575546875003 0.13141246875 0.23550724609375 0.13141246875 0.23550724609375 0.12307338359375 0.22984601484375 0.12192316562500001 0.22984601484375 0.1305498046875 0.23192663828125 0.1309749921875 0.23130176015625 0.15614216718750001 0.23203792734375 0.15590376718750001
3 0.24305555546875 0.1808325421875 0.24440346796874998 0.13572578828124998 0.24747670781250003 0.1360133421875 0.24812370625 0.129687140625 0.24197722578124997 0.129687140625 0.24181547656250002 0.1360133421875 0.2437564703125 0.1360133421875 0.2423878203125 0.18063469453125 0.24305555546875 0.1808325421875