0 0.2087747171875 0.23290175781250003 0.23977102109374998 0.3370036703125 0.26640625 0.428240740625 0.26640625 0.42222222187499997 0.24305555546875 0.34367701015624996 0.21302552578124997 0.242325659375 0.1761044625 0.116561596875 0.14244791640625 0 0.141843971875 0.00098502734375 0.17111776015625 0.10260703984375 0.2087747171875 0.23290175781250003
0 0.1439679375 0.08569739921875 0.17361111093749998 0.209810875 0.19956043125 0.3179997375 0.23714538984375003 0.47330575234375 0.23802083359375 0.47361111093749997 0.22240991015625 0.40790790781249997 0.20371601640625 0.33162595234375003 0.180906471875 0.23591410546875 0.16446133671875002 0.1668335 0.14663100625 0.09259259296875 0.12447916640625001 0 0.12429816796875 0.0029550828125 0.1439679375 0.08569739921875
0 0.1821993203125 0.30601523515625 0.20297724609375 0.393354346875 0.22213541640624998 0.47361111093749997 0.22291666640625 0.47361111093749997 0.20713283124999998 0.4069805625 0.18423093984375 0.31094037265624996 0.15985150703125 0.2084975046875 0.13982732734375 0.12303970625 0.13981235234375 0.12674021562499999 0.16206781953125 0.22146703437499998 0.1821993203125 0.30601523515625
0 0.14193631796875 0.23542159218749997 0.1650229015625 0.35395324375000004 0.18854166640625 0.47361111093749997 0.18958333359375 0.47361111093749997 0.17176418437500002 0.3838324140625 0.15484234218749998 0.29696363046875 0.14008939140625 0.22195954843750001 0.12551614140625 0.14681348046875 0.1244703390625 0.14737131171875 0.14193631796875 0.23542159218749997
0 0.1484929078125 0.32210401875 0.16308362890625 0.40960730234375 0.17395833359375 0.47361111093749997 0.175 0.47361111093749997 0.162115240625 0.396646646875 0.1511709515625 0.33195429453125 0.1399046984375 0.2654649328125 0.12926989453124998 0.20061728359375 0.11931146562499999 0.14118728671875 0.11824324296875 0.14014013984375 0.134196696875 0.23648648671875 0.1484929078125 0.32210401875
0 0.13223995234375 0.34541633828124996 0.15104166640625 0.47361111093749997 0.15182291640625 0.47361111093749997 0.1393506203125 0.38777252421875 0.12697621171875 0.30453769375 0.1136783390625 0.21194510078125 0.10533971484375 0.1543209875 0.10453605234375 0.15547018671875 0.12032727578124999 0.2638232203125 0.13223995234375 0.34541633828124996
0 0.10185800859375001 0.13018781171875 0.0853280140625 0.00016417109375 0.0843122046875 0.00065668515625 0.10121158359375 0.130844496875 0.10185800859375001 0.13018781171875
3 0.11717395546875001 0 0.11506353437500001 0.0003283421875 0.11607934375 0.048758865624999995 0.11035387109374999 0.05220646171875 0.10887632968750001 0.03464013671875 0.1061982859375 0.03661019140625 0.10656767109375001 0.055489886718750006 0.1019503546875 0.057788284375 0.10093454453124999 0.048758865624999995 0.09881057890625 0.04925137890625 0.09677896015625001 0.036938534375 0.09483968671875001 0.037431048437499996 0.09650192109375 0.061564223437499996 0.09456264765625 0.06271342265624999 0.09773763046875 0.08432656953124999 0.1164487296875 0.07223535625000001 0.117741578125 0.12394930390625 0.10287381796874999 0.1354412921875 0.102689125 0.130844496875 0.10017903671874999 0.1327930046875 0.10213504765625 0.15415681640625 0.11866504140625 0.141023115625 0.12402112890625001 0.33622274765625 0.12669917265625 0.33638691875000004 0.124205821875 0.23246650937500002 0.12174479140625001 0.14219693984374998 0.12174479140625001 0.13858004140625 0.12418619765625001 0.1494307359375 0.12669917265625 0.14939585 0.12494459218750001 0.13609797734375 0.1393506203125 0.12509850312499998 0.13611849843749999 0.10342789609375 0.1335328015625 0.10539795078125 0.13445626484375 0.1111439453125 0.1260527484375 0.11771079609374999 0.12522163125000002 0.11097977421875001 0.12309766562499999 0.11377068593749999 0.1238364359375 0.11918833749999999 0.12106604609375 0.12115839218749999 0.1201171875 0.06841221796875 0.1287307921875 0.06402679296875 0.12512928515625 0.023476490625 0.12189716328125 0.02364066171875 0.12254358750000001 0.035296821875 0.120419621875 0.03661019140625 0.1209737 0.0458037828125 0.11949615859375 0.0466246390625 0.11823361171874999 0 0.11717395546875001 0
0 0.16613105781249998 0.4726490671875 0.16012854609375 0.43341213515625 0.15292553203125 0.38842920937500003 0.14710771250000002 0.35017730468749997 0.13972000625 0.30388100859375 0.13223995234375 0.25725636953125003 0.1259604015625 0.2160493828125 0.1209737 0.18731941171875 0.11866504140625 0.17352902578125 0.11469414921875001 0.14627659609375002 0.1136783390625 0.14693328046875 0.11820330937500001 0.17796164921875 0.12235889453125 0.20028894140625 0.12642213359375 0.22721302890625 0.131685875 0.2587339109375 0.13815011796875 0.30059758359375 0.1441526296875 0.33819280234375004 0.15061687343750002 0.37907144765625 0.15902038984375 0.43259127890625004 0.16539228749999998 0.47297741015624994 0.16613105781249998 0.4726490671875
0 0.16119791640625 0.47361111093749997 0.15883569765625 0.4575453109375 0.15440307343749998 0.42750197031250003 0.14895463984375 0.38744418203125003 0.1439679375 0.35247570234375003 0.13851950390625 0.31405962734375004 0.133809840625 0.281061203125 0.1286384453125 0.24346598359375 0.12457520703125 0.21670606796874997 0.1238364359375 0.21555686875000002 0.12780732890625 0.24428683984375002 0.13260933828125002 0.27827029140625 0.13879654218749998 0.32193984765625 0.14359855234375002 0.3560874703125 0.14886229296875 0.39319017578125004 0.155695921875 0.44145652734374996 0.1603132390625 0.47330575234375 0.16119791640625 0.47361111093749997
0 0.17139479921875 0.4710073546875 0.1688091015625 0.4568886265625 0.16336066796874998 0.42684528515625003 0.15255614687500002 0.36560940390624996 0.14646128828125 0.33146178125 0.13999704453125 0.29501576015625003 0.134271571875 0.26250985 0.1297466015625 0.23854084609375 0.12900783124999998 0.23673496171875003 0.13177822109374998 0.25315208828125 0.13593380625 0.27794194921875 0.14165927890625002 0.30979117421875 0.14692302031249999 0.339013659375 0.15375664921875 0.37726556328125 0.1596668140625 0.41026398750000004 0.16548463359375 0.44309823984375 0.17028664296875 0.47051484140625 0.17139479921875 0.4710073546875
0 0.11211158203125 0.1273802046875 0.10872763671875 0.10645532499999999 0.10490230703125 0.08082234765625 0.1034310265625 0.08108390859375 0.106814971875 0.10174722734375 0.1106403015625 0.12894957109375 0.11211158203125 0.1273802046875
0 0.11652542343750001 0.1239799125 0.113141478125 0.10357815468750001 0.10902189296875 0.0784682984375 0.10813912421875001 0.0784682984375 0.11108168515625001 0.0978238125 0.11578978359375 0.12450303437500002 0.11652542343750001 0.1239799125
0 0.10504943515625001 0.05257376015625 0.10063559296874999 0.02615609921875 0.099017184375 0.02380205078125 0.10446092265625 0.0551893703125 0.10504943515625001 0.05257376015625
0 0.10549081953124999 0.030864197656249998 0.10137123359375 0.006800585937500001 0.10048846484375 0.007323707812499999 0.10519656328125 0.035310734375 0.10549081953124999 0.030864197656249998
0 0.135063559375 0.10122410546875 0.128148540625 0.06669805390625 0.126971515625 0.06643649296875001 0.134622175 0.10305503281249999 0.135063559375 0.10122410546875