0 0.7696143617187501 0.9929078015625 0.76906028359375 0.90327029140625 0.76850620546875 0.82988573671875 0.76822916640625 0.7737391648437499 0.76795212734375 0.6836091414062501 0.76767508828125 0.5791962171875 0.76822916640625 0.48167848671874997 0.7673980499999999 0.41321907031249994 0.7660128546875 0.41371158359375004 0.76628989375 0.5993892828125 0.7665669328125 0.72793538203125 0.7671210109375 0.81314026796875 0.76767508828125 0.92395587109375 0.76767508828125 0.9978329390624999 0.7696143617187501 0.9929078015625
0 0.7966145835937499 0.9995370367187499 0.79485815625 0.9067277382812501 0.79371675546875 0.83579590234375 0.79233156015625 0.7757092195312499 0.79150044296875 0.69444444453125 0.7890070921875 0.58362884140625 0.7884530140625 0.4777383765625 0.78651374140625 0.40386130781249996 0.78540558515625 0.40189125312499996 0.7881759749999999 0.60135933828125 0.7906693265625 0.7299054375 0.79205452109375 0.82102048828125 0.79371675546875 0.926910953125 0.79505208359375 0.9995370367187499 0.7966145835937499 0.9995370367187499
0 0.8117242906250001 0.9988179671875 0.80839982265625 0.9077029156249999 0.805906471875 0.833825846875 0.8045212765624999 0.77127659609375 0.80119680859375 0.68902679296875 0.797872340625 0.5708234828125 0.7951019500000001 0.47379826640625 0.7928856382812499 0.40632387734375 0.79150044296875 0.40484633593749997 0.796764184375 0.5969267140625 0.80091976953125 0.71759259296875 0.8042442375000001 0.82102048828125 0.80784574453125 0.926910953125 0.81041666640625 0.9995370367187499 0.8117242906250001 0.9988179671875
0 0.09406306953125 0 0.17176115703125 0.08955676953125 0.30453096562500004 0.24134790546875 0.4464082421875 0.40351143515625 0.580743396875 0.5553025703125 0.7240437156249999 0.71544221796875 0.83276411640625 0.8381400523437501 0.9773451726562501 0.99929164140625 0.9850295992187499 0.99929164140625 0.9020662570312499 0.9074580046875 0.77256944453125 0.7624974703125 0.6550261835937501 0.6314511234375 0.50603369765625 0.46422788906249995 0.38834813281249997 0.33166363046875 0.22256375234374998 0.1431896375 0.09790528203125 0 0.09406306953125 0
0 0.8767361109375 0.83712811171875 0.7290243624999999 0.67648249375 0.58487021875 0.52013762421875 0.44043146640625 0.360503946875 0.32217668515625003 0.23021655546875 0.17816484531250001 0.070582878125 0.11540869765624999 0.0005059703125000001 0.11156648437500001 0.00025298515625000003 0.24604394375 0.15128516484375001 0.37596766875 0.29573972890625 0.51727572890625 0.45183161328125 0.66456056484375 0.6137421578125 0.81013775078125 0.7728698640625 0.9995446265625001 0.9793058085937499 0.99968693046875 0.9699453554687499 0.8767361109375 0.83712811171875
0 0.79761498203125 0.66838696640625 0.6501878414062501 0.5163428453125001 0.50589139375 0.3670815625 0.360171903125 0.21554341250000003 0.23067509140625 0.07994333125 0.15511156640624998 0.0005059703125000001 0.15112704921875 0.0007589554687499999 0.291154371875 0.14900829765625 0.43288934453124994 0.29675166953125 0.57618966328125 0.44677190859374993 0.71934767734375 0.594768265625 0.855248178125 0.735175065625 0.9994023226562501 0.8846893343750001 0.99968693046875 0.87532888046875 0.79761498203125 0.66838696640625
0 0.94018974921875 0.1228047296875 0.81792840390625 0.0519474875 0.72953345078125 0 0.7237871671875 0.00043470703125 0.753129890625 0.0178229875 0.87600254296875 0.08998435078125 0.9997395835937499 0.16157407421875 0.99948650234375 0.15823335078125 0.94018974921875 0.1228047296875
0 0.9520491 0.15279951328125002 0.8264866976562499 0.075421665625 0.6978677625 0.000217353125 0.6923660015624999 0.000217353125 0.753741196875 0.03803686328125 0.8749021906250001 0.11063293359375 0.9996087640625 0.18496783203125 0.9996087640625 0.18018605468749999 0.9520491 0.15279951328125002
0 0.9178159234375001 0.17410015625 0.8104704617187499 0.10737263046875001 0.6938331375 0.032385671875 0.64248337265625 0.000217353125 0.63637030546875 0.000217353125 0.73552425703125 0.0634672234375 0.859375 0.14149713125000002 0.9997395835937499 0.22870370390625 0.9993642406250001 0.22561293671875 0.9178159234375001 0.17410015625
1 0.035416666406250005 0.14444444453125 0.0010416664062500001 0 0.00052083359375 0.08240740703125 0.0015625 0.309259259375 0.0734375 0.31296296328125 0.035416666406250005 0.14444444453125
3 0.32591540390625 0.30513468046875 0.3152619953125 0.12976992109375002 0.3235479796875 0.12415824921875 0.3235479796875 0.11714365859375 0.315656565625 0.12135241328124999 0.31447285390625 0.1038159375 0.309343434375 0.10521885546875001 0.3109217171875 0.1248597078125 0.3046085859375 0.12766554453125 0.30579229765625 0.13538159375 0.31052714609375 0.13468013437499998 0.326309975 0.39071268203125 0.33065025234375 0.3893097640625 0.32591540390625 0.30513468046875
0 0.18899936875 0.057519640625 0.22253787890625 0.08207070703125 0.25528724765625 0.10171156015625 0.3034248734375 0.13117283984375 0.30184659062499997 0.1255611671875 0.26909722187499996 0.10662177343749998 0.2158301765625 0.07225028046875001 0.16335227265625002 0.03437149296875 0.12705176796875 0.00491021328125 0.12113320703125 0.00491021328125 0.15427714609375 0.032267115624999995 0.18899936875 0.057519640625
0 0.19965277812499999 0.0476992140625 0.24147727265625002 0.0743546578125 0.2722537875 0.09259259296875 0.30737058046875 0.11223344531249999 0.30579229765625 0.10662177343749998 0.26317866171875004 0.08277216640625 0.22451073203125 0.058922558593749993 0.19255050468749998 0.03717732890625 0.15585542890624998 0.01122334453125 0.142440025 0.00140291796875 0.13888888906250002 0.0056116726562499995 0.16335227265625002 0.0224466890625 0.19965277812499999 0.0476992140625
0 0.21267361093749998 0.04629629609375 0.245028409375 0.06734006718749999 0.27541035390625 0.08557800234375 0.30500315625 0.10241301875 0.30539772734375 0.09750280546875 0.28527462109375 0.0869809203125 0.25410353515625 0.06874298515625 0.22766729765625 0.051206509375 0.19610164140625 0.030864197656249998 0.16966540390625 0.01192480390625 0.153093434375 0.0056116726562499995 0.18347537890625001 0.02735690234375 0.21267361093749998 0.04629629609375
0 0.42850378750000007 0.20763187421875 0.48966224765625005 0.24060044921874998 0.546320921875 0.268420015625 0.6017287234375 0.2940307328125 0.6549202125 0.31767139453125004 0.7070035460937499 0.34081954296875 0.75243794296875 0.359042553125 0.78623670234375 0.37234042578125004 0.7840119953125 0.36826599296875 0.7424645390625 0.35263987421875 0.6826241132812501 0.3275216703125 0.633588209375 0.3058510640625 0.568970959375 0.27567340078125 0.5100288117187499 0.24724192265624997 0.45517508828125 0.21916863671875003 0.40586214531250003 0.19060283671875 0.37123226953125 0.17090228515625 0.31831781953125 0.13938140234375002 0.3191489359375 0.14282899921875 0.360150709375 0.1674546890625 0.42850378750000007 0.20763187421875
0 0.41722074453125 0.177797478125 0.46736480468749997 0.2058707640625 0.5247118796875 0.23492907812500002 0.5695921984375001 0.25807722578125 0.61316287890625 0.2798821546875 0.6561710859375001 0.2995230078125 0.7141729796875 0.3254769921875 0.75718118671875 0.3451178453125 0.79205452109375 0.359042553125 0.79205452109375 0.3560874703125 0.75022163125 0.3388494875 0.703125 0.31767139453125004 0.66295434375 0.2999408984375 0.6108710109375 0.27580772265625 0.57541001796875 0.25807722578125 0.5352393617187501 0.23837667421875 0.47927748203125004 0.2093183609375 0.43024157812499997 0.18223010234374998 0.39588874140625 0.16252955078125 0.33499053046875 0.12766554453125 0.32788825781250003 0.128367003125 0.37523674218749997 0.1543209875 0.41722074453125 0.177797478125
0 0.42137632968750005 0.16843971640625 0.4640151515625 0.19219977578125 0.5216644500000001 0.21916863671875003 0.5591066921875 0.23779461249999997 0.62610815625 0.268420015625 0.6826241132812501 0.29353821875 0.7330452125 0.31570133984375 0.795656028125 0.3418045703125 0.795656028125 0.3388494875 0.75991799609375 0.3245665875 0.702570921875 0.299448384375 0.66208964609375 0.28198653203125 0.60726950390625 0.25758471250000003 0.5480587124999999 0.2293771046875 0.49534574453125 0.203900709375 0.43467420234375 0.17336485390625 0.3965435609375 0.1515151515625 0.3271830671875 0.11574074062499999 0.32709911640625 0.1185465765625 0.37067819140624997 0.141843971875 0.42137632968750005 0.16843971640625
0 0.407591540625 0.27286756484375 0.40558510625000005 0.268420015625 0.367076684375 0.24674940859375 0.3216422875 0.22113869218749999 0.32433712109375 0.225869809375 0.35738031953125 0.24477935390625 0.407591540625 0.27286756484375
0 0.56654476953125 0.34820725 0.600343528125 0.3619976359375 0.673758865625 0.39351851875 0.73074494921875 0.41666666640625005 0.78540558515625 0.43932230078125 0.78485150703125 0.43636721796875 0.75216090390625 0.42208431874999996 0.70201684375 0.40189125312499996 0.65076462734375 0.3816981875 0.609485815625 0.36347517734375 0.55318813125 0.3388047140625 0.49977836875000003 0.31373128437500003 0.41749778359375 0.27334515390625 0.42416351015625003 0.27918069609375 0.48509530156249997 0.31028368828124997 0.56654476953125 0.34820725
3 0.7733585859375001 0.70216049375 0.78480113671875 0.54994388359375 0.79427083359375 0.40824915859375005 0.8171559343749999 0.41105499453125 0.8175505046874999 0.40754769921875 0.81281565625 0.40404040390624996 0.81321022734375 0.3956228953125 0.8104482320312499 0.39351851875 0.8092645203125001 0.40333894531250003 0.80216224765625 0.4019360265625 0.80255681796875 0.39141414140625 0.79940025234375 0.39141414140625 0.7997948234375001 0.40333894531250003 0.795059975 0.40123456796875 0.7954545453125 0.386503928125 0.8080808078124999 0.37528058359375 0.80847537890625 0.3640572390625 0.8049242421875 0.361251403125 0.8053188132812499 0.37317620625000003 0.7954545453125 0.38299663281249996 0.7966382578125 0.36475869843750003 0.80064273046875 0.3427895984375 0.79427083359375 0.348625140625 0.789838209375 0.39992119765625 0.7753314390625 0.3963243546875 0.77572601015625 0.386503928125 0.77375315625 0.386503928125 0.7721748734375 0.39421997734374997 0.76625631328125 0.3963243546875 0.765467171875 0.41035353515625 0.7690183078125 0.40965207656249997 0.7690183078125 0.4019360265625 0.78928413125 0.40484633593749997 0.77598625859375 0.57968873125 0.76112689375 0.7751122335937499 0.765467171875 0.7828282828125 0.7733585859375001 0.70216049375
0 0.9990026593750001 0.6225374312499999 0.967092803125 0.5962401796875 0.92364805 0.5585106382812499 0.8901263296874999 0.5284672968749999 0.84801640078125 0.49054373515625 0.8180961882812501 0.4634554765625 0.79343971640625 0.4417848703125 0.79316267734375 0.44473995234375 0.8424756203125 0.48808116640625 0.91035017734375 0.54964538984375 0.95661569140625 0.59003152109375 0.99789450390625 0.6254925140625 0.9990026593750001 0.6225374312499999
0 0.9995567375000001 0.54964538984375 0.9812721632812501 0.53339243515625 0.9496897164062499 0.50827423203125 0.912247475 0.476290684375 0.8715647164062499 0.44227738359375 0.83028590390625 0.40681639062499997 0.8034131203125 0.38366824296875 0.7995345742187501 0.3821907015625 0.8142176421875 0.3954885734375 0.8621453898437499 0.43735224609375 0.9045323578125 0.47330575234375 0.95633865234375 0.5171394796875 0.9997395835937499 0.5513888890625 0.9995567375000001 0.54964538984375
0 0.9997395835937499 0.5125 0.9688054078125001 0.48906619375 0.92503324453125 0.4550827421875 0.8905460859375 0.4278900109375 0.84884751796875 0.3954885734375 0.810842803125 0.36546015703125 0.80886994921875 0.367564534375 0.83942819140625 0.39105594921875003 0.87433510625 0.418636721875 0.91737689375 0.45173961875 0.9607712765624999 0.48561859765625004 0.9997395835937499 0.515277778125 0.9997395835937499 0.5125
0 0.9984485812499999 0.49005122109375004 0.9746232265625 0.472320725 0.9228169328125 0.4348896765625 0.874889184375 0.39844365625 0.8338874117187499 0.36692277421875 0.8023049648437499 0.34377462578125 0.80216224765625 0.34722222187499996 0.8496786343749999 0.3821907015625 0.8890181734375 0.41223404218750004 0.92558732265625 0.43932230078125 0.9643727835937501 0.46838061484375004 0.9997395835937499 0.49444444453124997 0.9984485812499999 0.49005122109375004
0 0.8421985812499999 0.9934003148437499 0.83859707421875 0.9141055953125001 0.8344414890625 0.82791568125 0.83111702109375 0.750098503125 0.8269614359374999 0.6614460203125 0.8236369679687501 0.57328605234375 0.8205895390625001 0.49152876250000005 0.8175421101562501 0.41715918046875 0.8161569148437501 0.41617415312499995 0.81726507109375 0.45065011796875 0.82280585078125 0.5875689515625 0.827792553125 0.71463751015625 0.8325022164062499 0.8096926710937501 0.8374889187500001 0.9323286054687501 0.84109042578125 0.9988179671875 0.8421985812499999 0.9934003148437499