1 0.8681640625 0.85418701171875 0.84375 0.6695556640625 0.81781005859375 0.35369873046875 0.82391357421875 0.29266357421875 0.8468017578125 0.12176513671875 0.88800048828125 0.1904296875 0.94140625 0.0958251953125 0.85595703125 0.04852294921875 0.86053466796875 0.00274658203125 0.8345947265625 0.06072998046875 0.73236083984375 0.0592041015625 0.701171875 0 0.703369140625 0.04852294921875 0.61639404296875 0.09429931640625 0.678955078125 0.1904296875 0.715576171875 0.12786865234375 0.72320556640625 0.18890380859375 0.74761962890625 0.35980224609375 0.73388671875 0.45135498046875 0.70794677734375 0.66497802734375 0.697265625 0.8251953125 0.7125244140625 0.85113525390625 0.73541259765625 0.855712890625 0.7918701171875 0.76263427734375 0.849853515625 0.843505859375 0.8681640625 0.85418701171875
1 0.34872285000000003 0.9232324914062501 0.31121826171875 0.50933837890625 0.36696913828125 0.50587150625 0.3096923828125 0.45440673828125 0.3035888671875 0.35064697265625 0.37573415312499997 0.34560616171874997 0.30816650390625 0.29571533203125 0.3064744015625 0.18804022578125 0.355648825 0.18977171953125 0.35599512421875 0.260762965625 0.36257480078125004 0.26007036796875 0.36257480078125004 0.18942542109375 0.30816650390625 0.14312744140625 0.32936238359375 0.0903775234375 0.24444390546875 0.08916440234375 0.2663037453125 0.13921210078125 0.2120361328125 0.18585205078125 0.21262743828125 0.2628407578125 0.21782191953125 0.26387965390625 0.21816821796875 0.18804022578125 0.2669677734375 0.18890380859375 0.2673426421875 0.29296875 0.19830322265625 0.34759521484375 0.26849365234375 0.3521728515625 0.26643172578124996 0.45431385859375 0.20745849609375 0.50628662109375 0.2680352390625 0.5094054742187499 0.2486572265625 0.6939697265625 0.23797607421875 0.81146240234375 0.22576904296875 0.95794677734375 0.28680419921875 0.86944580078125 0.337158203125 0.94573974609375 0.34872285000000003 0.9232324914062501
1 0.63264266328125 0.47448199765625 0.6538722828125 0.40017832890625 0.65705672578125 0.35028872265625 0.71225373671875 0.34498131796875 0.66236413046875 0.329059103125 0.67297893984375 0.30146059765625 0.646441915625 0.329059103125 0.5859375 0.32799762265625 0.56046195625 0.30146059765625 0.5678923234375 0.32799762265625 0.52649456484375 0.34498131796875 0.57532268984375 0.3481657609375 0.5785071328125 0.3980553671875 0.598675271875 0.475543478125 0.58912194296875 0.56046195625 0.5795686140625 0.64325747265625 0.5933678671875 0.65493376328125 0.62096637265625 0.5923063859375 0.65068783984375 0.65811820625 0.63264266328125 0.47448199765625
1 0.3969938859375 0.3003991171875 0.43010305859375003 0.29920212734375 0.3985102875 0.27719817578125 0.3980553671875 0.23352581484375 0.42762519374999997 0.23352581484375 0.3980553671875 0.2133576765625 0.41036402890624996 0.19323470781250002 0.37045686171875 0.19318953828125002 0.38107167109375 0.2133576765625 0.36696913828125 0.235345496875 0.3831946328125 0.23352581484375 0.38107167109375 0.27704653515625 0.3609035328125 0.2993376359375 0.38213315234375 0.30146059765625 0.3598420515625 0.63688858671875 0.390625 0.5474983375 0.4138270171875 0.63026374140625 0.42213818671875 0.63026374140625 0.3969938859375 0.3003991171875
0 0.6429541921874999 0.25960791953125 0.6635772515625 0.21714868046875 0.67752814453125 0.18924689453125002 0.66600349375 0.1850009703125 0.65447884296875 0.21350931640624998 0.6362820265625 0.24868982890625002 0.616265528125 0.28872282578125 0.5980687109375 0.32450989921875 0.606560559375 0.325116459375 0.62536393671875 0.29478843203125 0.6429541921874999 0.25960791953125
0 0.686626553125 0.33482142890625 0.69997088515625 0.31541149062499996 0.720994015625 0.28604277499999997 0.74800531953125 0.24517952109375002 0.7642813609375 0.21816821796875 0.77943031796875 0.19349281796875 0.776397515625 0.18560753125 0.750921971875 0.2232142859375 0.72726611015625 0.26203416171875 0.70118400625 0.29964091640625 0.67934782578125 0.32996894375 0.686626553125 0.33482142890625
0 0.92669547890625 0.4397994234375 0.96755873203125 0.47269780546874995 0.99839868046875 0.49737965859375005 0.9990234375 0.494140625 0.9661735374999999 0.46750332421875 0.92184729609375 0.43183455234375 0.88617852421875 0.40170656015625 0.84600786796875 0.367076684375 0.8193428632812501 0.341796875 0.8183039671874999 0.34699135625 0.8636691046875 0.38646941484375 0.92669547890625 0.4397994234375
0 0.8827155367187499 0.380928634375 0.9208084 0.41174922421875 0.95108695625 0.43369080000000004 0.9771690609375 0.45431385859375 0.9990234375 0.470703125 0.9990234375 0.466796875 0.96236425078125 0.439453125 0.91526761953125 0.4041306515625 0.8892952125000001 0.38196753125 0.8539727390625 0.3521858375 0.8217669546874999 0.32413563828125 0.82072805859375 0.328637521875 0.84947085546875 0.35287843515625 0.8827155367187499 0.380928634375
0 0.8622839093750001 0.37504155546875 0.8899258265625001 0.39784472265625 0.91180463203125 0.4155585109375 0.94806359453125 0.444582928125 0.9693427773437501 0.46092230078125 0.9990234375 0.4833984375 0.9989816390625 0.4791616 0.9761825148437501 0.46244224218749996 0.9476836085937499 0.43964311796875 0.9159602171874999 0.41521221171875 0.8838460601562501 0.38872507265625 0.85812832421875 0.36776928203125003 0.82107435703125 0.33383200390625 0.8196285265625001 0.33590710078125 0.8352079281250001 0.35072653203125 0.8622839093750001 0.37504155546875
0 0.84566156953125 0.23998503984375003 0.8920656031249999 0.2708056296875 0.9453956117187501 0.302665115625 0.996647828125 0.3334857046875 0.9987256203125 0.3314079125 0.9737921101562501 0.31547816953124996 0.9315436617187499 0.29089095781249996 0.9003767734375 0.2725371234375 0.8532801421875 0.24171653359374998 0.8286929296875 0.22509419296875 0.8054909132812501 0.20777925546875 0.7826351953125 0.1904643171875 0.78298149375 0.19461990234374998 0.8079150046875 0.21332003515625 0.84566156953125 0.23998503984375003
0 0.9561308734375 0.22924977812499997 0.9987256203125 0.24968140546875 0.99768672421875 0.24587211875 0.96721243359375 0.23202016875 0.93535294765625 0.21574412656250003 0.8910267062499999 0.1921958109375 0.8896415117187499 0.19461990234374998 0.92150099765625 0.21158854140625 0.9561308734375 0.22924977812499997
0 0.9523215867187499 0.21851451718749998 0.9807180851562499 0.230981271875 0.9990234375 0.2392578125 0.9990234375 0.2353515625 0.97586990234375 0.22440159609375 0.94885859921875 0.21124224296875 0.9249639851562501 0.19877548750000001 0.89483599296875 0.18457723828125 0.8924119015624999 0.188386525 0.9235787898437501 0.20396996875 0.9523215867187499 0.21851451718749998
0 0.8234984484375 0.21574412656250003 0.84947085546875 0.2337516625 0.87128767734375 0.2476036125 0.8993378765625 0.26491855078125004 0.9253102835937501 0.279809396875 0.95543827578125 0.29643173749999996 0.9986771390625 0.3193359375 0.998379321875 0.316517065625 0.96409574453125 0.29816323125 0.9315436617187499 0.28050199453125 0.89448969453125 0.25903147187500003 0.8605524156250001 0.23790724765625 0.83942819140625 0.22370899843749997 0.8148409796875 0.206740359375 0.78575188359375 0.18423093984375 0.7867907804687501 0.18907912265625 0.80237422421875 0.20050698125 0.8234984484375 0.21574412656250003
0 0.82189162265625 0.21032801406249998 0.84786402890625 0.22833555 0.86968085078125 0.2421875 0.89773105078125 0.25950243828124997 0.9237034578125 0.274393284375 0.95383144921875 0.291015625 0.9970703125 0.31391982500000004 0.9967724953125 0.311100953125 0.9624889187500001 0.29274711875000003 0.9299368351562499 0.27508588203125 0.89288286796875 0.253615359375 0.8589455898437499 0.23249113437500002 0.8378213656250001 0.21829288593750001 0.813234153125 0.20132424609375002 0.7841450578125 0.17881482734375 0.7851839539062501 0.183663009375 0.8007673984375 0.19509086874999998 0.82189162265625 0.21032801406249998
0 0.09557845781249999 0.998379321875 0.10943040781249999 0.9724069148437501 0.14059729609375 0.913882425 0.161375221875 0.87336546953125 0.1870013296875 0.8234984484375 0.21609042578125 0.7673980499999999 0.255568484375 0.69121232265625 0.28084829375 0.63892121015625 0.31236148046875 0.57347074453125 0.3317542109375 0.52983710078125 0.358419215625 0.46404033671875 0.37261746484375 0.42837156484375 0.37261746484375 0.42179188828124997 0.361882203125 0.44880319140624997 0.35045434375 0.47893118359375003 0.33071531484375 0.5267204125 0.302665115625 0.58836159140625 0.27219082421874996 0.6500027703125 0.23479055859375003 0.7254959000000001 0.19981438359374998 0.79233156015625 0.16068262421875 0.8667857937500001 0.1191267734375 0.9453956117187501 0.090730275 0.9980330234375 0.09557845781249999 0.998379321875
0 0.25660738046875 0.99768672421875 0.27703900703125 0.9235787898437501 0.29435394531250003 0.85985981796875 0.32101894921874996 0.7597794765625 0.33833388750000004 0.6936364140625 0.36292109921875004 0.58836159140625 0.36257480078125004 0.57797262890625 0.34872285000000003 0.63857491171875 0.33417830234375 0.6974457000000001 0.31547816953124996 0.76843694609375 0.30024102421875 0.82488364375 0.28050199453125 0.89829898046875 0.26353335546875 0.961671653125 0.2529296875 0.9990234375 0.25660738046875 0.99768672421875
0 0.00069259765625 0.5966727617187499 0.0588707890625 0.54922983125 0.1042359265625 0.510098071875 0.15721963671875 0.4643866359375 0.19912178671875 0.422830784375 0.19704399374999998 0.41971409609375004 0.15410294765625 0.4626551421875 0.1128933953125 0.49936281015625 0.06822085546875 0.53814827109375 0.030474290625 0.569315159375 0.00103889609375 0.59217087734375 0.00069259765625 0.5966727617187499
0 0.15375664921875 0.3012799203125 0.20812555390625 0.29920212734375 0.262494459375 0.29400764609375 0.2995484265625 0.2863890734375 0.33244680859375003 0.27392231796875 0.35391733125 0.262494459375 0.35426363046875 0.2593777703125 0.3334857046875 0.27045933046875004 0.304396609375 0.28223348828125 0.27530751328125 0.28950576250000004 0.2375609484375 0.29400764609375 0.19877548750000001 0.29712433515625 0.16760859921875 0.29747063359375 0.122936059375 0.29816323125 0.06129488046875 0.29643173749999996 0.02077792578125 0.29470024375000003 0.0204316265625 0.2995484265625 0.08795988437499999 0.30058732265625 0.15375664921875 0.3012799203125
0 0.050905917187500004 0.3144392734375 0.0772246234375 0.3082058953125 0.10250443281249999 0.30197251796875 0.13886580234375 0.2926224515625 0.16726230078124998 0.2829260859375 0.19150321328125 0.27392231796875 0.21193484062499998 0.26526484921875004 0.20985704765625002 0.26353335546875 0.1818068484375 0.274614915625 0.14994736250000001 0.28604277499999997 0.11878047421875 0.29539284140625 0.0806876109375 0.3047429078125 0.04432624140625 0.3134003765625 0 0.32067265078124996 0.0017314937499999998 0.323443040625 0.022509419531249998 0.3203263515625 0.050905917187500004 0.3144392734375
3 0.49589982265625 0.9980330234375 0.49589982265625 0.89795268203125 0.49624612109375 0.82280585078125 0.49659242031249995 0.77951850625 0.5017869015625 0.7781333109374999 0.50767398046875 0.78298149375 0.5121758640625 0.78125 0.504903590625 0.77224623203125 0.49486092656249997 0.77397772578125 0.49451462734374996 0.7632424648437499 0.50247949921875 0.76878324453125 0.5055961882812501 0.766359153125 0.49555352421875 0.759433178125 0.49589982265625 0.7528535015625 0.49105163984375 0.7528535015625 0.48966644531250003 0.7764018171875 0.47754598828125 0.7791722078125 0.47997007968750005 0.78194259765625 0.48689605468749997 0.7895611703125 0.49105163984375 0.7867907804687501 0.4851645609375 0.78021110390625 0.4917442375 0.78055740234375 0.4913979390625 0.79371675546875 0.49105163984375 0.858820921875 0.4917442375 0.9318899601562499 0.49070534140625 0.998379321875 0.49589982265625 0.9980330234375
1 0.46819592187500003 0.49416832890625007 0.46715702578125 0.4494957890625 0.478584884375 0.37504155546875 0.478584884375 0.35980441015625 0.471658909375 0.37469525703125 0.44603280156249997 0.37504155546875 0.43702903359375 0.35911181328124997 0.45157358125 0.449149490625 0.449149490625 0.49312943281250005 0.46819592187500003 0.49416832890625007
0 0.00439893046875 0.93873170078125 0.11004638671875 0.9442138671875 0.1794763515625 0.9457699890625 0.26263427734375 0.94573974609375 0.3334389078125 0.94049127265625 0.4136962890625 0.93353271484375 0.486521678125 0.9246551242187501 0.4874014640625 0.9193764078125 0.44573974609375 0.92437744140625 0.32552083359375 0.936972128125 0.2340230859375 0.94049127265625 0.1512451171875 0.93963623046875 0.07918074296875 0.93873170078125 0 0.931640625 0.00439893046875 0.93873170078125
0 0.70703125 0.9990234375 0.65325927734375 0.9808349609375 0.60443115234375 0.96405029296875 0.5472269140625 0.9413710585937499 0.50675675703125 0.9237753375000001 0.5005982546875 0.92641469609375 0.551025390625 0.94879150390625 0.6181640625 0.9747314453125 0.6875 0.9990234375 0.70703125 0.9990234375
0 0.1256176546875 0.7132244921875001 0.18446180546875 0.62391493046875 0.2136752140625 0.57425213671875 0.20892033828124998 0.573930584375 0.17361111093749998 0.6330962875 0.11977497343750002 0.71489383046875 0.0721988515625 0.7837540062499999 0.03463875546875 0.8363381414062501 0 0.8837890625 0.000417334375 0.8897569445312501 0.053836137500000006 0.81630608984375 0.1256176546875 0.7132244921875001
3 0.10808961015625 0.8730635687499999 0.1056608609375 0.79165599375 0.10405993828125 0.6843942109375 0.100577590625 0.58009481875 0.11126408828125 0.577132428125 0.10806224375 0.5379098359375 0.06243596328124999 0.5403112195312499 0.06243596328124999 0.56912781796875 0.07684426250000001 0.56992827890625 0.09205302265625001 0.5779328890625 0.09365394453125 0.60835041015625 0.08324795078125 0.60915087109375 0.0776447234375 0.62115778671875 0.09605532812499999 0.62836193671875 0.09765625 0.6739882171875 0.09925717187500001 0.78765368828125 0.10141225937500001 0.8722288992187501 0.10808961015625 0.8730635687499999
0 0.9982638890625 0.9177183492187501 0.9728064906249999 0.9072849890624999 0.93816773515625 0.89059161328125 0.9018596421874999 0.874315571875 0.87139423046875 0.8592915328125 0.86680355234375 0.8609608710937501 0.927317040625 0.88933961015625 0.96905048046875 0.9093716609375001 0.9970118859375001 0.9218916937499999 0.9982638890625 0.9177183492187501
0 0.9970118859375001 0.93190771875 0.973223825 0.92022235546875 0.9435930820312499 0.9051983171875 0.9064503203125 0.8855836007812499 0.8751502406249999 0.8701422273437499 0.8722288992187501 0.8730635687499999 0.9143796742187501 0.89393028828125 0.9565304484375 0.91563167734375 0.99409054453125 0.93524639453125 0.9970118859375001 0.93190771875
3 0.86328125 0.9990234375 0.86638621796875 0.92022235546875 0.8868356039062499 0.923143696875 0.88641826953125 0.91354500546875 0.86596888359375 0.9068676546875001 0.86680355234375 0.86680355234375 0.8588741984375 0.86680355234375 0.8588741984375 0.9043636484375 0.8388421476562501 0.8985209671875 0.835503471875 0.91396233984375 0.8592915328125 0.91730101484375 0.8576221953125 0.9982638890625 0.86328125 0.9990234375