0 0.0001747765625 0.035110614062500003 0.016079417968750002 0.0276534921875 0.0363534671875 0.01708923671875 0.05592841171875 0.007457121875 0.06886185703125 0.00031071328124999997 0.06379334453124999 0 0.04911213671875 0.0080785484375 0.02534256171875 0.0198856578125 0.013632549999999998 0.02578921171875 0.00052432890625 0.0320034796875 0.0001747765625 0.035110614062500003
0 0.08255208359375 0 0.05872483203124999 0.013360675781250001 0.0279672828125 0.0301577984375 0.016079417968750002 0.0363534671875 0 0.04490740703125 0.00069910546875 0.045985582812499995 0.01265404921875 0.03993870625 0.029187639843750002 0.03107133984375 0.08567708359375001 0 0.08255208359375 0
0 0.20466303125000002 0 0.19604606796875 0.00749869609375 0.16230193671874998 0.03570031328125 0.10923517890625001 0.076746209375 0.06187080546875 0.11216753671874999 0 0.15740740703125 0 0.1600174 0.060123042187499996 0.11558538437500002 0.11290548125 0.0761247828125 0.13662705390625002 0.057218310156249994 0.1534535796875 0.044432015625 0.19008582734374999 0.014345331250000001 0.20651041640624998 0 0.20466303125000002 0
0 0 0.17268518515625 0.061436129687499993 0.12623353203125 0.11425322734375001 0.0844418359375 0.1375440140625 0.065695096875 0.15762543984375 0.049230568749999995 0.184033890625 0.026571465625000002 0.21209286953125 0.0011411062499999999 0.21171875 0 0.19622946015625 0.014019300781249999 0.1636773765625 0.04238393359375 0.11067708359374999 0.08525691171875 0.06318389218750001 0.12281568515625 0 0.17083333359375 0 0.17268518515625
1 0.11661807578125001 0.3975002703125 0.12572886328125 0.3714501671875 0.14918913984374998 0.30045351484375 0.15260568515625 0.2996436671875 0.20628340625 0.37347478671875 0.20924441171875002 0.378738796875 0.21266095703125001 0.37522945703125 0.2096999515625 0.36119209609374997 0.17872327500000001 0.2252726484375 0.17348457265625 0.1996274703125 0.1724975703125 0.20084224140625 0.17887512109374998 0.13173523359375 0.18024173984375 0.13173523359375 0.180849125 0.11256883671875 0.1832027453125 0.09569700859375 0.18350643828125 0.08881330312499999 0.18631559765625 0.062223302343749995 0.18745444609375 0.061413453906250005 0.18745444609375 0.0476460421875 0.1910228375 0.014712234375 0.192237609375 0.0151171578125 0.19261722578125 0 0.017841958593750002 0.00026994921875 0.0471483234375 0.0726163484375 0.0494260203125 0.07720548515625 0.07736576796875 0.147392290625 0.0892857140625 0.17533203749999998 0.08951348359375 0.17830147968750001 0.1006741984375 0.20381168359375001 0.1029518953125 0.25172767500000004 0.10530551484374999 0.33284742500000003 0.1091016765625 0.4030342296875 0.11024052499999999 0.40384407734375005 0.1101646015625 0.41126768203125 0.11358114687500001 0.41153763125 0.11661807578125001 0.3975002703125
1 0.40661196874999994 0.277956528125 0.42280003203125 0.24721149687500002 0.4324525421875 0.252752753125 0.44120012890625004 0.32711282734374997 0.4450209140625 0.325325325 0.4455236484375 0.321750321875 0.47116312734375 0.25650650625 0.49770752890625003 0.2486414984375 0.5299831078125 0.2981552984375 0.5295809203124999 0.3011940515625 0.531591859375 0.303339053125 0.53390443984375 0.3011940515625 0.5314913125 0.29136279140625 0.49217744531249996 0.0502288 0.48373149921875 0.0003575 0.43949083046875004 0 0.40580759296875 0.26866151875 0.403092825 0.27867152890625 0.40661196874999994 0.277956528125
0 0.42762628671874997 0.00017875 0.4266208171875 0.0003575 0.43486566953125 0.03324753359375 0.43536840390625003 0.030566280468750002 0.42762628671874997 0.00017875
0 0.50846605546875 0.3019090515625 0.53641811484375 0.40075790078124995 0.5913167632812499 0.5920205921874999 0.6579794078125001 0.8217145718750001 0.709660553125 0.99921349921875 0.71197313359375 0.9993922492187499 0.6946790539062501 0.94004718984375 0.624698359375 0.7017732015625 0.55894063671875 0.47422422421875005 0.52706724609375 0.36375661406250004 0.49479166640625005 0.24917774921875 0.49388674374999997 0.249714 0.50846605546875 0.3019090515625
0 0.9004987132812501 0.8510296007812499 0.8293114546875 0.7144644648437499 0.7494771554687499 0.56038181015625 0.66652590078125 0.39932789921875 0.60740427890625 0.28367653359375 0.5411438226562499 0.15283140312500001 0.49328346171875 0.05612755625 0.49388674374999997 0.06023881015625 0.56939752265625 0.21342771328125001 0.64289736171875 0.35839410859375 0.6899533460937499 0.45098670078124997 0.7730051476562501 0.6132918632812501 0.8737532171875 0.8090233093749999 0.9721887062500001 0.9990347492187499 0.978125 0.9995370367187499 0.9004987132812501 0.8510296007812499
0 0.9543918921874999 0.57879307890625 0.8601793757812499 0.45420420390625005 0.77561936953125 0.34123409140625 0.6789937257812501 0.20967395937500002 0.631535553125 0.14407264375 0.5781451093750001 0.06667381640625 0.5485842984375 0.02234377265625 0.53411458359375 0 0.5332006109375 0.0007150007812500001 0.60106981953125 0.10170885156250001 0.65063947890625 0.17231517265625002 0.734194015625 0.28689403671874997 0.8162403476562501 0.39789789765625 0.909346846875 0.5214142710937499 0.9994369367187501 0.6399256398437501 0.9997385781249999 0.6377806374999999 0.9543918921874999 0.57879307890625
0 0.9528836875 0.64618189609375 0.8893379984375 0.56359931328125 0.8406732625 0.4985342484375 0.78637789609375 0.42417417421875003 0.75390122265625 0.377877878125 0.71539173125 0.32121407109375 0.67929536640625 0.26490776484375 0.6390765765624999 0.19751894765625 0.61967101015625 0.1626626625 0.5971484874999999 0.11976261953125 0.59734958203125 0.12244387265625001 0.62268741953125 0.1705276703125 0.65978925390625 0.23541398515625 0.69900257421875 0.29779779765625 0.73338963984375 0.34963535 0.768480534375 0.40040040078125 0.8138272203125 0.4636779640625 0.8652067242187499 0.53356928359375 0.9173906046875 0.6018518515625 0.99953748359375 0.7076719578125 0.9997385781249999 0.70534820546875 0.9528836875 0.64618189609375
0 0.92885296015625 0.61936936953125 0.86761985234375 0.540719290625 0.8055823679687499 0.45867295859375 0.73389237421875 0.35857285859375 0.6902549875 0.2920777921875 0.6702461390625001 0.26133276171875003 0.63947876484375 0.21021021015625002 0.61625241328125 0.16909766875 0.59644465859375 0.13138138125 0.59614301796875 0.13352638359375 0.62449726484375 0.18643643671875001 0.65878378359375 0.24470899453125 0.6807030242187501 0.28010153046875 0.71177203984375 0.32747032734375 0.75390122265625 0.3889603890625 0.8235802765625 0.484234234375 0.88692487109375 0.56788931796875 0.9678651867187501 0.6703131703125 0.9997385781249999 0.70981696015625 0.9994369367187501 0.7078507078125 0.92885296015625 0.61936936953125
0 0.95972088125 0.6998069499999999 0.89587355234375 0.61472186484375 0.83946669921875 0.5373230375 0.78667953671875 0.4626054625 0.7449525421875001 0.40129415156250003 0.70583976796875 0.34087659062500003 0.6606941765625 0.26669526640624996 0.63505469765625 0.22075647109375002 0.6140403796875 0.18161018125 0.59594192421875 0.1449663953125 0.5962435648437501 0.14729014765624998 0.618866634375 0.1923351921875 0.64722088125 0.24578149609375002 0.6934724906249999 0.3233590734375 0.72806065 0.37734162734375 0.7606378703125001 0.42685542656250003 0.80377252265625 0.48888173906250004 0.86450289609375 0.5737880734374999 0.92744530234375 0.659230659375 0.9997395835937499 0.7541666664062501 0.9997385781249999 0.75253825234375 0.95972088125 0.6998069499999999
3 0.5962435648437501 0.18161018125 0.5979528632812501 0.11636636640625 0.6015725546875 0.04325754296875 0.5996621625 0.04325754296875 0.59362934375 0.046832546875 0.59443371953125 0.051837551562499994 0.59946106796875 0.052731302343749994 0.5987572390625 0.06881881875 0.59151785703125 0.071500071875 0.5930260617187499 0.0765050765625 0.5920205921874999 0.08061633046875 0.593528796875 0.08383383359374999 0.5983550515625 0.07596882578125 0.59745012890625 0.09152009140625 0.5904118406250001 0.09330759296874999 0.5913167632812499 0.09795509765625 0.5953386421875 0.10188760156250001 0.5971484874999999 0.09938509921875 0.59604247109375 0.11761761796875 0.5904118406250001 0.11654511640625001 0.5956402828125 0.12887887890625 0.5905123875 0.12905762890625 0.5949364546875 0.14282139296875002 0.58950691796875 0.1424638921875 0.5952380953125 0.15533390546875 0.5920205921874999 0.1546189046875 0.59463481328125 0.16677391640625 0.59403153125 0.17428142421874998 0.59342825 0.24774774765625002 0.59584137734375 0.2450664953125 0.5962435648437501 0.18161018125
0 0.9458453992187501 0.7219719718750001 0.8748592343749999 0.61865436875 0.8311213000000001 0.5537680539062501 0.7891932109375001 0.49013298984375 0.75631435 0.4391891890625 0.7196147039062499 0.38055913046875 0.68241232265625 0.31835406796875 0.6483268984375 0.259366509375 0.619067728125 0.20377520390625 0.59694739375 0.15998141015625 0.59694739375 0.16194766171875 0.63696508984375 0.24113399140624997 0.66833574609375 0.29618904609375 0.703125 0.3549978546875 0.7647602960937501 0.4543829546875 0.8452984234375001 0.5764693265624999 0.928048584375 0.69801944765625 0.99963803125 0.80062205078125 0.9997395835937499 0.79907407421875 0.9458453992187501 0.7219719718750001
0 0.9449404765624999 0.1860789359375 0.86339687890625 0.13102388125 0.7674750640625 0.06506506484374999 0.67748552109375 0.00017875 0.67577622265625 0.0003575 0.705940315625 0.0230587734375 0.7986446265625 0.08866008828125001 0.8977839445312499 0.15658515625 0.9993363898437501 0.22540397578125 0.9994369367187501 0.221828971875 0.9449404765624999 0.1860789359375
0 0.19907018984375 0 0.1891079421875 0.00838926171875 0.15764821015625 0.033557046875 0.1046909953125 0.073639075 0.060402414843749995 0.10582010546875001 0.0004764171875 0.1483626484375 0.0004764171875 0.15032890000000002 0.06120679062499999 0.10725010703125 0.10829298671875001 0.0728677625 0.13230564843749998 0.05499627109375001 0.14786073828125 0.042878449218749996 0.1861367453125 0.013049962500000001 0.20147685937499998 0 0.19907018984375 0
0 0.49127252265625004 0.039861289843749995 0.49117197578124994 0.040933790625 0.5938304375000001 0.05040755078125 0.59362934375 0.04915629921875 0.49127252265625004 0.039861289843749995
0 0.496702059375 0.06274131250000001 0.49740588828125 0.0643500640625 0.59171895078125 0.07418132421875 0.59151785703125 0.07293007265625 0.496702059375 0.06274131250000001
0 0.50665621015625 0.0831188328125 0.5074605859375 0.084370084375 0.590914575 0.09741884765625 0.590914575 0.09598884609375 0.50665621015625 0.0831188328125
0 0.5201295046875 0.109573859375 0.5201295046875 0.1106463609375 0.590814028125 0.11904761875 0.59021074609375 0.11761761796875 0.5201295046875 0.109573859375
0 0.52565958828125 0.12119262109375 0.52616232265625 0.12280137265624999 0.590914575 0.13138138125 0.5905123875 0.13013013046875 0.52565958828125 0.12119262109375
0 0.5314913125 0.13388388359375 0.53219514140625 0.13495638515625 0.5893058234375 0.14407264375 0.5890041828125 0.1422851421875 0.5314913125 0.13388388359375
0 0.53752413125 0.14443014453125 0.53802686640625 0.14603889609375 0.59171895078125 0.15569140546875 0.59121621640625 0.1547976546875 0.53752413125 0.14443014453125
0 0.5013272203125 0.10796510781249999 0.5181185648437501 0.11046761015624999 0.51791747109375 0.109037609375 0.50112612578125 0.10689260703125 0.5013272203125 0.10796510781249999
0 0.5238497429687501 0.122086371875 0.5232464609374999 0.1202988703125 0.50303651875 0.11672386640625002 0.5032376125 0.11797511796875 0.5238497429687501 0.122086371875
0 0.5294803734375 0.134420134375 0.52877654453125 0.1328113828125 0.50534909921875 0.12870012890625 0.50524855234375 0.12995137968749998 0.5294803734375 0.134420134375
0 0.5354126445312499 0.1456813953125 0.534708815625 0.14443014453125 0.50635456875 0.1374588875 0.50675675703125 0.13888888906250002 0.5354126445312499 0.1456813953125
0 0.62892133203125 0.0984913484375 0.6594876125 0.14085514062499999 0.6817084945312499 0.17017017031249998 0.72886502578125 0.23023023046875002 0.76496138984375 0.274739025 0.8173463640625 0.33801658828125 0.8813947875 0.4125554125 0.9490629023437499 0.48959673984374996 0.9997395835937499 0.546759259375 0.99963803125 0.54465179453125 0.9698761257812499 0.51140426171875 0.9076375484374999 0.440797940625 0.84268420234375 0.365901615625 0.7813505468749999 0.29315029296875 0.743846525 0.24721149687500002 0.70211953046875 0.1950164453125 0.66823519921875 0.15104390078125002 0.6398809523437501 0.1122551125 0.615548584375 0.07757757734375001 0.6012709140625 0.05612755625 0.6013714609374999 0.058093807812499995 0.62892133203125 0.0984913484375
0 0.42371323515625 0.11437908515624999 0.41615604609375 0.1122004359375 0.40594362734375 0.10893246171875 0.3953227125 0.10566448828125 0.38286356171875 0.10076252734374999 0.37183415000000003 0.09640522890625 0.36100898671875 0.091684821875 0.3497753265625 0.08714596953125 0.33895016328125 0.08278867109375 0.3283292484375 0.07752360234375 0.31474673203125 0.0713507625 0.3013684640625 0.0646332609375 0.2900326796875 0.0588235296875 0.28094362734375 0.053740014843749996 0.2640931375 0.04448075546875 0.25224673203125 0.03703703671875 0.2453022875 0.03286129296875 0.24520016328125 0.034132171093750004 0.2564338234375 0.04139433515625 0.27022058828125 0.04938271640625 0.29166666640625 0.06100217890625 0.31015114375 0.07080610000000001 0.32955473828125 0.07988380546875 0.34640522890625 0.08750907734374999 0.36458333359375 0.0942265796875 0.38715277812500004 0.10366739296875001 0.4083946078125 0.1111111109375 0.42453022890625 0.11619462578124999 0.42371323515625 0.11437908515624999
0 0.4240196078125 0.1076615828125 0.41850490234375004 0.1058460421875 0.4049223859375 0.10167029765624999 0.3912377453125 0.09658678281250001 0.38327205859375 0.09386347109375 0.37408088203125 0.09005083515625 0.363664215625 0.08605664453125 0.35222630703125 0.08133623828125 0.34323937890625 0.07716049375 0.332414215625 0.0722585328125 0.3220996734375 0.06717501796875 0.3084150328125 0.0602759625 0.29350490234375004 0.05265068984375 0.2838031046875 0.0470225125 0.274611928125 0.04139433515625 0.26470588203125 0.035403050000000005 0.25571895390625 0.029593318749999997 0.24836601328125002 0.0248729125 0.24438317031249998 0.02196804609375 0.24438317031249998 0.023420479687500002 0.25674019609375 0.031771967968749995 0.26919934609374996 0.03957879453125 0.27920751640625 0.045206971875 0.29054330078125 0.05228758203125 0.30238970625 0.058641975 0.31454248359375 0.06499636875 0.326184640625 0.07080610000000001 0.33935866015625 0.07697893984375001 0.35324754921875 0.08315177890625 0.36141748359375 0.086419753125 0.37571486953125 0.09204793046875001 0.38725490234375004 0.09658678281250001 0.3970588234375 0.09985475703124999 0.413705065625 0.1058460421875 0.42514297421874997 0.10929557031249999 0.4240196078125 0.1076615828125
0 0.42534722187499996 0.09822076953125 0.4193218953125 0.09640522890625 0.40921160156249997 0.093318809375 0.40012254921875 0.09041394296875001 0.38858251640625 0.0867828609375 0.37826797421874997 0.08315177890625 0.36713643828125 0.07897603515625 0.35671977109375 0.074800290625 0.34579248359375 0.07026143828125 0.33404820234375 0.06554103125 0.3255718953125 0.061546840625 0.31750408515625 0.05809731328124999 0.30953839843750003 0.05410312265625 0.30085784296875 0.04974582421875 0.2919730390625 0.04484386328125 0.28206699375 0.03957879453125 0.27338643828125 0.034495279687500005 0.26593137265625 0.03031953515625 0.25806781015625 0.025236020312500003 0.249591503125 0.01960784296875 0.2423406859375 0.015068990625 0.2423406859375 0.01579520703125 0.24714052265625003 0.01906318046875 0.25316584999999997 0.02360203359375 0.25970179765625 0.0275962234375 0.267565359375 0.032498184375 0.27839052265625003 0.03867102421875 0.28645833359375 0.0432098765625 0.29616013046875 0.04883805390625 0.306270425 0.053740014843749996 0.318729575 0.06009440781249999 0.33078022890625 0.06554103125 0.34323937890625 0.0709876546875 0.35324754921875 0.07498184453125 0.3638684640625 0.07933914296875 0.37663398671875 0.0838779953125 0.385518790625 0.08750907734374999 0.39562908515625 0.0907770515625 0.40890522890625 0.09513435 0.41707516328125005 0.09749455312500001 0.42626633984374995 0.0994916484375 0.42534722187499996 0.09822076953125
0 0.42534722187499996 0.0902323890625 0.420751634375 0.08914306484375 0.41339869296875 0.08714596953125 0.40328839843750003 0.08460421171875 0.39093137265625 0.080610021875 0.37837009765624996 0.07661583125 0.36846405234375 0.0733478578125 0.3578431375 0.069535221875 0.34763071874999996 0.06554103125 0.33700980390625 0.0611837328125 0.32689951015625 0.05700798828125 0.317606209375 0.05265068984375 0.3084150328125 0.04883805390625 0.2974877453125 0.0437545390625 0.2880923203125 0.03903413203125 0.27828839843750003 0.03376906328125 0.26746323515625 0.02795933203125 0.2595996734375 0.023420479687500002 0.2510212421875 0.01797385625 0.2435661765625 0.01289034140625 0.24244281015625 0.013435003906250001 0.24693627421875003 0.01670297734375 0.25541258203125 0.0223311546875 0.26470588203125 0.0275962234375 0.2756331703125 0.03376906328125 0.2857434640625 0.0392156859375 0.2943218953125 0.0437545390625 0.3048406859375 0.049201161718750004 0.31495098046875 0.05392156875 0.3232230390625 0.057371096875000006 0.33231209140625 0.0611837328125 0.34283088203125 0.06499636875 0.35365604609375 0.069535221875 0.36284722187499996 0.07298474921875 0.37316176484375 0.07661583125 0.38449754921875 0.080065359375 0.39675245078125 0.08405955000000001 0.40788398671875 0.0873275234375 0.41901552265625003 0.08986928125 0.42698120937499995 0.09186637656249999 0.42534722187499996 0.0902323890625
2 0.23876633984375 0.0733478578125 0.23692810468749997 0.051379810937500006 0.23611111093749998 0.03957879453125 0.23723447734374997 0.0392156859375 0.23835784296875 0.044117646875 0.23999182968750002 0.0472040671875 0.24060457500000001 0.049927378125 0.24244281015625 0.0530137984375 0.24417892187499998 0.05210602734375001 0.24458741796875 0.047748728906249996 0.24560866015625 0.0470225125 0.24673202578125003 0.04393609296875 0.246527778125 0.04012345703125 0.245710784375 0.035403050000000005 0.24407679765624998 0.02015250546875 0.24264705859375 0.00018155390625 0.230902778125 0.00018155390625 0.23120915000000003 0.002904865625 0.2349877453125 0.04048656484375 0.23743872578124997 0.0693536671875 0.24009395390625002 0.10058097343750001 0.24142156875 0.10039941875 0.23876633984375 0.0733478578125
0 0.21476715703125 0.02541757421875 0.22457107812500002 0.026688453125 0.23345588203125 0.02705156171875 0.23325163437500002 0.02541757421875 0.2264093140625 0.02541757421875 0.21966911796875 0.02450980390625 0.2110906859375 0.02396514140625 0.20220588203125 0.0228758171875 0.19250408515625 0.020878721875 0.19087009765625002 0.0217864921875 0.20149101328125002 0.0237835875 0.21476715703125 0.02541757421875
0 0.2294730390625 0.0107116921875 0.223856209375 0.0110748 0.21609477109375003 0.0110748 0.20710784296875 0.0110748 0.20189951015625002 0.01053013828125 0.20220588203125 0.012164125000000001 0.2114991828125 0.012164125000000001 0.22048611093749998 0.0125272328125 0.2290645421875 0.012164125000000001 0.23192401953125003 0.01488743671875 0.2294730390625 0.0107116921875
0 0.230085784375 0.0054466234375 0.22242647031249999 0.00472040703125 0.214460784375 0.00453885234375 0.20894607812500002 0.0049019609375 0.20792483671875 0.00599128515625 0.21670751640625002 0.0056281773437500005 0.22171160156249997 0.00599128515625 0.227736928125 0.0063543937499999995 0.23131127421875003 0.00708061015625 0.230085784375 0.0054466234375
0 0.9904081828125 0.62866599609375 0.9836915539062501 0.62049606171875 0.97662141796875 0.6123261273437499 0.96472002265625 0.59850008359375 0.9506975867187499 0.58174124375 0.9398567117187501 0.568962628125 0.9288980015625 0.55618401171875 0.9174679484375 0.5425674546875 0.905213046875 0.5283224398437499 0.89354732265625 0.513867940625 0.88141025625 0.49962292578125 0.8695088609375 0.484958940625 0.8600820132812499 0.47322775234375003 0.8492411390625 0.4602396515625 0.83887160625 0.44788000703125 0.8294447585937499 0.43635830390625 0.8190752265624999 0.4231607171875 0.80682032421875 0.40765878984375004 0.7958616140625 0.393832746875 0.78266402734375 0.37686442109375 0.7667562218749999 0.35612535625 0.7583898945312499 0.34523211015625 0.7499057312499999 0.334129378125 0.73800433671875 0.31862745078125 0.7294023375 0.30668677734375 0.7180901203125 0.29139433515625 0.70383201328125 0.27149321249999997 0.69310897421875 0.25641025625 0.68179675703125 0.24027987265625 0.6697775265625 0.22310206171875002 0.65434106328125 0.19963968515625 0.642793175 0.180995475 0.62900641015625 0.15962795390625 0.61604449453125 0.13763197578125 0.60685331796875 0.12171107734375 0.5995475109374999 0.10893246171875 0.59884049765625 0.11018937499999999 0.6080316742187499 0.1261102734375 0.61875471328125 0.14391654062499998 0.62947775234375 0.16193229453125 0.63819758671875 0.17554885234375 0.649745475 0.1939835765625 0.6623538835937499 0.21388469921875003 0.6724877453125 0.22875817031249998 0.6852139890625 0.24719289453124998 0.6999434390625 0.267931959375 0.7154977375 0.289508965625 0.7310520359375 0.3106670015625 0.74589932109375 0.330568125 0.76074660625 0.35046924765625 0.77783276796875 0.37246522578125 0.7924443812499999 0.39110943515624996 0.8077630093750001 0.41059158671875 0.82096059609375 0.42735042734375 0.8400499625 0.45081280390625 0.8561934390625 0.4707139265625 0.87104072421875 0.48852019453124995 0.8821172703125001 0.50213675234375 0.89507918515625 0.51784816484375 0.9112226625 0.53691134609375 0.92159431171875 0.5494566421875 0.9420222054687499 0.5738522953125 0.9597991515625001 0.5946440453124999 0.98069486015625 0.618762475 0.9925461578125001 0.63234641796875 0.9904081828125 0.62866599609375
0 0.63819758671875 0.143288084375 0.6552837484375 0.16800737421875 0.6643570890625 0.1812049609375 0.6799113875 0.20257248203125 0.69157711171875 0.21765543828124997 0.70607088984375 0.23650913359375 0.721507353125 0.25766716953125 0.739300528125 0.27903469062499997 0.7536764703125 0.2972599296875 0.76805241328125 0.3146472265625 0.7823105203125 0.3318250375 0.7958616140625 0.348583878125 0.8100018851562499 0.36534271796875 0.82414215703125 0.38147310234375 0.8366327296874999 0.39634657265625 0.85041949453125 0.41289592734375 0.86291006796875 0.42693145625 0.87269042265625 0.43824367343750004 0.8863593515625 0.45374560078125 0.8996747734375001 0.4690380421875 0.913697209375 0.48474945546875 0.9277196453125001 0.49983241171875 0.9385605203124999 0.51261102734375 0.9536434765624999 0.52916038203125 0.9673124054687501 0.54424333828125 0.9813348414062499 0.56016423671875 0.9932362367187499 0.57294285234375 0.9992458523437501 0.5796463882812499 0.99865667421875 0.57671359140625 0.98816930625 0.565610859375 0.97485388359375 0.5507373890625 0.96495569375 0.540053628125 0.95128676484375 0.5247611867187499 0.941152903125 0.5136584546875 0.92925150859375 0.49983241171875 0.917585784375 0.48684431015624996 0.90332767734375 0.4707139265625 0.89036576171875 0.4564689125 0.87646116171875 0.44033852890625 0.86408842421875 0.42588402890625005 0.85218702890625 0.4126864421875 0.84346719453125 0.40242165234374994 0.83262631953125 0.38964303671875 0.82237462265625 0.37749287734375 0.812005090625 0.36555220390625 0.8025782429687499 0.35444947187500003 0.79291572421875 0.34334674062500004 0.78419588984375 0.33245349453125 0.7666383859375 0.31150494375000004 0.7510840875 0.29181330625 0.7343514328125 0.27149321249999997 0.71785444921875 0.25096363359375 0.70866327265625 0.23797553203125 0.69758672734375 0.22352103203125 0.68980957734375 0.2136752140625 0.67814385390625 0.19817328671875 0.66777432109375 0.1841377578125 0.6577582953125 0.16926428671875 0.6470352562499999 0.15418133046875 0.6336019984375 0.13448969296875 0.62299679453125 0.1185687953125 0.61168457734375 0.10139098359375001 0.6001366890625001 0.08337523046874999 0.600254525 0.08505111484375 0.6175763578125 0.1122842296875 0.63819758671875 0.143288084375