1 0.8479166664062501 0.9995370367187499 0.8773193359375 0.80230712890625 0.88239734296875 0.66693505078125 0.90013586953125 0.7172571125 0.9137228257812501 0.71859903359375 0.951464371875 0.70115405234375 0.9865640093750001 0.6723027375 0.9990234375 0.533203125 0.97955322265625 0.501708984375 0.90478515625 0.4742431640625 0.92767333984375 0.367431640625 0.90936279296875 0.367431640625 0.83612060546875 0.47882080078125 0.62554931640625 0.52154541015625 0.54010009765625 0.4132080078125 0.51416015625 0.41473388671875 0.54925537109375 0.5352783203125 0.31732177734375 0.70159912109375 0.31427001953125 0.72296142578125 0.45676256640624996 0.921275628125 0.5823206015625 0.8396370703124999 0.61588541640625 0.9995370367187499 0.8479166664062501 0.9995370367187499
1 0.0406395578125 0.2735588125 0.020623059375 0.25657511640625 0.016983695312499998 0.23170613359374997 0.030934588281249998 0.23170613359374997 0.01759025625 0.22078804375 0.0230493015625 0.208050271875 0 0.208050271875 0.004852484375 0.21896836171874998 0 0.23109957265625 0.006065605468750001 0.23109957265625 0.008491847656249999 0.25718167734374997 0 0.26446040390625003 0.00121312109375 0.27113256953125 0.00970496875 0.27113256953125 0.010918089843750001 0.387592196875 0.0376067546875 0.3881987578125 0.0194099375 0.272345690625 0.0406395578125 0.2735588125
1 0.16619759296875 0.32087053593750003 0.16923039609374999 0.28083753906250003 0.18864033359375001 0.2778047359375 0.17105007734375 0.26870632734375 0.172869759375 0.25536199531250003 0.16619759296875 0.26688664609375 0.137689246875 0.26749320625 0.129803959375 0.25657511640625 0.13101708046875 0.26628008515625 0.11463994531249999 0.27719817578125 0.13344332265625 0.27901785703125 0.1449679734375 0.32208365703125 0.137689246875 0.41731366484375 0.174689440625 0.41852678593750003 0.16619759296875 0.32087053593750003
0 0.9990234375 0.7998046875 0.9046648546875 0.72799248515625 0.90366417265625 0.7317341546875 0.9990234375 0.8037109375 0.9990234375 0.7998046875
0 0.99475931640625 0.7867090453125 0.9990234375 0.7861328125 0.94767825703125 0.74778095625 0.91711956484375 0.72544642890625 0.90802115703125 0.72302018671875 0.93956230625 0.74546292734375 0.99475931640625 0.7867090453125
0 0.999005240625 0.7757909546875 0.9589667789062499 0.7469383445312501 0.9292507765625 0.7260529890625 0.91410024140625 0.7165861515625 0.91145833359375 0.71878519140625 0.9589667789062499 0.7522170609375001 0.99779211953125 0.78125 0.999005240625 0.7757909546875
0 0.5295973554687501 0.74577657578125 0.5621494390625 0.785006009375 0.581346821875 0.8062900640624999 0.57926533359375 0.8000533773437499 0.5512987445312499 0.7666432960937499 0.5222486414062499 0.73029891328125 0.48535990937499995 0.684011084375 0.48243856875 0.685680421875 0.5041399570312499 0.71489383046875 0.5295973554687501 0.74577657578125
0 0.54712540078125 0.7470285789062501 0.5796774835937499 0.7820846687499999 0.5784254804687501 0.775824653125 0.52710112578125 0.71938082265625 0.49662793828125 0.6810897437500001 0.491314053125 0.6823806289062501 0.5162426546875001 0.7123898234375 0.54712540078125 0.7470285789062501
0 0.55422008515625 0.7374298875 0.58009481875 0.7653912929687501 0.5786587734374999 0.7582006984375 0.55985539609375 0.7381842 0.531684028125 0.7073818109375 0.5113305515625 0.68359375 0.5052649453125 0.6829871890625 0.52918002109375 0.7094684828125 0.55422008515625 0.7374298875
0 0.32913773125 0.6934110453125 0.29761904765625 0.64535796953125 0.26506696406249997 0.5947213953125 0.226314484375 0.5337508265625 0.1989293984375 0.48414765234374996 0.1803282078125 0.44642857109375 0.16741071406250002 0.41852678593750003 0.15914351875 0.41852678593750003 0.17826140859375 0.46192956328125 0.20771329375 0.51979993359375 0.23303158046875 0.56630291015625 0.26610036406250004 0.6200396828125 0.29451884921875 0.6680927578125 0.31518683828125 0.6996114421875 0.32913773125 0.6934110453125
0 0.457795965625 0.5947213953125 0.4236937828125 0.56940310859375 0.37047371015624997 0.5327174273437499 0.33017113125 0.50274884296875 0.28573495390625003 0.46502976171875005 0.24439897500000002 0.42679398125 0.21133019218750002 0.39217509921875 0.189112103125 0.360656415625 0.17206101171875 0.33533812812499997 0.16999421328125 0.34102182578125 0.19479580000000002 0.38029100546875 0.22734788359375 0.41956018515625004 0.26661706328125 0.46037946406249997 0.3167369375 0.5042989421875 0.384941303125 0.5585524140625 0.44642857109375 0.604021990625 0.457795965625 0.5947213953125
0 0.52031663359375 0.55338541640625 0.5280671296875 0.543051421875 0.47846395468749997 0.52031663359375 0.41697668671875 0.48983134921874993 0.38235780390624996 0.46916336015625 0.34050512578125003 0.44642857109375 0.30898644218750004 0.4247271828125 0.27385086015625004 0.39889219609375004 0.24336557578125 0.37357390859375 0.21649718906249998 0.34722222187499996 0.19634589921875 0.3203538359375 0.17826140859375 0.29193535078125 0.17309441171875 0.29245204999999996 0.18497850546875 0.31208663984374996 0.21236359140625 0.3503224203125 0.23974867734375 0.37874090625 0.2712673609375 0.40457589296874996 0.30691964296875 0.43247767890625 0.35187251953125 0.46141286406250004 0.42266038359375 0.5042989421875 0.46916336015625 0.5275504296875 0.52031663359375 0.55338541640625
0 0.9375 0.9977187335937501 0.94240640078125 0.9990606546875 0.9205163046875 0.9742351046875 0.8873037437500001 0.9393451421875 0.86465881640625 0.9145195921875 0.859375 0.9138486312499999 0.8933423914062499 0.95142243671875 0.9375 0.9977187335937501
0 0.9288025109375001 1 0.9079181765625 0.9763150828124999 0.874705615625 0.9414251210937501 0.8578653382812499 0.9219001609375 0.85748792265625 0.92659688671875 0.8807442632812499 0.9535024156249999 0.924901871875 0.9997987117187501 0.9256378320312499 1 0.9288025109375001 1
0 0.914035775 1 0.89267813984375 0.97577831484375 0.87560386484375 0.9567901234375 0.8548460148437499 0.9346484164062501 0.8556008453124999 0.9400161031250001 0.8661684781250001 0.95209339765625 0.9096618359375 0.9992619429687499 0.91236035625 1 0.914035775 1