1 0.6037603429687499 0.5187811921875001 0.66230791953125 0.49678224296874995 0.6754210992187499 0.524363015625 0.6527039007812501 0.58543472578125 0.65750591015625 0.59200157578125 0.6804078015624999 0.5299448382812499 0.68077718671875 0.4895587078125 0.6798537234375 0.4820068296875 0.60517403984375 0.439338515625 0.6048525375 0.28558908671875 0.67597517734375 0.27482269531250003 0.6914893617187501 0.3070002625 0.6674793140624999 0.36643026015625 0.6728354015625 0.37266876796875004 0.6961066781249999 0.31291042812500003 0.697214834375 0.267599159375 0.6063394843750001 0.20439338515625 0.60678155 0.04439109921875 0.6584293734375 0.04432624140625 0.67431294296875 0.07913054921875 0.646978428125 0.145127396875 0.65288859375 0.1510375625 0.67893026015625 0.08668242734375001 0.6805924937500001 0.04531126875 0.681146571875 0.03874441796875 0.6378064984375 0.00038103984375 0.5197916664062501 0 0.49645390078125 0.04202784375 0.46561022421875 0.13363540859375 0.47152038984375 0.13856054609375 0.503472221875 0.04334121328125 0.5347650890625 0.04381953984375 0.53540809296875 0.2009983234375 0.4753989359375 0.2899264515625 0.44492464531250003 0.3795639609375 0.4502807328125 0.38711583906249997 0.48075502343750004 0.29419490390625 0.53508659140625 0.29359091640625 0.53363983203125 0.43587486640625006 0.490728428125 0.52239296015625 0.46006944453125 0.60841870234375 0.46487145390625007 0.614985553125 0.4955304375 0.52797478359375 0.53363983203125 0.5284674593750001 0.47426483203125 0.9999180765625001 0.6596150546875 0.9998475843750001 0.6037603429687499 0.5187811921875001
1 0.21166424453125 0.1970284234375 0.21408672499999998 0.15234711484375002 0.21741763593750002 0.11789405703125 0.246487403125 0.11735572812499999 0.22014292656249998 0.10658914765625001 0.21984011640625 0.08936261875 0.21287548437499998 0.10874246328124999 0.1810804265625 0.10766580546875 0.1716933140625 0.09097760546875 0.17351017421874998 0.10497416015625001 0.1468628875 0.12166236015625001 0.1759326546875 0.12004737265625001 0.1825944765625 0.16419035312500002 0.18834786796875 0.20079672734375 0.18229166640625 0.28316106796875 0.19016472890625 0.29338931953124997 0.2062136625 0.25893626171875 0.22317102734375 0.2890826875 0.21166424453125 0.1970284234375
1 0.06752664765625001 0.15450043046875 0.084786821875 0.1501937984375 0.06782945703125 0.1372739015625 0.06510416640625 0.10712747656249999 0.08660368203124999 0.10658914765625001 0.06480135625 0.09205426328125 0.06298449609375 0.061369509375 0.07963905 0.0608311796875 0.061773255468749996 0.0457579671875 0.0687378875 0.03229974140625 0.04330184140625 0.0317614125 0.050569282812500005 0.0473729546875 0.03452034921875 0.0624461671875 0.051174903125000004 0.06190783828125 0.05268895312500001 0.09259259296875 0.0317950578125 0.11035745078125 0.053900193750000006 0.1092807921875 0.053900193750000006 0.1410422046875 0.036337209375 0.155038759375 0.0560198640625 0.15450043046875 0.05238614375 0.21317829453125 0.0463299421875 0.3068475453125 0.050266472656250005 0.3143841515625 0.0896317828125 0.30846253203125 0.06752664765625001 0.15450043046875
1 0.09953348671875 0.20307884609375 0.1040069015625 0.15536241796875 0.12158103281249999 0.15394228593749998 0.10672290390625001 0.14485344218750001 0.10416666640625001 0.13207225625000002 0.1022494890625 0.14797773203125 0.081799590625 0.14854578515625 0.07540899765625 0.1383208359375 0.0771664109375 0.14854578515625 0.06917816953125 0.1559304703125 0.0787306203125 0.156653746875 0.0875121125 0.20079672734375 0.08627300624999999 0.22864121796874998 0.10386385625000001 0.22825150703125 0.09953348671875 0.20307884609375
3 0.325681584375 0.7470278921875 0.3337191359375 0.74302697734375 0.3337191359375 0.7367398265625 0.324717078125 0.73902606328125 0.325681584375 0.707018746875 0.33436213984375 0.7035893921875 0.3356481484375 0.69844535859375 0.324717078125 0.69901691796875 0.324717078125 0.69330132578125 0.31860853906250003 0.6915866484375 0.31957304531249997 0.720164609375 0.3102494859375 0.72130772734375 0.3102494859375 0.73159579296875 0.3205375515625 0.7293095562499999 0.32343107031249996 0.99737082734375 0.32942708359375 0.9995370367187499 0.325681584375 0.7470278921875
0 0.39609053515625 0.87677183359375 0.42631172812499996 0.9619341562500001 0.43958333359374996 0.9995370367187499 0.4421875 0.9995370367187499 0.4128086421875 0.9196387742187501 0.38998199609375 0.8550525835937499 0.35976080234375 0.77046181953125 0.33725565859375 0.70644718828125 0.3356481484375 0.7081618656249999 0.36040380625 0.77846364921875 0.39609053515625 0.87677183359375
0 0.38355195468750003 0.89220393203125 0.40702160468750004 0.9647919523437499 0.41875 0.9995370367187499 0.42052469140625004 0.9990855054687501 0.398984053125 0.9333561953125 0.375514403125 0.862482853125 0.35365226328125 0.795610425 0.3356481484375 0.7395976226562501 0.3356481484375 0.7458847734375 0.35622427968750003 0.80932784609375 0.38355195468750003 0.89220393203125
0 0.3533307609375 0.85905349765625 0.37101337421874997 0.9127800640625001 0.38933899140625 0.9676497484375 0.40026041640625004 0.9995370367187499 0.40219907421874995 0.9990855054687501 0.38451646093749997 0.9470736171875 0.36683384765625 0.89277549140625 0.3497942390625 0.84247828046875 0.3346836421875 0.79446730703125 0.31507201640625004 0.7350251484375 0.31314300390625 0.7367398265625 0.3298611109375 0.78589391875 0.3533307609375 0.85905349765625
0 0.30671296328125003 0.72073616796875 0.3092849796875 0.72073616796875 0.28356481484375 0.6835848195312499 0.2536651234375 0.641860996875 0.25398662578125003 0.6475765890625 0.2771347734375 0.6790123453125 0.30671296328125003 0.72073616796875
0 0.29803240703125 0.6915866484375 0.31603652265625 0.7167352539062499 0.31700102890625004 0.7138774578125 0.28742283984375 0.67272519453125 0.25784465 0.6310013718749999 0.2546296296875 0.6304298125 0.2752057609375 0.6590077734374999 0.29803240703125 0.6915866484375
0 0.3102494859375 0.67272519453125 0.32600308671875 0.6921582078124999 0.32825360078125 0.6910150890625 0.29353137890625003 0.6475765890625 0.27070473281249996 0.61842706875 0.2555941359375 0.5978509375 0.2546296296875 0.6018518515625 0.27809927968750003 0.63271604921875 0.3102494859375 0.67272519453125
0 0.53433641953125 0.48296753515625 0.587384259375 0.53955189765625 0.64075360078125 0.597279378125 0.69815652421875 0.65819931796875 0.772890946875 0.73788294453125 0.82336676953125 0.7898948328125 0.8873456789062499 0.85562414296875 0.9243184156250001 0.8950617281250001 0.9997395835937499 0.972222221875 0.9997395835937499 0.9685185187500001 0.93201754375 0.89912280703125 0.88438870625 0.84947612109375 0.82754629609375 0.7904663921874999 0.7793209875 0.74016918125 0.7272376546875 0.68587105625 0.68930041171875 0.6458619109375 0.66100823046875 0.61556927265625 0.6188914609375 0.5698445359375001 0.58191872421875 0.530978509375 0.55234053515625 0.497828075 0.5182613171875 0.46181984453125 0.48348410078125 0.42367202734375004 0.45007538359375 0.3868177390625 0.44720936250000004 0.38694558749999997 0.488623903125 0.4322002921875 0.53433641953125 0.48296753515625
0 0.81243569921875 0.46353452187500005 0.87136787265625 0.4995126703125 0.9162808640625 0.52697759453125 0.9995498968750001 0.57727480546875 0.9988349781249999 0.573525828125 0.9548611109375 0.5475537265625 0.899884259375 0.5144032921874999 0.85269325625 0.4861111109375 0.7873585390625 0.44524462734375003 0.73310718203125 0.41240253437499996 0.6697162828125001 0.37128411328125 0.671086896875 0.3755482453125 0.74009773671875 0.41895290390625 0.81243569921875 0.46353452187500005
0 0.9988349781249999 0.93445419140625 0.9400699015624999 0.8762792398437499 0.8982661734375 0.83516081875 0.8590323468750001 0.7958698828124999 0.8036938046875 0.740740740625 0.75778035 0.69444444453125 0.719200103125 0.65500685859375 0.67896792734375 0.61373050703125 0.65393518515625 0.5881344304687499 0.6452546296875 0.58356195703125 0.6238007125 0.573525828125 0.6243569960937501 0.575560128125 0.6529706789062499 0.59042066796875 0.691872428125 0.6310013718749999 0.73721902421875 0.675865009375 0.7780349796875 0.717878371875 0.81928453984375 0.75901559453125 0.86177357421875 0.8013523390625 0.9087171054687501 0.84825779765625 0.9596836421875 0.89906264296875 0.99890689296875 0.9385002289062501 0.9988349781249999 0.93445419140625
3 0.7327645281249999 0.5485501953125 0.73310718203125 0.4918981484375 0.735163103125 0.47849658906250003 0.74030290546875 0.47484161796875 0.7384183117187499 0.471491228125 0.7320792218750001 0.46905458125 0.7312225875 0.46235380078125 0.725397478125 0.46539961015625 0.725397478125 0.47027290468749994 0.7301946273437501 0.46935916171875 0.73053728046875 0.47758284609375 0.72625411171875 0.47727826484375 0.72060032890625 0.47819200781250004 0.7229989031249999 0.48550194921875 0.7271107453125001 0.48276072109375 0.730879934375 0.48702485390624994 0.728481359375 0.5966739765625 0.7320792218750001 0.5966739765625 0.7327645281249999 0.5485501953125
0 0.459640775 0.60985368046875 0.43338477343750004 0.59042066796875 0.40670010312500005 0.57003505546875 0.37883659140625003 0.5477442460937499 0.35000857343749997 0.5252629171875001 0.30714163203125 0.49058832499999994 0.285944353125 0.4727095515625 0.2650248625 0.4553421734375 0.24739583359375 0.43981481484374996 0.228373628125 0.4227632984375 0.20679139218749998 0.40204678359374996 0.18863075625 0.384990253125 0.17389665546875 0.36945662734375 0.1505962171875 0.344785575 0.134923696875 0.327312909375 0.1154742328125 0.3033625734375 0.10399533984375 0.28874268984375 0.08466220859375 0.2606310015625 0.08463541640625 0.2628533140625 0.1108110421875 0.2998780671875 0.13157894765625 0.32559697890625 0.15496399140625 0.35150891640625004 0.18314830078125 0.38163986328125 0.19616913359375 0.3944322609375 0.218299896875 0.41533302812499995 0.242598684375 0.43737816796875 0.27434842265625 0.46486816015625 0.30513294921875 0.49098440546875005 0.33554098046875 0.515355890625 0.36554783984375 0.53955189765625 0.400390625 0.5668250484375 0.43499228359375 0.59327846328125 0.459640775 0.61213991796875 0.459640775 0.60985368046875
0 0.70751886171875 0.99946654453125 0.69948131015625 0.98708276171875 0.6867283953125 0.9670781890625 0.6694744515625 0.9405959460937501 0.6586505484375 0.92402072890625 0.64418295625 0.900967840625 0.62210648125 0.8662932476562499 0.61053240703125 0.84819387265625 0.5966006515625 0.8257125437499999 0.5839549039062499 0.80647005 0.57034465 0.78494131953125 0.55330504140625 0.75769699765625 0.539909121875 0.737692425 0.52608453359375 0.71521109609375 0.5135459531250001 0.6952065234375 0.50154321015625 0.6755829906249999 0.48921896406250004 0.656340496875 0.47335819609375 0.6302392929687499 0.46156978750000005 0.61213991796875 0.46146262031249996 0.61461667421875 0.47882373125 0.6420515164062499 0.49318415625 0.66529492421875 0.50668724296875 0.6873952140624999 0.52211934140625 0.7123533 0.53390775 0.73121475390625 0.54633916328125 0.75026672734375 0.5619855968749999 0.77503429375 0.58041838125 0.8043743328125 0.5957433125 0.8283798203125 0.62232081640625 0.8704846820312501 0.6462191359375 0.90687395234375 0.66325874453125 0.9333561953125 0.68972908125 0.97508001796875 0.7051611796875 0.9990855054687501 0.70751886171875 0.99946654453125
0 0.15801553671875 0.196170746875 0.18670550859374999 0.21539548046874998 0.18670550859374999 0.21225674843750003 0.17522951953125002 0.20480226015624997 0.16154661015625 0.19577840546875 0.14962923749999998 0.186362209375 0.13793255625 0.17733835546875001 0.12491172343750001 0.16596045234375 0.11630473125 0.1573289390625 0.11369410546875 0.157520325 0.13306656484374998 0.17671635078125 0.15801553671875 0.196170746875
0 0.26651152499999997 0.25512214375000003 0.29310726953125 0.26661413203125 0.32247340390625 0.27777777812500004 0.3475916078125 0.28631468359375 0.37566489375 0.29550827421875 0.42977984609375 0.31258208593750003 0.4657949171875 0.323089046875 0.4657949171875 0.3207906484375 0.43624408984374996 0.31159705781249997 0.40170656015625 0.30141843984375 0.37067819140624997 0.29189650624999997 0.3400192078125 0.2813895453125 0.30732860546874996 0.26989755703124996 0.2779624703125 0.25807722578125 0.24711879453125 0.24527186796875 0.21904550859375 0.23049645390625 0.21649894062500002 0.23226616484374998 0.24083924375 0.24428683984375002 0.26651152499999997 0.25512214375000003
0 0.24988918437500002 0.22097452031249998 0.27463800234375 0.237391646875 0.30289598125 0.25282374609375 0.32856826250000004 0.26562910390625 0.35110076796875 0.27613606484375 0.38674645390625 0.29123982109375 0.41481973984375 0.302075125 0.44326241171875 0.31159705781249997 0.46634899531249996 0.3191489359375 0.465056146875 0.31717888125 0.419991134375 0.30141843984375 0.37972813203125 0.28532965625 0.3427895984375 0.269240871875 0.31508569765625 0.2554504859375 0.28664302578125 0.24100341484375 0.26023197421875 0.223929603125 0.23954639453125 0.209810875 0.2127659578125 0.18945363828125 0.21184249375 0.19240872109375 0.23326684375 0.209810875 0.24988918437500002 0.22097452031249998
0 0.2570921984375 0.16581297578125 0.27944001171875 0.16449960624999999 0.2977245859375 0.16318623593749998 0.31877955078125 0.160231153125 0.3424202125 0.156947728125 0.36993942109375 0.15366430234375 0.39745862890625 0.14873916484375 0.4316267734375 0.14250065703125 0.4657949171875 0.13659049140625 0.46542553203125003 0.13396375078125 0.44437056718749995 0.1379038609375 0.4090942671875 0.1438140265625 0.37677305 0.1497241921875 0.34574468046875 0.1543209875 0.30677452734375 0.15957446796875 0.2838726359375 0.161872865625 0.26078605234375 0.16285789296875 0.23659131171875 0.16482794843749998 0.21664450390624998 0.16417126328125 0.214612884375 0.16646966093749999 0.2351137703125 0.16679800390625 0.2570921984375 0.16581297578125
0 0.2613401296875 0.15563435781249998 0.2857195625 0.1572760703125 0.32487440859375 0.1605594953125 0.35405585078125 0.1615445234375 0.390070921875 0.1615445234375 0.39099438515624996 0.15957446796875 0.3667996453125 0.1589177828125 0.338726359375 0.1589177828125 0.29070626484375 0.15629104296875002 0.26577275390625 0.1539926453125 0.24010047265624998 0.15038087734375 0.21867612265625 0.14644076718750001 0.21609042578125 0.14841082187500002 0.2384382390625 0.1523509328125 0.2613401296875 0.15563435781249998
0 0.49257535468749997 0.1477541375 0.51141400703125 0.1559627 0.5352393617187501 0.16614131875 0.53450059140625 0.16318623593749998 0.51510786015625 0.15563435781249998 0.48980496484374997 0.143485684375 0.47022754140625 0.1346204359375 0.47022754140625 0.13527712109375 0.46985815625000005 0.1362621484375 0.49257535468749997 0.1477541375
0 0.76850620546875 0.4005778828125 0.80950797890625 0.4097714734375 0.8505097515625 0.41798003671875 0.8896645984375 0.42684528515625003 0.930481678125 0.43472550546875005 0.96464982265625 0.44096401328125 0.9629875882812501 0.43735224609375 0.9201388890625 0.42881533984375003 0.873781028125 0.41896506406249995 0.82927009453125 0.41042815859375 0.7908540187499999 0.40156291015625 0.745419621875 0.39138429218750004 0.6781914890625 0.376608878125 0.681146571875 0.3795639609375 0.71956264765625 0.38908589453125 0.76850620546875 0.4005778828125
0 0.7686908984375 0.36019175234375 0.8098773640625 0.36741528749999997 0.8532801421875 0.374967165625 0.88652482265625 0.3805489890625 0.9426713945312499 0.38941423671875 0.94137854609375 0.38711583906249997 0.9062869382812501 0.3812056734375 0.8571586882812501 0.3729971109375 0.8222517734375 0.36643026015625 0.78272754140625 0.35920672421875 0.73747783671875 0.3509981609375 0.68539450390625 0.339834515625 0.68594858125 0.3434462828125 0.7228871156250001 0.35165484609375 0.7686908984375 0.36019175234375
0 0.7622266546875001 0.3661019171875 0.8034131203125 0.374967165625 0.84053634765625 0.38153401640625 0.87267287265625 0.38744418203125003 0.9463652484375 0.39992119765625 0.94507239921875 0.3976228 0.9081338656250001 0.39138429218750004 0.8619606976562499 0.38317572890624996 0.8126477539062501 0.37398213828125 0.775339834375 0.36675860234375 0.73950945625 0.359863409375 0.6846557328125 0.34804307890624997 0.68280880625 0.34968479140625003 0.7162381796874999 0.35723666953125 0.7622266546875001 0.3661019171875
0 0.6833628843749999 0.38908589453125 0.725103428125 0.3989361703125 0.7675827421875 0.40944313125000004 0.805814125 0.41798003671875 0.850325059375 0.4278303125 0.8883717492187501 0.4366955609375 0.9679742906250001 0.45344102968750005 0.9659426710937501 0.45048594687500004 0.9347296101562501 0.44391909609375 0.89594414921875 0.43636721796875 0.8577127656249999 0.42750197031250003 0.8152334515625 0.41798003671875 0.7742316781249999 0.40845810312499997 0.73433806171875 0.39827948515625 0.7060800828125 0.39236931953125 0.6739435578124999 0.3838324140625 0.6081929671874999 0.36675860234375 0.6059766546875001 0.3687286578125 0.64568557890625 0.37890727578125 0.6833628843749999 0.38908589453125
0 0.68133126484375 0.22819805624999998 0.71808510625 0.2429734703125 0.7579787234375 0.25939059609375004 0.79307033125 0.27318098203124996 0.82760786015625 0.28664302578125 0.86085254140625 0.30010506953125 0.88892582734375 0.31061203046874997 0.92253989375 0.32407407421875 0.9218011226562499 0.3191489359375 0.8861554375 0.3066719203125 0.8397975765625001 0.28894142343749996 0.8017508867187499 0.27416601015625003 0.7627807328125 0.25906225390625004 0.7241799648437499 0.24264512734375 0.6900118203125001 0.22918308359375 0.64734781328125 0.2117809296875 0.6065307328125 0.193722090625 0.6067154257812499 0.1966771734375 0.6392213359375 0.21112424453125 0.68133126484375 0.22819805624999998
1 0.99918735234375 0.25939059609375004 0.9229092789062501 0.31586551093750004 0.9218011226562499 0.3217756765625 0.9347296101562501 0.370042028125 0.94858156015625 0.40386130781249996 0.96520390078125 0.44129235624999996 0.97000591015625 0.44490412421875 0.9988179671875 0.43833727343750006 0.99918735234375 0.25939059609375004
0 0.99863327421875 0.23476490703125 0.9742538414062499 0.22819805624999998 0.9417479312499999 0.22064617812499998 0.90573286015625 0.2117809296875 0.8750738773437501 0.20455739453125 0.8414598109375 0.19634883125 0.8156028367187499 0.18945363828125 0.7782949171875 0.18058838984375 0.74394208046875 0.17139479921875 0.7099586289062499 0.16285789296875 0.67228132421875 0.1530076171875 0.6536273640625 0.1477541375 0.65455082734375 0.15070921953125 0.68724143046875 0.15957446796875 0.7221483453124999 0.1690964015625 0.75520833359375 0.17730496484375 0.78752955078125 0.18551352734374998 0.8170803781249999 0.192080378125 0.84755466875 0.20061728359375 0.8837544328125 0.209810875 0.9260490546875 0.21966115078124998 0.977578309375 0.23246650937500002 0.9997395835937499 0.23796296328125002 0.99863327421875 0.23476490703125
0 0.25788834921875 0.31957928828125 0.3049150484375 0.3384573890625 0.32640574453125 0.34564904687500003 0.32665857578125 0.342502696875 0.297077265625 0.3326141671875 0.263197815625 0.319129809375 0.2300768609375 0.30474649375 0.1972087375 0.289464221875 0.19417475703125 0.2899137 0.22223907734375 0.30384753671875 0.25788834921875 0.31957928828125
0 0.38936084140625 0.3672240203125 0.42147046953125 0.377562028125 0.44624797734375 0.3852031640625 0.44473098671875 0.38160733515625 0.4068062296875 0.3703703703125 0.3693871359375 0.35778496953125 0.327922734375 0.34340165390625 0.32893406171875 0.3465480046875 0.358515371875 0.35733549062500003 0.38936084140625 0.3672240203125
0 0.4978553921875 0.50177015234375 0.486366421875 0.49564270156249995 0.45094209531249996 0.47521786484375 0.41436887265625 0.45343137265625 0.3818167890625 0.43368736406249997 0.3439031859375 0.40951797421874997 0.3134574140625 0.3890931375 0.29526654375 0.37751906328125 0.2642463234375 0.3536900875 0.24069393359375 0.33632897578125 0.21312040468750001 0.3135212421875 0.18899356640625 0.29275599140624997 0.16084558828125 0.26586328984374996 0.1384420953125 0.24067265781249997 0.1185278796875 0.21718409609374997 0.10225183828125 0.19437636171875 0.10186887265625 0.19709967343749998 0.11967677734375 0.2222903046875 0.144569546875 0.25156590390625 0.1744408703125 0.28152233125000004 0.20201439921875003 0.307393790625 0.22977941171875 0.3298611109375 0.255821078125 0.34994553359374997 0.284352021875 0.37173202578125003 0.321882659375 0.397263071875 0.34677542890625 0.41394335546875 0.37702971796875 0.43232570781249996 0.4086243875 0.45275054453125 0.44213388515625 0.47283496718749995 0.47153114921875006 0.48993167890624995 0.49959546953125 0.50566343046875 0.4978553921875 0.50177015234375