0 0.8061189828125 0.44824825312499994 0.7023971273437499 0.66964285703125 0.60414459765625 0.8785917640625 0.54711762421875 0.999005240625 0.5576171875 0.9990234375 0.633855784375 0.8309879656250001 0.7515285328125 0.5804784546875 0.8473651007812499 0.37485442578125 0.9407754273437501 0.1722631984375 0.9990234375 0.046875 0.9990234375 0.033203125 0.9207589289062501 0.20198466640624999 0.8061189828125 0.44824825312499994
0 0 0.421875 0.26688664609375 0.21290275625000002 0.420953028125 0.09098408359375 0.537109375 0 0.52710112578125 0.00121312109375 0.39487092421875 0.10554153749999999 0.28447690234375 0.19106657578125 0.10918090078125 0.3275427015625 0 0.412109375 0 0.421875
0 0 0.1513671875 0.12677115703125 0.061869177343750005 0.21290275625000002 0.0006065609375000001 0.20380434765625002 0.00121312109375 0.11888586953125 0.06308229843749999 0.0006065609375000001 0.145574534375 0 0.1513671875
0 0.23828125 0 0.13586956484374998 0.0776397515625 0.00121312109375 0.1759025625 0 0.1826171875 0.14860733671874998 0.07218070625 0.244140625 0 0.23828125 0
0 0 0.2194508984375 0.15891886640625 0.09765625 0.28144409921875 0.0006065609375000001 0.275390625 0 0.1431482921875 0.10493497656249999 0.000030328125 0.21364276015625 0 0.2138106265625 0 0.2194508984375
0 0 0.3063650671875 0.17347631953125 0.16134510859375 0.35423136640625 0.0054590453125 0.3544921875 0 0.15406638203125 0.172869759375 0 0.30267371875000004 0 0.3063650671875
0 0.6357421875 0 0.7429929125 0.04278753203125 0.87538257109375 0.09362918828125 0.9990234375 0.13671875 0.99871133984375 0.13289304140625 0.88343669453125 0.09262242265625001 0.76816204921875 0.049331507812499995 0.6474609375 0 0.6357421875 0
0 0.24061694609375 0.056882248437500005 0.2758537375 0.05436533515625001 0.30857361484375 0.050338273437500004 0.34632731953125 0.043794297656249995 0.3911283828125 0.03423002578125 0.43089561875 0.024665753906249997 0.47166961953125003 0.012584567968749998 0.497845521875 0.0025169132812500002 0.49331507734375 0 0.46512564453125 0.009564271874999999 0.43391591484375003 0.0196319265625 0.40522309921875 0.02768605 0.3730066046875 0.03473340859375 0.3327359859375 0.04228414921875 0.30656008359375 0.04631121171875 0.26981314453125 0.05134503828125 0.2235019328125 0.05436533515625001 0.18927190703125002 0.05436533515625001 0.17517719062499998 0.05235180390625001 0.17215689453125 0.05738563125 0.20588353750000002 0.0578890140625 0.24061694609375 0.056882248437500005
3 0.1641027703125 0.06292284140625 0.177190721875 0.0609093109375 0.1776941046875 0 0.15101481953125 0.0015101484375 0.164606153125 0.17266027734375 0.17014336328125 0.2617590203125 0.17920425234374998 0.2637725515625 0.1641027703125 0.06292284140625
0 0.255718428125 0.13943701640625 0.29951272578125 0.12987274453125 0.34632731953125 0.1162814109375 0.39364529609375 0.10067654609375001 0.440459890625 0.08255476796875 0.48274403984375003 0.06191607578125 0.51345038671875 0.04631121171875 0.5854341171875 0.0010067656249999998 0.58040028984375 0.0005033828124999999 0.54264658515625 0.024162371093750003 0.5184842140625 0.038257087499999995 0.495831990625 0.050338273437500004 0.45858166875000006 0.06997020000000001 0.4288820875 0.08205138515625 0.40320956796875 0.09312580546875 0.37048969062500003 0.10369684296875 0.32568862734375 0.1182949421875 0.27233005781249997 0.13188627578125 0.22803237734374998 0.14044378203125002 0.18222454921875 0.1469877578125 0.17568057343750001 0.15252496796874998 0.21041398203125 0.1469877578125 0.255718428125 0.13943701640625
0 0.23356958749999998 0.19329896875000002 0.29095521875 0.16309600546875 0.32719877578125 0.14145054765625 0.37048969062500003 0.1147712625 0.42183472968749997 0.079534471875 0.4610985828125 0.049331507812499995 0.495831990625 0.02315560546875 0.5184842140625 0.0005033828124999999 0.5154639171875 0.0005033828124999999 0.50338273203125 0.0110744203125 0.47166961953125003 0.037250321875 0.43391591484375003 0.0659431375 0.3986791234375 0.09111227421875 0.35438144296875 0.12081185546874999 0.30756684921875 0.14950467109375 0.2652827 0.17215689453125 0.23054929140625 0.18927190703125002 0.23356958749999998 0.19329896875000002
0 0.9951876609375001 0.04027061875 0.9951876609375001 0.03624355703125 0.937298646875 0.02365898828125 0.84467622421875 0.0010067656249999998 0.8356153351562501 0.0015101484375 0.9106193625 0.021142075 0.9951876609375001 0.04027061875
0 0.74701997421875 0.060405928124999994 0.837628865625 0.09664948437500001 0.91464642421875 0.1258456828125 0.99871133984375 0.1570554125 0.9982079578124999 0.15302835078125002 0.95743395625 0.136920103125 0.8985381765625 0.1147712625 0.8195070875000001 0.08456829921875 0.752557184375 0.0578890140625 0.68158021875 0.028692815625 0.61362355 0 0.6090931054687501 0.0025169132812500002 0.6664787375000001 0.02667928515625 0.74701997421875 0.060405928124999994
3 0.604059278125 0.14245731328125 0.6055694265625 0.0005033828124999999 0.59902545078125 0.0010067656249999998 0.5960051546875 0.14195393046875 0.5944950062500001 0.23356958749999998 0.60103898203125 0.23407297031250002 0.604059278125 0.23054929140625 0.604059278125 0.14245731328125
3 0.23265165468750001 0.341796875 0.22547104765624998 0.22116268359375 0.2276252296875 0.2032111671875 0.22906135078125 0.1910041359375 0.21829044140625 0.191722196875 0.22331686562500003 0.30661190234375 0.23265165468750001 0.45453239921875 0.24055032187499997 0.45237821718750004 0.23265165468750001 0.341796875