0 0.09375 0.47361111093749997 0.11993838046875001 0.35754651328125 0.13845915859375 0.2759442609375 0.1577171359375 0.1899669625 0.18559272265625 0.06629281875000001 0.20001956171875 0.000217353125 0.19904147109375 0 0.18510367734375 0.06216310234375 0.16424298671874998 0.15584891796875 0.13852210468749998 0.270822465625 0.11150234765625 0.38862806484375 0.0921875 0.47361111093749997 0.09375 0.47361111093749997
0 0.10546875 0.47361111093749997 0.1258250828125 0.379079575 0.1438737625 0.297029703125 0.161406765625 0.21360469375000002 0.1782570421875 0.13497652578125 0.19105816796875 0.07425742578125 0.206528465625 0 0.20454323125 0.00043470703125 0.18719059375 0.082049871875 0.17434467890625 0.14280125234375002 0.15796165859375 0.21996174609375002 0.13845915859375 0.30986431953125 0.12093926562499999 0.38983835546875 0.10286458359374999 0.47361111093749997 0.10546875 0.47361111093749997
0 0.06979166640625 0 0.02640845078125 0.095200834375 0 0.1518518515625 0 0.15540775546875002 0.038267801562499995 0.07216136328125 0.07135416640625 0 0.06979166640625 0
0 0.07450752890625 0 0.0263278671875 0.10588558828125001 0.0000283625 0.16388888906250001 0.00012226171875 0.16757955156249998 0.040223982812499996 0.07846461484375 0.07604166640625 0 0.07450752890625 0
0 0 0.18575230781250002 0.0421801640625 0.09020170390625 0.08154831796874999 0.00043470703125 0.08020344296875001 0.00043470703125 0.0263433375 0.12285478515625 0.00012226171875 0.18170752890625 0 0.18360254296875 0 0.18575230781250002
2 0.10058097031249999 0.2986437140625 0.099169921875 0.2219328703125 0.09838026640625 0.13954094921875 0.102414890625 0.14041036328125 0.10278167499999999 0.13258563750000002 0.09794921875 0.13006365703125 0.0972799140625 0.0728134234375 0.10265941328124999 0.07390019140625001 0.10253715234375001 0.06672752578124999 0.09740217578125 0.06629281875000001 0.0972799140625 0.05064336640625 0.09471242578125 0.05086071953125 0.0949569484375 0.05868544609375 0.09018875625 0.05977221328125 0.08981119765625 0.070746528125 0.09532373281249999 0.07237871640625 0.09591471328125 0.1286168984375 0.08899739609375 0.12717013906250002 0.08994423359375 0.13693270703125 0.09617956250000001 0.1391062421875 0.09794921875 0.3000578703125 0.10058097031249999 0.2986437140625
3 0.1140698359375 0.24191444999999998 0.11300455703125001 0.15104166640625 0.11259765625 0.067853009375 0.118701171875 0.0656828703125 0.11707356796874999 0.049768518750000004 0.11259765625 0.05193865703125 0.1123581765625 0.02825595546875 0.11798219843749999 0.030864197656249998 0.11871576718750002 0.02369153203125 0.11259765625 0.02010995390625 0.11178385390625001 0.012152778125 0.10974934921874999 0.012876157031249998 0.11040199531249999 0.019561815625 0.105633803125 0.019996522656249998 0.10568033828125001 0.02734375 0.11052425703124999 0.0278212484375 0.11040199531249999 0.049556599218750004 0.104052734375 0.048321759375 0.10445963515625001 0.06134259296875 0.11056315078125001 0.06351273125 0.11056315078125001 0.1452546296875 0.11056315078125001 0.24508101875000002 0.1140698359375 0.24191444999999998
2 0.1310641625 0.18018605468749999 0.13009440078125 0.040364583593749996 0.133387128125 0.022387410937499998 0.13333333359375 0 0.12213908437500001 0.000217353125 0.12287265234375 0.019561815625 0.12683919296875 0.036024305468750004 0.128129890625 0.18083811484375 0.1310641625 0.18018605468749999
0 0 0.34120370390625 0.01235875703125 0.3057648046875 0.03795903984375 0.22938899375 0.06355932187499999 0.15170537734375 0.09033662890625001 0.0693136640625 0.09018950078125 0.06617493203125 0.057379943749999995 0.16661435468750002 0.0251588984375 0.26156099609375 0 0.33333333359375 0 0.34120370390625
0 0 0.39398148125 0.0185381359375 0.33845992890625 0.0395774484375 0.27280811875 0.05840983984375 0.21421845546874999 0.07709510390624999 0.15562879296875 0.0956332390625 0.09546976328125 0.0957803671875 0.090761665625 0.0741525421875 0.16059845156250002 0.0525247171875 0.228865871875 0.025600282812500003 0.3128269515625 0 0.39074074062499997 0 0.39398148125
0 0 0.4513888890625 0.009416196093749999 0.42346725234375004 0.03325094140625 0.35363046640625 0.0538488703125 0.29242519375 0.07915489609375001 0.215787821875 0.0965160078125 0.1621678171875 0.09475047109375 0.16269093984375 0.08415725078125 0.196170746875 0.0610581453125 0.26653065468750003 0.0394303203125 0.33192090390625 0.0180967515625 0.39417242109375 0.00044138437500000003 0.44700774218749995 0 0.4513888890625
0 0.1136762640625 0.0977944234375 0.12025983124999999 0.0715251765625 0.12640449453125 0.04629629609375 0.12611189140625 0.0434352890625 0.11777270625 0.076206825 0.11323735937499999 0.094673325 0.1136762640625 0.0977944234375
0 0.09963132031250001 0.05774032421875001 0.105922284375 0.0408343734375 0.10972612343749999 0.029130253906249997 0.10870201328125 0.02834997890625 0.10475187265625 0.039533915625 0.0987535109375 0.056179775 0.09963132031250001 0.05774032421875001