2 0.02421875 0 0.026041666406250004 0.10357815468750001 0.00018096718750000001 0.08459667265625001 0 0.10416666640625001 0.02578125 0.12461550546875 0.03072916640625 0.47361111093749997 0.039322916406250005 0.47361111093749997 0.0324020125 0.13010828593749998 0.0537017421875 0.1480435234375 0.054471221874999996 0.2807674203125 0.06020921640625 0.27998273671875 0.05976783203125 0.15286409296875 0.0965160078125 0.18361581953125 0.09635416640625 0.47361111093749997 0.10546875 0.47361111093749997 0.10387241015625 0.1893701609375 0.13921698437500002 0.21956214687500003 0.13921698437500002 0.38199152578125 0.14627913125 0.385914940625 0.14756944453125 0.1964323078125 0.10357815468750001 0.1611215734375 0.10338541640625001 0 0.09635416640625 0 0.0965160078125 0.15641347578125 0.031519244531250004 0.10735247968749999 0.030208333593749997 0 0.02421875 0
2 0.1754104875 0.30116917734375004 0.17640654453125 0.1339192296875 0.18626412421875 0.139673571875 0.1860037078125 0.17326585078125 0.1880296609375 0.17210713515625 0.1883239171875 0.14176606015624998 0.19641596015625 0.1459510359375 0.19200211875 0.4731638421875 0.19557291640625002 0.47361111093749997 0.1989171375 0.145689475 0.2095103578125 0.15144381640625 0.20851430078125 0.1850360953125 0.21171727890624997 0.18544674609375 0.21304143125000002 0.14856664609375 0.198770009375 0.1412429375 0.199064265625 0.10357815468750001 0.19685734453124998 0.10331659374999999 0.19685734453124998 0.139673571875 0.17596516015625 0.12816488828125 0.17655367265625 0.1056706421875 0.17493526328125 0.1046243984375 0.17434675156249999 0.12764176640625 0.16375353125 0.12267210703125 0.16522481171875 0.1600753296875 0.16743173281249998 0.15981376875 0.1672846046875 0.12947269296875 0.1741996234375 0.1323498640625 0.1709966453125 0.4502589453125 0.17452771875 0.4502589453125 0.1754104875 0.30116917734375004
0 0.071875 0.47361111093749997 0.1101989171875 0.42582130156250003 0.13933027343749999 0.38789495703125 0.13727048046874998 0.38763339609375 0.10357815468750001 0.43000627734375 0.06988582890625 0.47290228046875005 0.071875 0.47361111093749997
0 0.14727518828125 0.38214061484375 0.18420433125 0.36487758984375 0.23614053671875 0.3410755390625 0.26640625 0.3263888890625 0.2658604046875 0.32407407421875 0.22981403046875 0.3415986609375 0.19744585703125 0.3562460765625 0.14742231640625 0.37821720000000003 0.14727518828125 0.38214061484375
0 0.061352400781250004 0.2801318265625 0.09842867265625001 0.27280811875 0.16095809765625 0.258683825 0.20906897343750003 0.24717514140625002 0.26640625 0.2328703703125 0.2661546609375 0.2306967984375 0.21392419999999998 0.24429797031249997 0.1531603109375 0.2584222640625 0.09048375703125 0.2720234359375 0.06179378515625 0.2780393390625 0.061352400781250004 0.2801318265625
0 0 0.334722221875 0.031960628906249997 0.30509259296875 0.0541431265625 0.28405524140625 0.053995998437500005 0.28117807109375004 0.0248646421875 0.308641975 0 0.33101851875 0 0.334722221875
0 0.0962217515625 0.20637162578125 0.0956332390625 0.2034944546875 0.08268596953125 0.20480226015624997 0.06355932187499999 0.20689474765625002 0.049435028125 0.208725675 0.036046375000000005 0.209248796875 0.03575211875 0.21212596796875 0.07356403046875 0.20820255312499997 0.0962217515625 0.20637162578125
0 0.2017125703125 0.19277045390625 0.22216337109375 0.1898932828125 0.25070621484375 0.18544674609375 0.2660075328125 0.18256957499999998 0.2660075328125 0.1804770875 0.24688088515625 0.18413894140625 0.21245291875 0.1898932828125 0.19317914296875 0.19250889296875 0.16905014140625002 0.1953860640625 0.149482109375 0.19747855234375 0.1484522125 0.19904791796875002 0.17243408671875 0.1964323078125 0.2017125703125 0.19277045390625
0 0.027365819531250002 0.2432517265625 0.0005885125 0.25763758124999997 0.00029425625 0.2599916296875 0.027218691406250002 0.24482109218749998 0.027365819531250002 0.2432517265625
0 0.02795433125 0.27620841171875 0.00044138437500000003 0.2926867546875 0.00029425625 0.29451768125 0.027807203125000002 0.2780393390625 0.02795433125 0.27620841171875
0 0.08430437890625 0.2427286046875 0.09681026328125 0.23435865234375003 0.0962217515625 0.23331240859375 0.07709510390624999 0.24560577499999997 0.04840513203125 0.26339192265625 0.03575211875 0.271238753125 0.036046375000000005 0.2730696796875 0.06517773046875 0.25476041015625 0.08430437890625 0.2427286046875
0 0.248352165625 0.0986084953125 0.26640625 0.09768518515624999 0.2655661484375 0.0965160078125 0.241584275 0.09677756875 0.21922081015625 0.0965160078125 0.20068267421875002 0.0965160078125 0.20097693046875 0.098346934375 0.22319326718750002 0.0980853734375 0.248352165625 0.0986084953125
0 0.10533271171875 0.264994471875 0.131098646875 0.24691358046874998 0.159748134375 0.22699005 0.184619140625 0.20818865703124997 0.20210113984375 0.19428616640625002 0.20075404218749998 0.19382255390625 0.16421797265625 0.22146213359375003 0.13543892421874998 0.24176954765624997 0.106304415625 0.2622305140625 0.10533271171875 0.264994471875
0 0.20254629609375 0.01206869296875 0.23993945859375 0.01800411484375 0.26631499296875 0.02057613203125 0.26640625 0.01620370390625 0.24617165234375 0.01444286171875 0.22426927890625 0.01174682109375 0.19798343984375 0.00890313359375 0.1769497859375 0.005539728125 0.15981125390625 0.00197847421875 0.14505208359375 0 0.1581934078125 0.0038004421875 0.20254629609375 0.01206869296875
0 0.15566697734374998 0.19589552265625002 0.1739350125 0.18345771171875 0.18462375625 0.17551133203125 0.18462375625 0.1734383640625 0.16515313359375 0.18755935390625 0.152751865625 0.19589552265625002 0.15566697734374998 0.19589552265625002
0 0.16441231328125 0.16238253203125 0.16382929140625 0.1606550578125 0.1510027984375 0.1686014375 0.1370102609375 0.1779297953125 0.1311800375 0.18138474296875 0.1327347640625 0.18242122734375 0.14439521171875 0.1751658375 0.16441231328125 0.16238253203125
0 0.15197450234375 0.12092316171874999 0.17101990078125 0.1119402984375 0.18773320859375 0.10399391953124999 0.19764458984375 0.09915699296875 0.19783893046875 0.09742951875 0.19045398046875 0.10053897187500001 0.1760727609375 0.107103371875 0.162259615625 0.11435580859375001 0.14264614453125 0.12299613046874999 0.12321206484375 0.13197899375 0.10552705234375 0.14027086796875 0.10494402968750001 0.14268933125 0.12748756249999998 0.13232448828125 0.15197450234375 0.12092316171874999
0 0.24175995 0.169637921875 0.22310323359375 0.17067440546874998 0.20600124375 0.17171088984375 0.20017101953125 0.1724018796875 0.19919931562499998 0.17378385859375 0.21319185312500002 0.17309286875000002 0.23301461406250001 0.1724018796875 0.2505052859375 0.17067440546874998 0.26585820859375 0.16929242656250001 0.266246890625 0.16791044765625002 0.24175995 0.169637921875
0 0.209499378125 0.091901603125 0.22357995000000003 0.091801203125 0.24214863203124998 0.091901603125 0.266246890625 0.09155610859374999 0.26527518671875 0.0891376453125 0.248173196875 0.08982863437500001 0.23184856953125 0.09017412968750001 0.21591262421875 0.09017412968750001 0.1968672265625 0.08948313984375 0.17918221406249998 0.0881011609375 0.17895299140625 0.09002057578125 0.1900652984375 0.09086511875 0.209499378125 0.091901603125
0 0.0048967234375 0.33258151328125 0.03538995703125 0.3124010765625 0.059762285937500007 0.2961775875 0.07868144609375 0.28252611562499996 0.07734597578124999 0.28213042109375 0.061320334374999994 0.29340772421875 0.03238514921875 0.31200538125 0.0046741453125 0.33040519140625 0.0048967234375 0.33258151328125
0 0.03538995703125 0.2397910734375 0.054541015625 0.22989004609375 0.08268785625 0.21248812890625 0.08101851875 0.2114988921875 0.05820423828125 0.22534821171875002 0.03505608984375 0.23860398828124998 0.03538995703125 0.2397910734375
0 0.11919070546874999 0.0005935421875 0.13532763515625 0.00375910078125 0.1499065171875 0.0073203546875 0.17706107578125002 0.012662235156250002 0.19264156015625 0.01582779375 0.20610754999999997 0.01800411484375 0.21990740703124997 0.02018043671875 0.2656472578125 0.025522317187499997 0.2654246796875 0.02354384296875 0.22335737187500002 0.0185976578125 0.20521723671875 0.01602564140625 0.18830128203125002 0.0130579296875 0.16270477187500001 0.007913896875 0.13810986484375 0.0031655585937500003 0.12286324765625001 0.00039569453125 0.11919070546874999 0.0005935421875
0 0.26497952265625 0.0096945234375 0.25240384609375 0.0096945234375 0.23526531328125003 0.00890313359375 0.22191061250000002 0.007913896875 0.2062188390625 0.006331117187500001 0.1894141734375 0.00474833828125 0.17283208671875 0.00237416875 0.16170316953125 0.00019784765625 0.1549145296875 0.00019784765625 0.16181445859375002 0.0017806265625000001 0.17238693046875 0.00356125390625 0.18362713671875 0.0049461851562499996 0.20065438046875 0.00751820234375 0.2136752140625 0.00929882890625 0.2330395296875 0.01048591328125 0.25073450859375 0.01147515 0.26553596874999996 0.01147515 0.26497952265625 0.0096945234375
0 0.00289351875 0.2150601453125 0.0262642453125 0.21288382421875 0.026709401562500002 0.21011396015625 0.00267093984375 0.21189458671875 0.00289351875 0.2150601453125
0 0.0017806265625000001 0.16164134218749998 0.0252626421875 0.15214466640625 0.02537393125 0.1503640390625 0.0003338671875 0.1604542578125 0.0017806265625000001 0.16164134218749998
0 0.035167378906250005 0.1741057296875 0.052862357812500003 0.16638968046875 0.0530849359375 0.1640155109375 0.03383190859375 0.17212725546875002 0.035167378906250005 0.1741057296875
0 0.10472311249999999 0.23029439687500003 0.13031962265625 0.21327951875 0.12920673046875 0.2114988921875 0.1043892453125 0.22792022812499999 0.10472311249999999 0.23029439687500003
0 0.10527955859375 0.1208847734375 0.11763265703125 0.11574074062499999 0.13276798437499998 0.10921177578125 0.13588408125 0.10565052265625 0.11930199453125001 0.1127730296875 0.10594729375 0.11811491015625 0.10527955859375 0.1208847734375
0 0.15068554140624998 0.10090218437500001 0.17238693046875 0.09219689765625 0.17272079765624998 0.08982272890625001 0.1486823359375 0.0997151 0.15068554140624998 0.10090218437500001