2 0.09383106328125 0.2547197 0.13000567421875 0.25544026484375004 0.13067755234375 0.27694361015625 0.13443130625 0.2794461125 0.13372747734374998 0.25608942265625 0.17196884375 0.25734067421875 0.1525008109375 0.34677186953125 0.15625 0.35469808359375 0.17783408437499998 0.256923590625 0.21999028984375002 0.25958097890625 0.21027983749999998 0.27448995625 0.21381091093750001 0.2823367859375 0.23085585546875 0.25525525546875 0.23014212578125 0.2415332703125 0.18041478984374998 0.2410744078125 0.19880384921875 0.16384965468749998 0.1921830859375 0.163064971875 0.174969103125 0.2407485875 0.146720515625 0.2399639046875 0.08957522734375 0.23724600078125002 0.067712746875 0.15914155703125 0.06020921640625 0.15914155703125 0.08187875390625 0.236069403125 0.03549170234375 0.2344711234375 0.034167549218749996 0.24702605156250002 0.0509401484375 0.2768440046875 0.053588453125000005 0.2697818578125 0.0452796546875 0.252752753125 0.087274775 0.25400400390625 0.11582362265624999 0.35531230390625 0.118471928125 0.3443267421875 0.09383106328125 0.2547197
0 0.051678015625 0.27957918984374996 0.050563391406250005 0.28156074375 0.044270833593749996 0.47361111093749997 0.0455142640625 0.47297297265625 0.051678015625 0.27957918984374996
0 0.05117887343750001 0.47223006874999995 0.0592777234375 0.25562040625 0.058264429687499994 0.25580054765625004 0.050259403125000005 0.472150165625 0.05117887343750001 0.47223006874999995
0 0.13125 0.47361111093749997 0.13193093359375002 0.47287073046875 0.13253891015625 0.282641590625 0.131728275 0.2812004609375 0.1309176390625 0.47287073046875 0.13125 0.47361111093749997
0 0.20528340859375 0.47297297265625 0.2005693859375 0.26115034531250003 0.19880384921875 0.26350439453124996 0.20387575078125 0.47213880546875 0.20528340859375 0.47297297265625
0 0.21935998515625 0.47213880546875 0.21466779296875 0.28236569921875 0.21336952656250002 0.28312146875 0.21796875 0.47361111093749997 0.21935998515625 0.47213880546875
0 0.20101076953125002 0.0029896421874999997 0.19921875 0 0.21138325859374998 0.240240240625 0.212790915625 0.23898898906250002 0.20101076953125002 0.0029896421874999997
0 0.19988738749999999 0.23982315625 0.19615554375 0.10970652890624999 0.1919106609375 0.00208541875 0.19036458359375 0 0.19472597578125 0.11344678046875001 0.197072071875 0.18226559921875002 0.19836246484375 0.23917922187500001 0.19988738749999999 0.23982315625
0 0.1330236484375 0.23690357031249998 0.13385619296875 0.10556276093750001 0.13466682890624998 0.00126098828125 0.13345087578124998 0.00018014140625 0.13284289921875 0.11511024609375001 0.13193093359375002 0.23616515312500003 0.1330236484375 0.23690357031249998
0 0.054616569531250006 0.23436374140625 0.062520265625 0.10718403203125 0.06930933828125 0.00018014140625 0.06803678671874999 0.00041708359374999996 0.062520265625 0.08935005078125 0.053400616406250004 0.23454388203124998 0.054616569531250006 0.23436374140625
0 0.060189689062499996 0.23328289375 0.0626215953125 0.17041360390625 0.06201361875 0.1687923328125 0.058872406249999995 0.23400345859375 0.060189689062499996 0.23328289375
0 0.0664721140625 0.09493442890625 0.0696133265625 0.0356679640625 0.07133592734375001 0.00072056484375 0.0703828828125 0.0012512515625 0.06880269140625 0.0329658453125 0.06515483125 0.0979968296875 0.062640765625 0.14848181484375 0.06363488984375 0.15005764531250002 0.0664721140625 0.09493442890625