2 0.24913877968749998 0.0738309125 0.2746196546875 0.07754141796875 0.281472725 0.12037310703125 0.29517886484375 0.12037310703125 0.28681717500000004 0.079213540625 0.30988558046875003 0.083058275 0.3483329234375 0.4583043375 0.35602239140625 0.4521527625 0.31834399609375 0.083827221875 0.3460260828125 0.08690300859375 0.35063976406249997 0.13380876640625 0.36199629921875 0.12893944453125 0.36028303203125 0.08439448828125 0.31834399609375 0.07536880625 0.31065452734375 0.0153909515625 0.302965059375 0.0161598984375 0.31065452734375 0.0769067 0.24913877968749998 0.06537249687499999 0.23864103593750002 0.0055841812499999996 0.23222194843750002 0.00308780234375 0.24298720468749999 0.062296709375 0.20838459609374999 0.059989868749999994 0.21453617109374998 0.10766457421875 0.22664816328124998 0.10666696640625 0.21914985234375 0.06537249687499999 0.2422182578125 0.07229301875000001 0.2900390625 0.4390408703125 0.30031866796875 0.4390408703125 0.24913877968749998 0.0738309125
0 0.3505859375 0.9990234375 0.36909448828125 0.9165846453125001 0.402159203125 0.777405265625 0.44137549218750005 0.6043922242187499 0.48674335625 0.41292445859375004 0.5813238187499999 0 0.57517224375 0.0023068406249999998 0.49289493125000006 0.36063607265625 0.4459891734375 0.56210014765625 0.42138287421875004 0.67282849375 0.3813976375 0.8450725882812501 0.3460260828125 0.9942482773437501 0.3505859375 0.9990234375
0 0.4267578125 0.9990234375 0.47597810078125 0.71127583671875 0.50981176171875 0.51750123046875 0.5467212109374999 0.31065452734375 0.60054748984375 0.000768946875 0.5947265625 0 0.5436454234375 0.29143085625 0.4913570375 0.5928580218749999 0.4506028546875 0.8250799703125 0.42061392734374997 0.99271038359375 0.4267578125 0.9990234375
0 0.677734375 0 0.66821481328125 0.2898929625 0.65898745078125 0.56594488203125 0.65283587578125 0.772791584375 0.6451464078125 0.99809301171875 0.64976008828125 0.99809301171875 0.65821850390625 0.74664739140625 0.66590797265625 0.5390317421875 0.67282849375 0.31526820859375004 0.682824803125 0 0.677734375 0
0 0.94503567890625 0.9988619585937499 0.9296567421875 0.9081262304687501 0.9019746554687501 0.7358821359375 0.879675196875 0.60285433046875 0.84891732265625 0.41215551171875 0.8189283953125001 0.22914616171875002 0.785094734375 0 0.77971210625 0.0023068406249999998 0.786632628125 0.0545952265625 0.81739050234375 0.2545214078125 0.872754675 0.60131643671875 0.9081262304687501 0.81354576796875 0.9388841046874999 0.9942482773437501 0.94503567890625 0.9988619585937499
0 0.9488804132812501 0.99578617109375 0.9342704234375001 0.9065883367187499 0.90889517734375 0.7389579234375 0.8881336125000001 0.59824064921875 0.85891363203125 0.41753813984375 0.8320004921875 0.23145300234375 0.7973978835937501 0.000768946875 0.7919921875 0 0.79816683046875 0.0484436515625 0.8289247046874999 0.2545214078125 0.881213090625 0.60054748984375 0.91427780546875 0.81277682109375 0.94154466015625 0.993956078125 0.9488804132812501 0.99578617109375
0 0.021484375 0.9990234375 0.0384473421875 0.95733882890625 0.08073941953125 0.84661048203125 0.1345656984375 0.71281373046875 0.19223671250000002 0.56210014765625 0.2483698328125 0.41676919296875 0.304502953125 0.27374507890625 0.3537155515625 0.14302411406249999 0.3498708171875 0.13687253906250002 0.2898929625 0.29527559062500003 0.21914985234375 0.476747046875 0.16070989140625 0.6259227359375 0.086122046875 0.8181594484374999 0.016147883593750002 0.99732406484375 0.021484375 0.9990234375
0 0 0.74895423203125 0.02845103359375 0.6882074312500001 0.10303887812500001 0.5290354328125 0.16224778515625 0.40139025625 0.22991510859375 0.25375246093750004 0.287586121875 0.12687623046875002 0.28066560078124997 0.13148991171875 0.20915354296875002 0.28604822812499997 0.12841412421875 0.45983021640625 0.061515747656249994 0.6043922242187499 0.00153789375 0.7343442421875 0 0.74895423203125
0 0.00153789375 0.6451464078125 0.0430610234375 0.56594488203125 0.08535310078125 0.48059178124999996 0.1422551671875 0.36678764765625 0.18916092499999998 0.27374507890625 0.2345287890625 0.18224040390625001 0.27374507890625 0.10150098437499999 0.27297613203125 0.09150467500000001 0.2337598421875 0.17147514765625 0.1576341046875 0.32372662421875 0.10995939921875 0.41676919296875 0.051519439062500005 0.5351870078125 0.00153789375 0.6351500984375 0.00153789375 0.6451464078125
0 0.07612573828125 0.390625 0.13148991171875 0.28681717500000004 0.18300935078125 0.189929871875 0.22299458671875 0.11534202734375001 0.21607406484374997 0.11611097421875001 0.1953125 0.1545583171875 0.1445620078125 0.2514456203125 0.07843257890625 0.37447711640625003 0.0384473421875 0.4475270671875 0.044598917187499997 0.4459891734375 0.07612573828125 0.390625
0 0.000768946875 0.41369340546875 0.051519439062500005 0.32834030546875004 0.11072834609375 0.23145300234375 0.16147883828125 0.14533095468749999 0.20607775625000002 0.06997416328125 0.19992618125 0.07151205703124999 0.1422551671875 0.16763041328125 0.08150836640625 0.26913139765625 0.0023068406249999998 0.399083415625 0.000768946875 0.41369340546875
0 0.36601870078125 0.11611097421875001 0.402159203125 0.051519439062500005 0.4275344484375 0.003844734375 0.4228515625 0 0.396007628125 0.0499815453125 0.36371186015625 0.10995939921875 0.36601870078125 0.11611097421875001
0 0.32603346484375 0.06997416328125 0.3437192421875 0.0407541828125 0.36832554140624996 0.0030757875 0.36294291328125 0.000768946875 0.3444881890625 0.03075787421875 0.32218873046874996 0.06536048203125 0.32603346484375 0.06997416328125
0 0.26297982265625 0.06305364140625 0.2898929625 0.02845103359375 0.30988558046875003 0.0023068406249999998 0.302965059375 0.00153789375 0.282972440625 0.02768208671875 0.25682824765625 0.06228469453125 0.26297982265625 0.06305364140625