2 0.5123309234375 0.7819787781249999 0.50941581171875 0.53200792890625 0.51014458984375 0.310459421875 0.5611590484375 0.3345090953125 0.55897271484375 0.40884444999999997 0.5728194960937499 0.40592933750000004 0.5706331625 0.33596665078125 0.61609184453125 0.35727896328125 0.61475436953125 0.554174390625 0.60707206171875 0.76230177265625 0.6012418375 0.99842583984375 0.615234375 0.9990234375 0.6216476210937499 0.68869519609375 0.6279958953125 0.362172271875 0.67922108203125 0.3833372203125 0.6770347484375 0.46350279843750003 0.68942397421875 0.46423157656249997 0.69598297578125 0.39426888984374997 0.7018131999999999 0.37750699609375 0.6274778453125001 0.3483558765625 0.62561928359375 0.2262766765625 0.61800373125 0.22737873125000002 0.61800373125 0.34398320859375 0.50941581171875 0.29807019609375 0.5108733671875 0.19021105390624998 0.50212803203125 0.1858383859375 0.50067047578125 0.29515508359375 0.4481984609375 0.27256296640625 0.44163945859375 0.28130830234375004 0.44758011093750005 0.28603350078125 0.44592492031250003 0.35886189062499996 0.4620452421875 0.356372434375 0.46008003046874996 0.290586890625 0.50057164609375 0.30964176796875 0.5013992539062501 0.47734958046875003 0.50054621328125 0.70645193359375 0.4977553640625 0.9947819499999999 0.5123309234375 0.9947819499999999 0.5123309234375 0.7819787781249999
0 0.00218633359375 0.79509678203125 0.20187150156250003 0.5626166046875001 0.32649253749999996 0.41831856328125 0.43799556875 0.28713852578125 0.43508045703125 0.2842234140625 0.38042210859375 0.34762709921875 0.2361240671875 0.51743236953125 0.10713036406250001 0.667560634375 0 0.791015625 0.00218633359375 0.79509678203125
0 0.08745335859375 0.844653684375 0.1872959421875 0.71565998125 0.27256296640625 0.6041569499999999 0.34616954296875 0.50868703359375 0.455486240625 0.36293143671875 0.45111357265625 0.36366021484375 0.3345090953125 0.51670359140625 0.1953125 0.69744053203125 0.083080690625 0.8417385726562501 0.00510144609375 0.9430387124999999 0.00437266796875 0.9517840484375 0.08745335859375 0.844653684375
0 0.0947265625 0.9990234375 0.196041278125 0.8585004664062501 0.276935634375 0.7477262125 0.41175956171875 0.5604302703124999 0.55448887734375 0.35752118671875 0.55007503515625 0.35807291640625 0.39208255625 0.58010727578125 0.26746152031250003 0.75282765859375 0.18948227578125001 0.861415578125 0.0888671875 0.9990234375 0.0947265625 0.9990234375
0 0.1767578125 0.9990234375 0.275478078125 0.8512126867187501 0.392280190625 0.67642125703125 0.48609491640625 0.53419426328125 0.5604302703124999 0.41977611953125005 0.55387126875 0.42633512109374994 0.47151935624999997 0.54949860078125 0.360016325 0.717846315625 0.25944496250000004 0.8672458023437499 0.169921875 0.9990234375 0.1767578125 0.9990234375
0 0.38552355390625 0.99842583984375 0.47006180000000003 0.8504839085937499 0.568446828125 0.6763059703125001 0.6828649718750001 0.472248134375 0.6763059703125001 0.472248134375 0.55228195625 0.6962835453125 0.452970515625 0.8711820265625001 0.37890625 0.9990234375 0.38552355390625 0.99842583984375
0 0.69598297578125 0.45184235078125 0.7878090015625 0.33596665078125 0.85194146484375 0.2506996265625 0.9124300375000001 0.1690764921875 0.9627157179687501 0.09911380625 0.99623950546875 0.050285681250000006 0.99551072734375 0.04299790078125 0.9262768187500001 0.1399253734375 0.861415578125 0.22883628749999999 0.78782061328125 0.32575807734375 0.6923390859375 0.4489272390625 0.69598297578125 0.45184235078125
0 0.6354944031249999 0.34033931875 0.7076434234375 0.26527518671875 0.7899953359375 0.17563549453125 0.864330690625 0.0896396921875 0.9415811570312499 0.00145755625 0.935546875 0 0.8759911382812501 0.07069146484375 0.8038421171874999 0.1530433765625 0.73096431875 0.23393773359374997 0.6340368468750001 0.33669542890625 0.6354944031249999 0.34033931875
0 0.8408203125 0 0.8293493468750001 0.01093166953125 0.7207614273437499 0.11733325546875 0.6295241875 0.20248499296875 0.519618703125 0.3002565296875 0.52469544453125 0.3023481640625 0.63768073671875 0.19968516796875 0.6704757460937499 0.16980527031249998 0.73752332109375 0.10713036406250001 0.8140450093749999 0.03206623125 0.845703125 0 0.8408203125 0
0 0.7431640625 0 0.6923390859375 0.04299790078125 0.61475436953125 0.11058328906249999 0.51816114765625 0.19093983203125 0.51670359140625 0.19968516796875 0.59978428203125 0.128264925 0.6770347484375 0.06267490703125 0.74918376875 0 0.7431640625 0
0 0.92578125 0.9951171875 0.939453125 0.9560546875 0.966796875 0.8779296875 0.9990234375 0.7783203125 0.992919921875 0.77789306640625 0.94561767578125 0.9136962890625 0.9150390625 0.9990234375 0.92578125 0.9951171875
0 0.5793167375 0.32386564296875 0.608006709375 0.28303760625 0.6355932203125 0.24883033203125 0.672007415625 0.20910575546875002 0.725525246875 0.15503619375 0.78511211171875 0.09269067812500001 0.8336643710937499 0.041931496875 0.870630296875 0.00055173046875 0.867319915625 0.00055173046875 0.8033192093749999 0.0673110875 0.75476694921875 0.11917372890625 0.69242143359375 0.1842778953125 0.6389036015625 0.23669226718749997 0.622903425 0.25545109453125 0.59973075546875 0.28745144765625 0.57379943515625 0.32607256328125 0.5793167375 0.32386564296875