1 0.155932203125 0.47066070312499997 0.16431850312500001 0.47066070312499997 0.163435734375 0.41808694296875004 0.17138065 0.46281387343749997 0.1678495765625 0.41102479609375 0.15884238281250002 0.23692810468749997 0.155932203125 0.08381198984375 0.1532838984375 0.03437696171875 0.14798728828125002 0.0579174515625 0.14048375703125 0.02103735078125 0.13298022578125 0.08773540468749999 0.13783545234375 0.09165881953125 0.1347457625 0.23211707499999998 0.12900776875 0.357666353125 0.12238700546875 0.4714453859375 0.128125 0.47361111093749997 0.1391596046875 0.42436440703124995 0.1462217515625 0.42671845546875 0.155932203125 0.47066070312499997
0 0 0.2018518515625 0.0338162421875 0.19372527890625 0.0745221484375 0.182713053125 0.0975930421875 0.17608324375 0.1359602546875 0.16495864765624998 0.1350121359375 0.16361021250000002 0.10669498359375 0.1720379359375 0.07648159375 0.18102750781250002 0.05157766953125 0.18810679609375 0.0197208734375 0.19586030234375001 0 0.20046296328125002 0 0.2018518515625
0 0.05796167109375 0.18158935625 0.09860436875 0.16956580390625 0.13614987890625002 0.15821646875 0.13586956484374998 0.1567172765625 0.11597437890625 0.163043478125 0.08572722578125 0.171957671875 0.06497775078125 0.17776878828125 0.0373558859375 0.185859403125 0.012616459375 0.19208649609375 0.00031603984375 0.1954108234375 0.00025283203125 0.196759259375 0.02503033984375 0.19080366796874998 0.05796167109375 0.18158935625
0 0 0.19351851874999998 0.026041666406250004 0.1872078390625 0.05069275859375 0.18035328984375001 0.075407059375 0.17383585078125 0.10772515546874999 0.16448125156249999 0.13608667109375 0.15574433671875001 0.13577063125 0.15495774921875 0.11314219218749999 0.16181229765625 0.08463541640625 0.170240021875 0.054801274218749994 0.1778811578125 0.02332372578125 0.18687072968750001 0 0.19215210390624998 0 0.19351851874999998
0 0.060932443749999995 0.1730492625 0.0891231796875 0.16507101796874998 0.1360234625 0.15035059296875 0.1359602546875 0.14888978749999998 0.09860436875 0.16080097109375 0.06314472109375 0.171026609375 0.02231239921875 0.18237594375 0 0.18796296328125 0.00031603984375 0.18934286250000001 0.029770934375000002 0.18192646562499998 0.060932443749999995 0.1730492625
0 0.07569875781249999 0.1639061421875 0.105999696875 0.15462063984375002 0.13633950234375 0.145293959375 0.1359602546875 0.1441702625 0.10998179609375 0.15248561640625 0.07648159375 0.16237414609375 0.0473427390625 0.1701276515625 0 0.18192646562499998 0.000126415625 0.18338727109375 0.03767192578125 0.17406058984375 0.07569875781249999 0.1639061421875
0 0.22565516562500001 0.20697167734375 0.26548359765625 0.22624434375 0.26619061093749996 0.22519691640625 0.23319664375000002 0.2090665328125 0.19218985703125 0.1893748953125 0.1578996984375 0.17219708359375002 0.15860671171875002 0.17408245312499998 0.19643193828125 0.193145634375 0.22565516562500001 0.20697167734375
0 0.21952771484375 0.197754315625 0.26640625 0.2203703703125 0.26640625 0.21759259296875003 0.23449283593749998 0.20236299609375 0.20291289609375 0.18769901093750002 0.15837104062500001 0.16570303359375 0.15813536953125001 0.167588403125 0.18900829531250002 0.183299815625 0.21952771484375 0.197754315625
0 0.21999905703125 0.18225238828125 0.26640625 0.203240740625 0.26630844609375004 0.20131556874999998 0.22824754921874998 0.1841377578125 0.19796380078125 0.16989274375000002 0.17097944921875 0.15711412734375002 0.15778186249999998 0.1508295625 0.1578996984375 0.15271493203125 0.1862980765625 0.16633148984374999 0.21999905703125 0.18225238828125
0 0.23743872578124997 0.17827216328125 0.26640625 0.190740740625 0.26640625 0.1893518515625 0.23248963046874999 0.17471091015625 0.19254336328125 0.15669515703125 0.15754619140624998 0.14035528749999998 0.15778186249999998 0.14224065703125 0.19796380078125 0.16088486640625 0.23743872578124997 0.17827216328125
0 0.2122219078125 0.1841377578125 0.23755656093750002 0.1962879171875 0.26619061093749996 0.2090665328125 0.26583710390625004 0.20718116328125 0.24568721718750003 0.19859225703125 0.23013291875 0.19126026484375 0.21010086718749998 0.18183341718749998 0.18724076171874998 0.17094017109374998 0.1578996984375 0.15648567109375 0.15801753359374998 0.15816155546875 0.1820559953125 0.1696832578125 0.2122219078125 0.1841377578125
0 0.17969928359375 0.15711412734375002 0.20845116875 0.17052119999999998 0.23590686249999998 0.1824618734375 0.25617458515624997 0.19146975 0.26619061093749996 0.19586894609375 0.26583710390625004 0.1939835765625 0.25087198359374996 0.18769901093750002 0.23083993203125003 0.17848164921875 0.2095116890625 0.16947377265625002 0.1793457765625 0.15543824374999998 0.1567213421875 0.14538293984375 0.15731052031249998 0.1470588234375 0.17969928359375 0.15711412734375002