2 0.22081898828125 0.23472258984375 0.25710628515625 0.24607168046875 0.26550913671875 0.36548265390625 0.27709547109375 0.362172271875 0.26814088984375 0.2499337921875 0.32883121484375 0.26483050859375 0.35654462421875 0.99776549296875 0.3759765625 0.9990234375 0.3416479078125 0.26948159453125 0.39779749296875 0.28469279687500004 0.39945268359375 0.41379766953125 0.41324593906249996 0.41214247890625 0.4066251765625 0.26483050859375 0.3416479078125 0.24630892499999998 0.3306270421875 0.02489276953125 0.32105290000000003 0.02425449375 0.3300615734375 0.24465373437500001 0.21572651875 0.21627824843750001 0.20426708124999998 0.02285818359375 0.1953125 0.0236162171875 0.20855402578125 0.21627824843750001 0.15062235156249998 0.20248499296875 0.160001765625 0.3139344984375 0.1726915609375 0.31283103828125 0.16717425859374999 0.22234728124999997 0.20788211640625 0.23108756171875 0.26207185703125 0.99807997890625 0.2783203125 0.9990234375 0.22081898828125 0.23472258984375
0 0.00110346015625 0.725525246875 0.1397146453125 0.62203720859375 0.29683086171875 0.5042814265625 0.40276306484375 0.42317708359374995 0.3962692 0.42341432734374995 0.2995895125 0.49710893359375 0.09986317109375001 0.6455243640624999 0 0.720703125 0.00110346015625 0.725525246875
0 0 0.5126953125 0.158346575 0.42428054375 0.26207185703125 0.36745233046875 0.26538223906249997 0.36138329765625 0.09185488828125 0.45782410234375004 0 0.5078125 0 0.5126953125
0 0.16055349609375 0.321658721875 0.00055173046875 0.3950388421875 0.00110346015625 0.39669403281250004 0.1634050125 0.32439279062500004 0.16055349609375 0.321658721875
2 0.4336599578125 0.45517743671875 0.43200476718749997 0.328279484375 0.43200476718749997 0.25931320625 0.44469456249999995 0.26152012734375 0.44634975312499997 0.291313559375 0.45076359453125 0.29021009921875 0.44910840390624995 0.264278778125 0.46213457656249995 0.26619203593749996 0.46181955625000004 0.3288810484375 0.46290165937500005 0.44634975312499997 0.46290165937500005 0.550626765625 0.46952242265625 0.55283368671875 0.4689706921875 0.45517743671875 0.466212040625 0.36138329765625 0.46676377109375 0.26648569921875 0.48135080625000004 0.2702872984375 0.48110875703125 0.29627913125 0.48772951953125 0.297934321875 0.48828125 0.26814088984375 0.466212040625 0.26152012734375 0.466212040625 0.24110610859374998 0.46124646875 0.24055437890625 0.46179819921875 0.26041666640625 0.43145303671875 0.2548993640625 0.42979784609375005 0.23614053671875 0.42648746484375 0.23779572734375 0.42748235859375 0.25264616953124996 0.41048728828125 0.25048552265625 0.4115907484375 0.28414106640625 0.41765978125 0.2852445265625 0.41677167343750005 0.25674143125 0.42759092499999996 0.25876147578125 0.42703919453125005 0.2995895125 0.42874243984374993 0.4029107859375 0.43090130625 0.5362817796875 0.43630292343750005 0.53427419375 0.4336599578125 0.45517743671875
1 0.879323584375 0.11017628203125 0.88725293828125 0.08388421484375 0.8943476226562501 0.06385216328125 0.9051983171875 0.06301749453125 0.89393028828125 0.056757478906250006 0.89559962578125 0.041316105468749996 0.88641826953125 0.05467080625 0.8588741984375 0.053836137500000006 0.8538661859375001 0.040064102343750005 0.8538661859375001 0.05508814140625 0.84718883515625 0.06468683203125 0.8567875265625 0.06468683203125 0.86179553984375 0.11184561953125001 0.8509448453124999 0.15858707265625 0.8584568640624999 0.16192574765625 0.8709768960937501 0.13187767109374998 0.8801582531250001 0.16067374453125 0.879323584375 0.11017628203125
0 0.18510008203125 0.13276143828125 0.24013421484375003 0.13922275625 0.305095996875 0.14616523671874998 0.37760416640625 0.15399639453125 0.45189951015625 0.16020731171875 0.5441257328125 0.16524239375 0.60189440390625 0.16531352109375 0.7070770710937501 0.15779646249999998 0.76206240859375 0.14720032968750002 0.8055924671874999 0.13431314140625 0.8406096812499999 0.11808108671874999 0.86103451796875 0.10340073515624999 0.8582867484375001 0.10023368749999999 0.8388127750000001 0.11426640390625001 0.7987193 0.13173570390625 0.76401654375 0.14169730390625 0.716784109375 0.1525479984375 0.6765727125 0.15573937890625 0.6287020015625 0.15829248359375 0.57955473828125 0.1595690359375 0.5291309234375 0.15893076015625002 0.44297680390625 0.15302835078125002 0.3950929328125 0.148080065625 0.33892463203125 0.14297385625 0.27956495078125 0.13595281875 0.17361111093749998 0.12318729609375001 0.0899969359375 0.11169832500000001 0.005106209375 0.09765625 0.00382965703125 0.10786866796875001 0.0880821078125 0.1212724671875 0.18510008203125 0.13276143828125
0 0 0.06635616953125 0.12957005703125 0.057444853124999994 0.20424836562499998 0.052338643750000004 0.27193509609375 0.04607371796875 0.31339358671875 0.0427645015625 0.31575520859375 0.0398137015625 0.27573529375 0.04212622578125 0.20432692343749997 0.04907852578125 0.14598357343749999 0.053585737499999994 0.07111378203124999 0.05834334921874999 0 0.06310096171875 0 0.06635616953125
0 0.003722965625 0.05097598984375 0.06414956015625 0.0481121703125 0.1403271625 0.04410282265625 0.1832844578125 0.0418117671875 0.18299807578125 0.038947946875 0.10796600078125 0.04295729453125 0.0518351359375 0.045534732031250004 0.0017182914062499998 0.04753940625 0.003722965625 0.05097598984375
0 0.0017182914062499998 0.0945060484375 0.042670912500000005 0.10109283359375001 0.08362353359375 0.10767961875000001 0.14061354453125 0.11627107734375 0.19703079140625 0.12486253671875 0.24743401796875003 0.13087655781250002 0.25745738671875 0.13116293984375 0.23426044687499997 0.12772635625 0.17612490859375002 0.11856213359375001 0.12285786328125 0.1108298203125 0.07216825546875 0.102811125 0.0320747796875 0.09622433984374999 0.0014319101562500001 0.09135584687500001 0.0017182914062499998 0.0945060484375
0 0.2935415140625 0.05641724687500001 0.33793071874999997 0.06357679609375 0.42269977968749994 0.076463984375 0.47195747812500005 0.08362353359375 0.5200696484375 0.08992393671875 0.5664635265625 0.0970834859375 0.6240263015624999 0.10481579921874999 0.67700696484375 0.11054343828124999 0.732565065625 0.11627107734375 0.76664451953125 0.1194212796875 0.8130383984374999 0.12113957109375 0.8147566898437499 0.11999404296875 0.80158311953125 0.1182757515625 0.7792453265625 0.11741660546874999 0.74831607421875 0.11541193203125 0.7119455648437499 0.11140258437499999 0.6815890765625 0.10796600078125 0.6392045453125 0.1033838890625 0.6002565984375 0.0982290140625 0.55844483125 0.092501375 0.52923387109375 0.0882056453125 0.49171783359375 0.08305076953125 0.45620647031250006 0.0781822765625 0.41038535546875005 0.071309109375 0.3662825328125 0.0644359421875 0.311869959375 0.056130864843749996 0.27435392265625 0.050403225781250005 0.23483321093749998 0.0443892046875 0.21793667499999997 0.041239003125 0.21364094609375 0.0432436765625 0.25373442109375 0.04983046171875 0.2935415140625 0.05641724687500001
0 0.45362903203125005 0.0658678515625 0.50345949375 0.0756048390625 0.54613040703125 0.083909915625 0.59366981328125 0.092501375 0.6392045453125 0.10080645156250001 0.68130269453125 0.10767961875000001 0.7211097875 0.113980021875 0.7855457296874999 0.12257148124999999 0.80788352265625 0.12543530078125 0.80845628671875 0.12257148124999999 0.7869776390625 0.11999404296875 0.75604838671875 0.11598469609374999 0.71137280078125 0.10997067421875 0.66755636015625 0.10252474375000001 0.6114254945312501 0.09278775624999999 0.5676090539062499 0.08448267968749999 0.5315249265624999 0.07789589453125 0.4762532078125 0.06729976171874999 0.43472782265625 0.058994684374999995 0.38174715937500003 0.048684934375 0.34079453828125 0.040093475 0.33592604453125 0.042098148437499996 0.38203354140625 0.0518351359375 0.45362903203125005 0.0658678515625
0 0.00196623359375 0.515480809375 0.026633522656250002 0.50551470625 0.10191642187500001 0.47353450078125 0.1694237625 0.44469641328125 0.21989041562499997 0.42339555390625006 0.22037934453125 0.4193474265625 0.1874791109375 0.43344752656249996 0.11123412421875001 0.46582553437499996 0.04595588203125 0.49298128359375 0.00313335546875 0.51230364296875 0.00196623359375 0.515480809375
0 0.23725880859375 0.41585832656250005 0.31855782109374997 0.37965825546875 0.37161807890625 0.35588821328125003 0.3974139375 0.343624665625 0.39685140546875003 0.340486053125 0.33788018046875 0.36764705859375 0.2893639890625 0.38964188359374996 0.23856963125 0.41258127109375 0.23725880859375 0.41585832656250005
0 0.001310821875 0.47648385078125 0.056037646875 0.455182990625 0.10945364921875 0.43388213125 0.155101103125 0.41621407109374997 0.20784592265625 0.39532503359375004 0.207323696875 0.3916694515625 0.1671298234375 0.4086488046875 0.10026737968749999 0.43396975234374996 0.04915583046875 0.4545275796875 0.0016385273437500001 0.472551384375 0.001310821875 0.47648385078125
0 0.00262164453125 0.44043624140625 0.11076447109375001 0.40176698828125 0.1671298234375 0.38177695078124996 0.2159579484375 0.36375314609375 0.21829044140625 0.35929144375 0.16123112421875002 0.38079383359375 0.10093330546874998 0.40307781015625005 0.040963192187500004 0.42339555390625006 0.00098311640625 0.43781459765625 0.00262164453125 0.44043624140625
0 0.0741560828125 0.33840240625 0.12220086875 0.3253467578125 0.1603233625 0.31438001328125 0.16084558828125 0.3112466578125 0.12059563749999999 0.32246224843750004 0.061622660156249995 0.33788018046875 0 0.35523280234375 0.00032770546875 0.35850985703125 0.0741560828125 0.33840240625
0 0.28051593984375 0.36145920703125 0.30411073828125 0.35850985703125 0.3309825921875 0.354577390625 0.3309825921875 0.3513003359375 0.30968173203125 0.35424968515625 0.27920511718749996 0.35785444609375 0.28051593984375 0.36145920703125
0 0.41880767656250006 0.41716914843749997 0.469602034375 0.40373322109375 0.5063050546875 0.39455746640625 0.5479236578125 0.38374318359375004 0.590197671875 0.37227348984374997 0.63148856953125 0.36145920703125 0.67245176171875 0.3496618078125 0.7114487203125 0.337536703125 0.7415976296875 0.32836094765625 0.77076342265625 0.317546665625 0.7691248953125001 0.3152527265625 0.73045564140625 0.32803324218749996 0.7003067320312499 0.3381921140625 0.6570496015625 0.3509726296875 0.6124816484375 0.36309773515625 0.561359584375 0.37686136718749996 0.509909815625 0.390625 0.45256134609375 0.40504404374999997 0.41684144296875003 0.41389209296875 0.41880767656250006 0.41716914843749997
0 0.41389209296875 0.34343540234375 0.48139943359375004 0.33327653125 0.535798553125 0.32442848125 0.57774486171875 0.317546665625 0.6246067531249999 0.30902632109375 0.6688470007812499 0.30181679921875004 0.6668807679687501 0.29821203828125 0.62362363671875 0.30640467734375 0.57708945078125 0.31426961015625 0.5407141359375001 0.32016830937499996 0.495490771875 0.32705012578125003 0.4460072359375 0.33491505859375004 0.41225356562500004 0.33983064140625 0.41389209296875 0.34343540234375
0 0.41454750390625 0.33720899765625 0.455182990625 0.3152527265625 0.48402107812499995 0.3021445046875 0.48402107812499995 0.29952286093749997 0.45977086796875 0.31033714375 0.43355442499999997 0.323117659375 0.41192586015625 0.334587353125 0.41454750390625 0.33720899765625
0 0.17499475703125 0.32213454296875 0.23234322578125002 0.317546665625 0.27625576796875 0.31426961015625 0.3129587875 0.311647965625 0.351955746875 0.3080432046875 0.39816222734375 0.30345532734375 0.43257130859375004 0.3008336828125 0.4587877515625 0.29853974375000003 0.45944316250000006 0.2952626890625 0.42601719765625 0.29821203828125 0.36866872890625 0.30345532734375 0.33131029765625 0.30640467734375 0.29460727734375 0.30968173203125 0.24872850234375 0.31328649296875 0.2133363046875 0.31558043203124997 0.17499475703125 0.3188574875 0.17499475703125 0.32213454296875
0 0.43492268046874993 0.22148840234375 0.46814594062500003 0.22148840234375 0.5235180414062499 0.21997825390624998 0.5683191046875 0.21846810546875 0.62016752578125 0.215447809375 0.674029478125 0.21091736484374998 0.70876288671875 0.20588353750000002 0.70725273828125 0.202863240625 0.646343428125 0.21041398203125 0.5854341171875 0.21393766093750002 0.525531571875 0.2169579578125 0.478716978125 0.21796472265625 0.43240576640625 0.21796472265625 0.43492268046874993 0.22148840234375