2 0.35186648828125 0.53729936796875 0.48752127890625 0.538819309375 0.490040821875 0.584177928125 0.5041173984375 0.58945664453125 0.501478040625 0.54018862578125 0.6448831640625 0.542827984375 0.57187803984375 0.73147191171875 0.5859375 0.74819126953125 0.666877815625 0.5419481984375001 0.8249635859375 0.547553628125 0.788549390625 0.57900225078125 0.80179091640625 0.5955541578125 0.8657094593749999 0.5384290539062501 0.8630329710937501 0.50948424296875 0.67655546171875 0.50851632890625 0.74551443359375 0.345620365625 0.7206865734375001 0.343965175 0.65613413671875 0.5078290515624999 0.55020193359375 0.5061738609375 0.33590710078125 0.5004407828125 0.2539228015625 0.33568922109375 0.22578456015624998 0.33568922109375 0.3070453265625 0.49795889609375 0.13309388203125 0.49458752656250005 0.12812831015624998 0.52107057734375 0.19102555625 0.5839678234375001 0.20095670000000002 0.56907110703125 0.1697987046875 0.5331503375 0.32728040546875004 0.5357896960937499 0.4343385859375 0.749486890625 0.4442697296875 0.72631422109375 0.35186648828125 0.53729936796875
0 0.19379255859375 0.58973735390625 0.18961271875000002 0.5939171937500001 0.166015625 0.9990234375 0.170678490625 0.99767736484375 0.19379255859375 0.58973735390625
0 0.19192077578125 0.9961103015624999 0.2222914640625 0.53919929453125 0.21849161015625002 0.53957928046875 0.1884727625 0.99594175546875 0.19192077578125 0.9961103015624999
0 0.4921875 0.9990234375 0.49474100156249995 0.9974616976562499 0.49702091406250004 0.59619710625 0.49398103125 0.59315722265625 0.49094114765625 0.9974616976562499 0.4921875 0.9990234375
0 0.76981278125 0.99767736484375 0.75213519609375 0.550864009375 0.74551443359375 0.55582958125 0.764534065625 0.99591779296875 0.76981278125 0.99767736484375
0 0.82259994375 0.99591779296875 0.8050042226562499 0.59561514609375 0.80013572578125 0.5972093484375 0.8173828125 0.9990234375 0.82259994375 0.99591779296875
0 0.75379038671875 0.0063062765625 0.7470703125 0 0.79268721875 0.50675675703125 0.797965934375 0.5041173984375 0.75379038671875 0.0063062765625
0 0.74957770234375 0.50587697109375 0.7355832890625 0.23141220859375 0.71966497734375 0.00439893046875 0.7138671875 0 0.73022241015625 0.2393018015625 0.7390202703125001 0.38446649765625 0.74385924296875 0.5045186703125 0.74957770234375 0.50587697109375
0 0.4988386828125 0.49971846875 0.501960725 0.22267144921874998 0.5050006078125 0.00265989765625 0.5004407828125 0.00037998515625000003 0.49816087031249995 0.24281067578124998 0.49474100156249995 0.49816087031249995 0.4988386828125 0.49971846875
0 0.20481213515625002 0.49436101640625 0.234450996875 0.22609131796874998 0.25991001953125 0.00037998515625000003 0.25513795078125 0.0008797859375 0.234450996875 0.1884727625 0.20025231015624997 0.49474100156249995 0.20481213515625002 0.49436101640625
0 0.2257113328125 0.49208110390625004 0.2348309828125 0.35946619687500003 0.2325510703125 0.35604632812500003 0.22077152265625002 0.49360104609375 0.2257113328125 0.49208110390625004
0 0.249270428125 0.20025231015624997 0.26104997578125 0.07523711093749999 0.26750972734375 0.00151994140625 0.26393581093749996 0.0026393578125 0.25801009218750004 0.06953732968750001 0.24433061796875002 0.2067120625 0.234902871875 0.31320382890625 0.23863083671875002 0.3165278453125 0.249270428125 0.20025231015624997