2 0.0908203125 0 0.09765625 0.21848516953125002 0.000678628125 0.17844610703125 0 0.2197265625 0.0966796875 0.26286083125 0.115234375 0.9990234375 0.1474609375 0.9990234375 0.12150754765625 0.27444716640625 0.2013815328125 0.3122793078125 0.20426708124999998 0.5922437765625 0.22578456015624998 0.5905885859375 0.22412936953124998 0.32244769609375 0.361935028125 0.38731461875 0.361328125 0.9990234375 0.3955078125 0.9990234375 0.38952153984375004 0.39945268359375 0.52206369140625 0.46313890390625 0.52206369140625 0.80576337421875 0.54854674296875 0.81403932734375 0.55338541640625 0.4143494 0.38841807890625 0.33986581953125 0.3876953125 0 0.361328125 0 0.361935028125 0.329934675 0.11819716640625 0.22644663671875 0.11328125 0 0.0908203125 0
2 0.65778932734375 0.635278734375 0.661524540625 0.28248587578125 0.69849046640625 0.294623940625 0.69751390390625 0.36548265390625 0.70511122890625 0.36303848906249997 0.7062146890625 0.29903778281250004 0.7365598515625 0.30786546640625 0.72000794453125 0.99807997890625 0.7333984375 0.9990234375 0.745939265625 0.3073137359375 0.7856638421875 0.31945180078125 0.781928628125 0.3903105140625 0.7939397953125 0.39117673046875 0.7989053671875 0.31338276875000004 0.74538753515625 0.297934321875 0.74649099609375 0.21848516953125002 0.7382150421875 0.21793343906249998 0.7382150421875 0.294623940625 0.65986935 0.27034781093750004 0.66207627109375 0.22289901093750003 0.6560072390625 0.220692090625 0.65380031796875 0.26924435 0.61407574140625 0.25876147578125 0.61959304375 0.3376588984375 0.627868996875 0.33710716796875 0.6273172671875 0.27310646171875 0.6532485875 0.27917549453125 0.6412374203125 0.94976496328125 0.65447894609375 0.94976496328125 0.65778932734375 0.635278734375
0 0.26953125 0.9990234375 0.41324593906249996 0.8982168078124999 0.52248852421875 0.818215925 0.51476430078125 0.81766419453125 0.38841807890625 0.9070444914062501 0.26207185703125 0.9975282484375001 0.26953125 0.9990234375
0 0.55228195625 0.80607786015625 0.69076624296875 0.769663665625 0.8855270125000001 0.71945621484375 0.9990234375 0.6884765625 0.99697651875 0.68359375 0.86180261328125 0.720559675 0.74042196328125 0.75145656796875 0.55283368671875 0.79780190703125 0.55228195625 0.80607786015625
0 0.23007150390625003 0.590903071875 0.36910752109375 0.57545462578125 0.6035928671875 0.54566119375 0.78400865078125 0.52138506328125 0.9990234375 0.4912109375 0.99807997890625 0.486626059375 0.8022157484375001 0.51531603125 0.574351165625 0.54510946328125 0.3393140890625 0.57379943515625 0.23172669453125 0.58648923046875 0.23007150390625003 0.590903071875
0 0 0.7060546875 0.11985235703125 0.6435546875 0.20303672343749998 0.59917902578125 0.20248499296875 0.59310999296875 0.09324240781250001 0.65104166640625 0 0.6982421875 0 0.7060546875
0 0.36083156796875004 0.4353151484375 0.358624646875 0.429246115625 0.31007238671875 0.43200476718749997 0.2383474578125 0.43641860859375 0.18538135625000002 0.4402807203125 0.13517390546875002 0.44138418046875005 0.13407044453125 0.44745321328125 0.27586511328125 0.43917726015624997 0.36083156796875004 0.4353151484375
0 0.75642213984375 0.4066251765625 0.83311264140625 0.40055614375 0.94014830546875 0.39117673046875 0.9975282484375001 0.38510769765625 0.9975282484375001 0.38069385625 0.92580331953125 0.38841807890625 0.79669844609375 0.40055614375 0.72442178671875 0.40607344609374996 0.6339380296875 0.41214247890625 0.560557909375 0.4165563203125 0.55669579765625 0.41986670234375 0.646627825 0.4143494 0.75642213984375 0.4066251765625
0 0.10262182187499999 0.51310911015625 0.00220692109375 0.54345427265625 0.00110346015625 0.54841984453125 0.1020700921875 0.51641949140625 0.10262182187499999 0.51310911015625
0 0.10482874296875 0.58262711875 0.001655190625 0.61738612265625 0.00110346015625 0.621248234375 0.10427701250000002 0.58648923046875 0.10482874296875 0.58262711875
0 0.31614141953125 0.51200565 0.36303848906249997 0.49435028281250004 0.36083156796875004 0.49214336171874995 0.28910663828125 0.51807468203125 0.18151924453124998 0.5555923375 0.13407044453125 0.57214424453125 0.13517390546875002 0.57600635625 0.24441648984375003 0.53738523984375 0.31614141953125 0.51200565
0 0.9313206210937499 0.20800229531249997 0.9990234375 0.2060546875 0.9958730578124999 0.20358845312499999 0.90594103125 0.20414018359375002 0.8220780367187499 0.20358845312499999 0.752560028125 0.20358845312499999 0.7536634890625 0.20745056484375 0.836974753125 0.206898834375 0.9313206210937499 0.20800229531249997
0 0.39499766796875 0.55897271484375 0.491619925 0.52083333359375 0.5990555039062501 0.4788071359375 0.69232177734375 0.43914794921875 0.7578792734375 0.40982238281249994 0.75282765859375 0.40884444999999997 0.61581739765625 0.46714668828125 0.5078959671875001 0.5099826390625 0.3986415578125 0.553142490625 0.39499766796875 0.55897271484375
0 0.7595486109375 0.0254573984375 0.8997729703124999 0.037977430468750004 0.9986812234375 0.043402778125 0.9990234375 0.0341796875 0.923143696875 0.0304654109375 0.84100979453125 0.0247784515625 0.74243790078125 0.0187800484375 0.6635616984375 0.01168536328125 0.59929220078125 0.00417334375 0.5439453125 0 0.5932252796874999 0.0080165578125 0.7595486109375 0.0254573984375
0 0.58375116640625 0.4132171171875 0.652256296875 0.38698111015625003 0.6923390859375 0.37021921640625 0.6923390859375 0.36584654843750003 0.61932425234375 0.3956330125 0.5728194960937499 0.4132171171875 0.58375116640625 0.4132171171875
0 0.6165461750000001 0.342525653125 0.61435984140625 0.33888176328125 0.56626049453125 0.35564365703125 0.5137884796875001 0.37532066249999996 0.49192513984374997 0.3826084421875 0.4977553640625 0.38479477578125 0.54148204296875 0.36949043828125 0.6165461750000001 0.342525653125
0 0.569904384375 0.25507229453125 0.6413246265625 0.2361240671875 0.70399953359375 0.21936217343750003 0.7411672109375 0.20915928203125 0.7418959890625 0.20551539140625003 0.7142024250000001 0.21207439374999998 0.6602728546875001 0.225921175 0.6084735578125 0.241219284375 0.53492304140625 0.25944496250000004 0.4620452421875 0.278393190625 0.39572644609375 0.29588386171875 0.39354011171875 0.3009853078125 0.47807835859375 0.27912196796875 0.569904384375 0.25507229453125
0 0.9065998132812499 0.357829990625 0.8366371265625 0.360016325 0.7725046640625 0.36220265859375 0.7506413249999999 0.36366021484375 0.746997434375 0.36657532656249997 0.7994694499999999 0.36511777031250003 0.87380480390625 0.36366021484375 0.9393948226562501 0.360016325 0.9969682835937499 0.35710121250000004 0.99842583984375 0.35418610078125 0.9065998132812499 0.357829990625
0 0.78562266796875 0.19385494375 0.83842481328125 0.1936431625 0.90805736953125 0.19385494375 0.99842583984375 0.19312616640625 0.9947819499999999 0.1880247203125 0.9306494867187499 0.18948227578125001 0.8694321359374999 0.19021105390624998 0.8096723414062501 0.19021105390624998 0.73825209921875 0.1887534984375 0.6719333023437499 0.1858383859375 0.67107371796875 0.18988715312499999 0.71274486953125 0.19166861015625 0.78562266796875 0.19385494375
0 0.0183627140625 0.70153912890625 0.13271233984375 0.6589710203125 0.22410857343749999 0.62474959921875 0.295055421875 0.59595352578125 0.290047409375 0.59511885703125 0.22995125546875 0.6189069179687501 0.12144431093750001 0.6581363515625 0.017528044531250002 0.69694845078125 0.0183627140625 0.70153912890625
0 0.13271233984375 0.50580929453125 0.20452880859375 0.48492431640625 0.31007946015625 0.44821714765625 0.30381944453125 0.44613047578125 0.21826589218749998 0.47534388359374996 0.13146033671875 0.50330528828125 0.13271233984375 0.50580929453125
0 0.44696514453124997 0.0012520031250000002 0.5074786328124999 0.00792935390625 0.5621494390625 0.015441372656249999 0.6639790328124999 0.026709401562500002 0.72240584921875 0.03338675234375 0.77290331171875 0.037977430468750004 0.824652778125 0.04256810859375 0.9961772171875 0.053836137500000006 0.9953425484375 0.04966279375 0.83759014453125 0.03922943359375 0.76956463671875 0.03380408671875 0.7061298078125 0.027544070312500002 0.6101428953125 0.01669337578125 0.5179119921875001 0.006677350781249999 0.46073717968750005 0.00083466875 0.44696514453124997 0.0012520031250000002
0 0.99367321015625 0.0204493859375 0.9465144234375 0.0204493859375 0.882244925 0.0187800484375 0.832164796875 0.01669337578125 0.77332064609375 0.013354700781250001 0.7103031515625 0.01001602578125 0.64812032578125 0.005008012500000001 0.6063868859375 0.000417334375 0.5809294875 0.000417334375 0.6068042203124999 0.003756009375 0.64645098828125 0.00751201953125 0.6886017625 0.01043336015625 0.7524539265625 0.01585870703125 0.8012820515625 0.0196147171875 0.8738982375000001 0.0221187234375 0.94025440703125 0.0242053953125 0.9957598828125 0.0242053953125 0.99367321015625 0.0204493859375
0 0.01085069453125 0.45364249453124994 0.09849091875 0.44905181640625 0.10016025625 0.443209134375 0.01001602578125 0.44696514453124997 0.01085069453125 0.45364249453124994
0 0.006677350781249999 0.34096220625 0.094734909375 0.32093015468749997 0.09515224375 0.3171741453125 0.0012520031250000002 0.3384582 0.006677350781249999 0.34096220625
0 0.13187767109374998 0.3672542734375 0.198233840625 0.35097823203125 0.199068509375 0.34597021875 0.12686965781249998 0.3630809296875 0.13187767109374998 0.3672542734375
0 0.392711671875 0.48577724375000003 0.48869858437499997 0.44988648515624996 0.484525240625 0.44613047578125 0.39145966875 0.48076923046875003 0.392711671875 0.48577724375000003
0 0.39479834375 0.25499131953125 0.4411224625 0.244140625 0.49787994140625 0.23036858984375003 0.5095653046875 0.2228565703125 0.44738247890625005 0.23788060859375001 0.39730235078125 0.2491486375 0.39479834375 0.25499131953125
0 0.5650707796875001 0.21284054453125 0.64645098828125 0.19447783125 0.64770299140625 0.18946981875 0.5575587609375 0.21033653828125 0.5650707796875001 0.21284054453125