1 0.15123576640625 0.21767885859375 0.15366200859375 0.19611226171875001 0.16126423359375 0.196399815625 0.16530797109375 0.21854152265625001 0.16773421328125 0.2173913046875 0.16288172890625 0.09834368515625 0.16077898515625 0.03076834609375 0.15948498984374998 0.01178973984375 0.15874335078125 0.01182033125 0.157265809375 0.03004334140625 0.154587765625 0.09883110078125 0.14913302265625 0.2173913046875 0.15123576640625 0.21767885859375
2 0.088837175 0.22130286328125 0.089391253125 0.14611242421874998 0.08929890625 0.10408458125 0.09142287265625 0.10753217734375001 0.09114583359375 0.12263593359375 0.0923463359375 0.12444181796875001 0.0923463359375 0.10933806171875 0.09317745234375 0.11015891796874999 0.0928080671875 0.160231153125 0.092623375 0.21588521171875003 0.09345449140624999 0.21670606796874997 0.09382387734375 0.141023115625 0.0939162234375 0.11180063046875 0.09594784296875 0.11557656953124999 0.09594784296875 0.13068032578125 0.09696365234375 0.13199369609375 0.09687130625 0.11623325468750001 0.09382387734375 0.10884554765625001 0.09382387734375 0.08701076953125 0.09317745234375 0.08733911250000001 0.0929004140625 0.1078605203125 0.08920656015625 0.101457840625 0.08892952109374999 0.0776530078125 0.08800605781250001 0.07896637734375 0.08819075078125001 0.098995271875 0.08634382421875 0.09620436015625 0.08652851640625 0.09883110078125 0.08625147734375001 0.11639742578125001 0.0868979015625 0.11623325468750001 0.08736766406249999 0.10035656796875 0.0883381609375 0.10265700468750001 0.0876911625 0.22170462421875 0.088837175 0.22130286328125
2 0.0301972515625 0.172051484375 0.029550827343750002 0.10589046484375 0.0286273640625 0.00065668515625 0.026226359375 0.00180588359375 0.025949320312500003 0.04514709765625 0.0269651296875 0.16548463359375 0.027796246875000003 0.25906225390625004 0.03195183203125 0.2587339109375 0.0301972515625 0.172051484375
2 0.24149197734375 0.22601794375 0.241330228125 0.1811594203125 0.24149197734375 0.13428801484375 0.2416537265625 0.05463538046875001 0.24197722578124997 0 0.23938923359375003 0.000575109375 0.23858048671874998 0.078502415625 0.23841873671874997 0.129687140625 0.23744823984375 0.22659305234375 0.24149197734375 0.22601794375
2 0.2592844203125 0.21048999296874998 0.25912267109375 0.1883482859375 0.25912267109375 0.11013342500000001 0.2592844203125 0.04543363203125 0.25960791953125 0 0.25621118046875 0.000575109375 0.25556418203125003 0.0770646421875 0.25459368515624997 0.1567172765625 0.25459368515624997 0.21106510234375003 0.2592844203125 0.21048999296874998
0 0.034129140625 0.0247296984375 0.061352400781250004 0.015693659375 0.09166078125 0.0057543421875 0.10578416171875 0.0008626640624999999 0.10287267109375 0 0.08795599062500001 0.0052989734375 0.06469979296875 0.012652403906250002 0.042863612499999995 0.01955371484375 0.01883239140625 0.027202343750000003 0.00048524843749999996 0.0330687828125 0.000735640625 0.0350491734375 0.014719203125 0.030480791406250003 0.034129140625 0.0247296984375
0 0 0.06669805390625 0.029866996093749997 0.05885122421875 0.050627588281250004 0.052910053125 0.07683100390625 0.045146078125 0.1037252828125 0.03714166171875 0.1378430390625 0.02565818828125 0.16174948203125 0.0178283875 0.18957039375 0.008339084375 0.20865683203125 0.0014377734375 0.20736283671875003 0.0002875546875 0.19264558203124998 0.00548490234375 0.16979375859375 0.013386880468750001 0.15301501015625002 0.018691051562499998 0.1277505859375 0.027610441406250002 0.08691014062499999 0.0404395359375 0.06107764375 0.0483415140625 0.0317028984375 0.056360708593749996 0.01622165859375 0.060549810156249995 0.00048524843749999996 0.06469979296875 0 0.06669805390625
0 0.0005885125 0.01072400078125 0.0248646421875 0.00392341484375 0.0247175140625 0.00209248828125 0.00044138437500000003 0.008108390625 0.0005885125 0.01072400078125
0 0.09464943125 0.09370816562499999 0.1207921375 0.08369951875000001 0.135652071875 0.0768989328125 0.155514359375 0.06800585859375 0.15522010390625002 0.06565181015625 0.12491172343750001 0.07899142109375 0.09445621484375 0.09128478749999999 0.09464943125 0.09370816562499999
0 0.0962217515625 0.10724000859375 0.105932203125 0.10331659374999999 0.12314618671875 0.0965160078125 0.14080155390625 0.08893073828125 0.154681225 0.08292428984375 0.15448446328125 0.08134546953125 0.1352106875 0.0891923 0.11093455781249999 0.09913161718749999 0.0950447265625 0.1056706421875 0.0962217515625 0.10724000859375
0 0.09945856875 0.11848713125000002 0.12314618671875 0.10854781328125 0.1412429375 0.10148566640625001 0.15389595078125 0.09573132421875 0.15433733515625 0.09337727578125 0.1357992 0.10174722734375 0.113729990625 0.110378740625 0.09828154453125 0.11665620390625 0.09945856875 0.11848713125000002
0 0.09830990625 0.11787892343749999 0.11384077968749999 0.11899449687500001 0.1271628875 0.1193317421875 0.14040125312500001 0.11988420390625001 0.15347849765625 0.11992414062500001 0.15342620468749998 0.1186226390625 0.13031291796875 0.11806485234375 0.11269034453125 0.11732113671875 0.0977346890625 0.11657742109375 0.09830990625 0.11787892343749999
0 0.09752551875 0.12540904375 0.11797188750000001 0.12680351015625 0.13697622421875 0.12764176640625 0.1531603109375 0.12816488828125 0.15306015703125 0.1269894390625 0.13308442109375002 0.12605979453125 0.11530496953125 0.12531607890625002 0.09739877578125 0.1239799125 0.09752551875 0.12540904375
0 0.0975778109375 0.131823590625 0.11750125468749999 0.13312509296875 0.130678965625 0.13405473750000002 0.143019996875 0.13461252421875 0.152589525 0.134798453125 0.15274640234375 0.133311021875 0.14050995625 0.13321805703125 0.12491172343750001 0.1323498640625 0.10855923671875001 0.13163766171875 0.0974732265625 0.13042912421875 0.0975778109375 0.131823590625
0 0.09020456796875001 0.08171575156250001 0.11033718203125001 0.08171575156250001 0.12686161328125 0.08171575156250001 0.13962452890625 0.08186859140625 0.15431517734375 0.0812509296875 0.15419020703125 0.07951454296875 0.13894118125 0.08004239140625 0.1175553203125 0.08029922578125001 0.10490230703125 0.07977610390624999 0.09092514140624999 0.08003766484375 0.09020456796875001 0.08171575156250001
0 0.09689800859375 0.09203480625 0.1040097890625 0.0921277703125 0.11814383203125 0.09259259296875 0.1352106875 0.091807909375 0.15426288515625 0.09277852187499999 0.15436746953125 0.09147701953125001 0.13182674218749998 0.090761665625 0.11402424687499998 0.090761665625 0.0966631359375 0.0905001046875 0.09689800859375 0.09203480625
0 0.00041833984375000004 0.0909192328125 0.02489123125 0.08896697890625001 0.04439633515625 0.08701472578125 0.06196549296875 0.08496862031249999 0.08633492265625001 0.08208760937500001 0.08628263046875 0.08041424921875 0.05929260859375 0.08369951875000001 0.03766478359375 0.08605356796875 0.01966198125 0.08794437031249999 0.000052292187499999996 0.0894318015625 0.00041833984375000004 0.0909192328125
0 0.0002614625 0.12643165234375 0.01767486640625 0.121411571875 0.0413931984375 0.11347564765625 0.06488347421875 0.10540908125 0.0847457625 0.09756225156250001 0.08477525859375 0.09546539375 0.0590443515625 0.10518872109374999 0.0386946796875 0.11194810625 0.016419846093750003 0.11945931875 0.00010458515624999999 0.12457236328125001 0.0002614625 0.12643165234375
0 0.00020917031249999998 0.12931355078125 0.01235875703125 0.12816488828125 0.0346176375 0.12540904375 0.060607011718750006 0.12169046562500001 0.08623033828125 0.1171352078125 0.08586429062499999 0.11546184765625 0.07223987734375001 0.117964009375 0.04781661953125 0.12188742421875001 0.02708751640625 0.12494422109375 0 0.127777778125 0.00020917031249999998 0.12931355078125
0 0.0018825304687499999 0.13758738671874998 0.02070783125 0.13619291953124998 0.044291750000000005 0.1329391640625 0.0650109390625 0.1294970390625 0.08709981171875 0.12581083906249999 0.08783545234375 0.12371835078125 0.065156459375 0.1280120484375 0.043844161718750004 0.1313036203125 0.02030367265625 0.134180790625 0.00161840859375 0.13548859609375 0.0018825304687499999 0.13758738671874998
0 0 0.14398148125000002 0.006275100781249999 0.14363007578125 0.02729668671875 0.14167782265625 0.0471733296875 0.13955184296875 0.0673004515625 0.13684367109375 0.087694528125 0.13321805703125 0.08785140546875 0.13200951953125 0.064372071875 0.13572809765625 0.03611028203125 0.13955184296875 0.01633121484375 0.14150449921875 0.00015687734375000002 0.14242153828124998 0 0.14398148125000002
0 0.0002614625 0.13833110234374998 0.01155664296875 0.135263275 0.0319267890625 0.12921113203125 0.05349523125 0.12131860781249999 0.071062853125 0.11639464296874999 0.08562853125 0.111424984375 0.08552108203125 0.10960841484374999 0.0665647375 0.116016971875 0.04502118671875 0.12293366796875001 0.020917001562500002 0.13098691093749998 0 0.13647181328125 0.0002614625 0.13833110234374998
0 0.16419846015625 0.12029599843750001 0.17836972890625 0.12038896328125 0.19703815234375 0.12001710546875 0.21575886875 0.11945931875 0.23447958515625 0.11852967421875 0.25084713828125 0.11778595859375 0.26640625 0.11666666640625001 0.26627342734375004 0.114997025 0.2512131859375 0.1163914921875 0.23525776875 0.11665620390625 0.225851321875 0.11769299453125 0.21194151640625 0.11806485234375 0.19301162968750002 0.1186226390625 0.18255312890625 0.11890153203125 0.17146711875 0.11890153203125 0.16409387578125 0.11899449687500001 0.16419846015625 0.12029599843750001
0 0.16435533828124999 0.12838390625 0.17397715859375001 0.12856983515625 0.19442352734374999 0.12819797734375 0.22046519375 0.1277331546875 0.2432124328125 0.12643165234375 0.26640625 0.125 0.26640625 0.12361111093749999 0.2467683234375 0.12494422109375 0.22904116484374998 0.1257809015625 0.2077058234375 0.12680351015625 0.184174196875 0.12708240390625 0.16445992265625 0.12680351015625 0.16435533828124999 0.12838390625
0 0.165035140625 0.13498438203125002 0.18668423671875 0.135263275 0.20247657265625 0.13498438203125002 0.222713771875 0.1344265953125 0.239238203125 0.13358991484375 0.2537232265625 0.13266027109375 0.26632571953125 0.13200951953125 0.26616884218750003 0.130615053125 0.24415369843749998 0.13200951953125 0.2310282796875 0.13256730625 0.206714925 0.1333961078125 0.18354668671875002 0.13396177265625 0.164773678125 0.13377584375 0.165035140625 0.13498438203125002
0 0.16228225078125 0.06774429765625 0.170227165625 0.0703599078125 0.18538135625000002 0.07506800546875 0.20127118671875 0.08003766484375 0.220692090625 0.08605356796875 0.23761713515625 0.09045441015625 0.25276600781249997 0.09468508046875 0.26640625 0.09768518515624999 0.26637801171875003 0.09538152578125 0.24320268359375002 0.089715421875 0.22628295703124998 0.0850073234375 0.21112876640625 0.08029922578125001 0.19406191171875 0.0753295671875 0.17915411640625 0.07121076875 0.16242051562499998 0.0655399375 0.16228225078125 0.06774429765625
0 0.16289114765624998 0.08264539609375 0.17890772109375 0.08814605546875 0.192443503125 0.09233103125 0.20465513203125002 0.096254446875 0.2245174203125 0.10227034921875 0.242319915625 0.10776313046875 0.255561440625 0.1111634234375 0.26640625 0.11388888906250001 0.26640625 0.11203703671875001 0.2467683234375 0.10690911796875 0.234897925 0.10356239765625 0.219809321875 0.09913161718749999 0.20391949140625001 0.09442351953125 0.18637048203125 0.08850215703125 0.17493526328125 0.0847457625 0.16304802578125 0.08115796484375 0.16289114765624998 0.08264539609375
0 0.16357095078125 0.09547449062499999 0.17272213828125 0.09863528203125001 0.18480170703125 0.10272571796875 0.199064265625 0.10750156953125001 0.21612491640624998 0.11304477187499999 0.230034721875 0.11667038515624999 0.24570386093750002 0.12110274140624999 0.2546121984375 0.1235497546875 0.26627342734375004 0.12680351015625 0.266221134375 0.1257809015625 0.24661144609375 0.11992414062500001 0.23191725234375 0.1156477765625 0.21877942578125 0.1122096671875 0.20436087578125 0.10776313046875 0.18997866484374998 0.10272571796875 0.17565051874999998 0.09789156640624999 0.1632571953125 0.09333630781249999 0.16357095078125 0.09547449062499999
0 0.0005593671875 0.14905418515625 0.01323836484375 0.1454079375 0.026352426562499996 0.1423141515625 0.0464896578125 0.1359055953125 0.05991447890625 0.13126491640625 0.07141258984375 0.12806063828125 0.081419053125 0.124414390625 0.08763424843749999 0.12187306640625 0.08763424843749999 0.11988420390625001 0.07321499609375 0.12585079140625 0.06146827734375 0.12927605390625002 0.04785700078125 0.13358525625 0.03300268515625 0.138778396875 0.01827267265625 0.14286661328125 0.007644689843749999 0.1452974453125 0.000497215625 0.14717581562499998 0.0005593671875 0.14905418515625
0 0.030143695312500003 0.13248033203125 0.04157965390625 0.1285026078125 0.050964598437499994 0.12562980625 0.05960371953125 0.12220454375 0.058920047656249995 0.121431096875 0.05338852421875 0.1233094671875 0.0394664875 0.12817113046875 0.030143695312500003 0.13115442421875 0.030143695312500003 0.13248033203125
0 0.030578758593749998 0.1191107578125 0.04263623671875 0.1153540171875 0.05916865546875 0.10938743046874999 0.07253132421875 0.10441527421875 0.08539677812499999 0.0993326265625 0.08539677812499999 0.09800671796875 0.06886435937499999 0.10441527421875 0.0569933375 0.10850349140625 0.042698389062499995 0.11347564765625 0.02995723984375 0.11789534140624999 0.030578758593749998 0.1191107578125
0 0.10901451874999998 0.11645894140624999 0.12125845234374999 0.11148678515624999 0.13306732265625001 0.10695659843750001 0.1446897375 0.10187394999999999 0.15426113749999998 0.09778573359375001 0.15382607421875 0.096459825 0.142700875 0.10132148828125001 0.13132706875 0.1059621671875 0.11728072812500001 0.11137629296875 0.10814439140625001 0.11568549453125002 0.10901451874999998 0.11645894140624999
0 0.09627336875 0.10927693828125 0.11143844453125 0.103641828125 0.12411744218750001 0.0987801640625 0.13493188125 0.09347653125 0.1457463203125 0.08916732968749999 0.15463404921874999 0.084858128125 0.15463404921874999 0.08342172734375 0.14481404140625 0.08817289843750001 0.13381314609375 0.09259259296875 0.1243038984375 0.096680809375 0.11224642031250001 0.101652965625 0.10354514687500001 0.10507822890625 0.0957140015625 0.108061521875 0.09627336875 0.10927693828125
0 0.09428450703124999 0.09612834765625 0.10808223984375001 0.09082471484375 0.12088554062500001 0.08541058984375 0.134621121875 0.0797754796875 0.1454355609375 0.07469283125000001 0.15457189765624998 0.07104658359375 0.15463404921874999 0.06905772109375 0.14580847265625002 0.07303544609375 0.13654783203125 0.07712366328125 0.12896529453125 0.0807699109375 0.1193317421875 0.08441615859375 0.11019540546875 0.08861486796875 0.10236426015625 0.09170865390625 0.09434665859375 0.09469194765625 0.09428450703124999 0.09612834765625
0 0.16364608203125 0.0811013875 0.17837609375000002 0.08032794140625 0.19211167499999998 0.0799964640625 0.20907915703125002 0.0790020328125 0.2195828359375 0.07844957109375 0.23344272109375003 0.0775656328125 0.2464946296875 0.07679218593750001 0.25532020703125 0.07623972421875 0.25532020703125 0.07425086171875 0.24481652734375 0.07524529296875 0.23617740625 0.07568726249999999 0.22461714375000003 0.07646070859375001 0.21168953828124998 0.0775656328125 0.202988265625 0.07822858671875 0.19099293984375001 0.07844957109375 0.1806135640625 0.078891540625 0.1715393796875 0.07911252578125 0.16283810625 0.07966498749999999 0.16364608203125 0.0811013875
0 0.18055141171875 0.07612923203125001 0.1911793953125 0.07955449453124999 0.201185859375 0.08264828046875 0.21193814609375 0.08607354375000001 0.2207637234375 0.08861486796875 0.23201322578125 0.09181914609375 0.23872563671874997 0.09336603906249999 0.2489807078125 0.09601785546875 0.26035451484375 0.09900114921875 0.2663211015625 0.10065853437500001 0.26613464609375004 0.098669671875 0.2594843875 0.09723327109374999 0.24885640390625002 0.094249978125 0.23524512734375 0.09082471484375 0.22101233125 0.08673649765625 0.20914130859375 0.082869265625 0.197394590625 0.07933351015625 0.1860829359375 0.07623972421875 0.17551710390625 0.07259347656250001 0.16246519453125 0.068284275 0.16271380234375 0.07005215234375 0.16998558046875 0.0728144609375 0.18055141171875 0.07612923203125001