0 0.12760416640625 0.47361111093749997 0.1291925234375 0.39959285546875 0.13205526015625 0.2395258734375 0.13491799609375 0.0901300234375 0.1362108453125 0.0004925140625000001 0.13519503515625 0.00016417109375 0.13464095781250002 0.04219201484375 0.1321209984375 0.15850596328125 0.12937721640625 0.31241791406249997 0.12630208359375 0.47361111093749997 0.12760416640625 0.47361111093749997
0 0.21901041640625 0 0.22096740937499998 0.0623395671875 0.22466454765625002 0.199945071875 0.22958984375 0.33958333359375004 0.23360148515625 0.47213054609375 0.2359375 0.47361111093749997 0.23260946328125 0.3741446953125 0.22792904296875 0.22735606874999997 0.22328795390625 0.08938393828124999 0.22057291640624999 0 0.21901041640625 0
0 0.1600753296875 0.4731638421875 0.1603695859375 0.37324754140625 0.16095809765625 0.2152647 0.16139948203125 0.09939317812500001 0.16151374140625002 0.00114919921875 0.16041666640625002 0 0.1602224578125 0.0643440046875 0.1596668140625 0.194542946875 0.1590454328125 0.33715212421874996 0.15874335078125 0.4726490671875 0.1600753296875 0.4731638421875
0 0.18072916640625 0.47361111093749997 0.17989066171874998 0.37119122656250003 0.17878250625 0.21457184140625 0.17776669609375 0.10014447109374999 0.17730496484375 0.00098502734375 0.17630208359375 0 0.17647384765625002 0.06402679296875 0.17758200390625 0.19569214609375002 0.17876059296875 0.33976773359375 0.17979831562499998 0.47346992343750005 0.18072916640625 0.47361111093749997
0 0.19427083359375 0.47361111093749997 0.19272680234375 0.37151956953125 0.19097222187500001 0.215787821875 0.18977171953125 0.10014447109374999 0.18847887109375 0.0004925140625000001 0.18729402109374998 0.0007846828125 0.18820183203125002 0.06435513515624999 0.18950094140625 0.20218664999999997 0.1913416078125 0.3352377203125 0.19273775859375 0.47264071953125003 0.19427083359375 0.47361111093749997
0 0.20859375 0.47361111093749997 0.20639406015625 0.3661019171875 0.20371601640625 0.21407932734375001 0.20122266562500002 0.0968610453125 0.19956043125 0.0004925140625000001 0.1982675828125 0.0003283421875 0.19956043125 0.06534016249999999 0.20205378281250003 0.1976622015625 0.20482417265625 0.345580509375 0.20731752343749998 0.47346992343750005 0.20859375 0.47361111093749997
0 0.25423728828125 0.47301475234375 0.24958745859375 0.38091309140625 0.24391501640625002 0.2346901359375 0.23824257421875 0.10405207187500001 0.23463541640625 0 0.23282797031250002 0.00229189609375 0.23617986796874998 0.0802163546875 0.24082095703125 0.21497983125000003 0.2462355609375 0.34607627421875 0.25216584140625 0.47350568359375 0.25423728828125 0.47301475234375
0 0.05390625 0.47361111093749997 0.058998352343750005 0.364616028125 0.06576624296875 0.21892655390625002 0.071062853125 0.10697844765625 0.07635946328125 0.000523121875 0.0747410546875 0.0002615609375 0.0703272125 0.09494664140625 0.06517773046875 0.20689474765625002 0.05885122421875 0.33924461171875003 0.05234375 0.47361111093749997 0.05390625 0.47361111093749997
0 0 0.45093115703125 0.00632650625 0.3638313453125 0.016184086718749997 0.223373090625 0.024423257812499998 0.10540908125 0.0314854046875 0.0013078046875000002 0.028837099999999997 0.0013078046875000002 0.02221633671875 0.10017786171875001 0.014271421875 0.21421845546874999 0.00529661015625 0.34656831953125 0 0.41666666640625005 0 0.45093115703125
0 0.13731443906250002 0 0.1367649234375 0.0423561859375 0.13454272578124998 0.15826532734375 0.1318705671875 0.31192540078125003 0.12900783124999998 0.47346992343750005 0.130023640625 0.47330575234375 0.13177822109374998 0.39680194375 0.13454861093749998 0.23854084609375 0.1370419625 0.08996585234375 0.13870419609375 0.0008208562500000001 0.13763190546874998 0 0.13731443906250002 0
0 0.13236554375 0.47300696093749994 0.13362514765625 0.3964736015625 0.13648788437499998 0.23854084609375 0.13897483515625 0.08800880078125 0.14052186484375 0.0013751375 0.13925827421874998 0.0008208562500000001 0.138716996875 0.024294096093750002 0.13648788437499998 0.15645521406250001 0.13390218671875 0.31110454453125 0.131349734375 0.47317113203125 0.13236554375 0.47300696093749994