2 0.759765625 0.99865768359375 0.7663274398437501 0.78054159296875 0.82286526875 0.898757053125 0.9078176398437501 0.7969461296875 0.86284436640625 0.76867721484375 0.82172594609375 0.7603250359375 0.7662540960937501 0.75381846875 0.7728376640625 0.5314401921874999 0.8365714093750001 0.6640394 0.9222347859375001 0.54753720703125 0.8913959703125001 0.52697799609375 0.8537040843750001 0.5149851234375 0.773934925 0.5113237359375 0.78346011484375 0.27684093515625 0.8448550578124999 0.40118132656250005 0.9359409265625 0.27684093515625 0.88111636484375 0.24942865390625002 0.8365714093750001 0.25285518906250004 0.78174684765625 0.251141921875 0.7849075375 0.14044943828125 0.82111715859375 0.10497132499999999 0.8203856507812499 0.0987535109375 0.78346011484375 0.12778665859375 0.7354886242187499 0.09694784296875 0.73377535625 0.1020876453125 0.77174040234375 0.1411809453125 0.76881437265625 0.2494440546875 0.73720189140625 0.24942865390625002 0.666957921875 0.24086231640625 0.6289724578125 0.25710628515625 0.70014565703125 0.38234904687500004 0.76698560390625 0.27431530937500004 0.76118763671875 0.5064187859375 0.6875171328125 0.49271264531250003 0.64468544375 0.49442591328125 0.61898643125 0.499565715625 0.6892304 0.63834038671875 0.760767790625 0.52851416171875 0.747481496875 0.74970277734375 0.6892304 0.73428336875 0.64811197890625 0.72229049609375 0.61898643125 0.73599663671875 0.68542251875 0.85366924140625 0.7406284265624999 0.7719752546875001 0.75090803203125 0.7685487203125 0.7431640625 0.99865768359375 0.759765625 0.99865768359375
1 0.3017578125 0.9990234375 0.29810855234375 0.94379625859375 0.32252261484375 0.9444387335937501 0.3270199421875 0.9964792351562499 0.33665707265625 0.9977641859374999 0.33151726953125 0.93608655390625 0.29746607734374997 0.90203536171875 0.2897563734375 0.81915604453125 0.3180252875 0.81851356875 0.3199527140625 0.878263775 0.33151726953125 0.879548725 0.32830489296875 0.81080386484375 0.29104132421875 0.78253495078125 0.28911389765625 0.76904296875 0.323165090625 0.7709703945312499 0.33087479453125 0.7671155429687501 0.287186471875 0.73113692421875 0.249922903125 0.72535464609375 0.22936369218750002 0.726639596875 0.1927425984375 0.7304944492187501 0.19081517265625 0.73627672734375 0.22679379140624997 0.763260690625 0.23000616796875 0.77289782109375 0.19659745078125 0.774825246875 0.20237972890624997 0.848067434375 0.21201685859375 0.848067434375 0.2043071546875 0.78831722890625 0.22936369218750002 0.81080386484375 0.23450349531249998 0.89239823203125 0.20366467890625 0.8930407070312499 0.20880448203125002 0.95921566640625 0.21908408750000002 0.9611430921874999 0.213301809375 0.91038754140625 0.2351459703125 0.93158922734375 0.240234375 0.9990234375 0.3017578125 0.9990234375
0 0.048828125 0.9964792351562499 0.091231496875 0.934159128125 0.15033922734375 0.8454975328125001 0.2107319078125 0.7594058390625 0.20494962968750002 0.75555098671875 0.15033922734375 0.8345754523437501 0.09315892265625 0.91681229453125 0.0391909953125 0.994551809375 0.048828125 0.9964792351562499
0 0.1220703125 0.9977641859374999 0.1554790296875 0.93608655390625 0.20366467890625 0.8551346625 0.1985248765625 0.8499948601562499 0.15098170234375 0.93158922734375 0.11371813359375 0.9964792351562499 0.1220703125 0.9977641859374999
0 0.15162417734375 0.9964792351562499 0.1856753703125 0.9367290296874999 0.22936369218750002 0.86669921875 0.2287212171875 0.85320723671875 0.14455694921875 0.99583676015625 0.15162417734375 0.9964792351562499
0 0.19916735234375 0.99583676015625 0.213944284375 0.9688527960937501 0.20880448203125002 0.96564041953125 0.19145764765625 0.995194284375 0.19916735234375 0.99583676015625
0 0.4515625 0.9995370367187499 0.49020867578124994 0.8879009046874999 0.53004214609375 0.77289782109375 0.5595960117187501 0.6803813734374999 0.5833675984375 0.6103515625 0.57887027109375 0.59878700625 0.537109375 0.7292094984374999 0.48828125 0.872481496875 0.44716282890625003 0.9977641859374999 0.4515625 0.9995370367187499
0 0.5404296875 0.99930555546875 0.57623697890625 0.85896990703125 0.6173923218749999 0.702247190625 0.6444580992187501 0.5969101125 0.67408415234375 0.47913740625 0.6956636234375 0.39574555234375 0.69237183984375 0.3942825375 0.67664442890625 0.45609492031250004 0.63970330078125 0.6016649109375 0.6071512171875 0.72638693828125 0.5634508632812499 0.88982833046875 0.5338969984374999 0.99583676015625 0.5404296875 0.99930555546875
0 0.619140625 0.9990234375 0.648481390625 0.8474514281250001 0.67774168984375 0.69968691484375 0.68809107734375 0.6444027546875 0.68542251875 0.6415320695312501 0.66091701796875 0.76588834296875 0.6353142554687501 0.8975596906250001 0.6159293070312499 0.9977762171875 0.619140625 0.9990234375
0 0.662109375 0.9990234375 0.68395950390625 0.8657391148437499 0.68030196640625 0.86464185390625 0.6591796875 0.9990234375 0.662109375 0.9990234375
0 0.705078125 0.9990234375 0.71541432578125 0.91182408671875 0.733336259375 0.7860047984375 0.753452715625 0.63238822578125 0.753452715625 0.6181238296875 0.726639596875 0.8075914882812499 0.7157800796875 0.88841584765625 0.701171875 0.9990234375 0.705078125 0.9990234375
0 0.8251953125 0.9990234375 0.8332905015625001 0.8082339640624999 0.8403577304687501 0.6000719570312499 0.84357010703125 0.49213610234375 0.8467199203125 0.41220447109374997 0.8442125820312499 0.40540193281250003 0.835860403125 0.604569284375 0.83136307578125 0.70351048515625 0.8255807976562499 0.8512798109374999 0.8203125 0.9990234375 0.8251953125 0.9990234375
1 0.14234639843750002 0.07338012031249999 0.12689795234375 0.00110346015625 0.10758739375 0.00220692109375 0.105932203125 0.0800008828125 0.1153116171875 0.08441472421875 0.12413930078124999 0.054621292187500003 0.13682909609375 0.07834569218750001 0.14234639843750002 0.07338012031249999
1 0.739318503125 0.34814177265625 0.7282838984375 0.220692090625 0.7360081210937499 0.21958862968749998 0.7376633125 0.232278425 0.7415254234375 0.2333818859375 0.7398702328125 0.21572651875 0.72938735859375 0.21738170937499998 0.72773216796875 0.18869173749999998 0.73711158203125 0.18869173749999998 0.73876677265625 0.20193326250000002 0.7431806140624999 0.20248499296875 0.742628884375 0.18482962578125 0.7299390890625 0.1842778953125 0.73104254921875 0.15613965390625 0.73711158203125 0.15448446328125 0.73876677265625 0.16717425859374999 0.74207715390625 0.1677259890625 0.74207715390625 0.1522775421875 0.73049081953125 0.1517258125 0.73104254921875 0.14289812890625 0.7415254234375 0.14234639843750002 0.7415254234375 0.1390360171875 0.7078698796875 0.13848428671875 0.70731815 0.14234639843750002 0.71780102421875 0.14179466796875 0.71780102421875 0.15062235156249998 0.705662959375 0.153381003125 0.705662959375 0.16607079765625 0.7111802609375 0.16551906796875 0.7095250703125 0.15282927265625 0.718904484375 0.1539327328125 0.71780102421875 0.1826227046875 0.7062146890625 0.1842778953125 0.70676641953125 0.19862288125 0.7095250703125 0.19862288125 0.71062853125 0.18648481640625 0.71724929375 0.18648481640625 0.71724929375 0.21407132734375 0.70511122890625 0.2129678671875 0.70400776875 0.230623234375 0.7078698796875 0.23007150390625003 0.70731815 0.2190369 0.715594103125 0.220692090625 0.69904219609375 0.3470383125 0.739318503125 0.34814177265625
2 0.83973340390625 0.2493820625 0.84304378515625 0.15448446328125 0.8551818499999999 0.17434675156249999 0.8739406781250001 0.1489671609375 0.8629060734375 0.1412429375 0.8435955156249999 0.1406912078125 0.84414724609375 0.10151836171874999 0.8568370406250001 0.12248411015625 0.8744924078125 0.099311440625 0.8667681851562501 0.09048375703125 0.84580243671875 0.09324240781250001 0.84580243671875 0.05186264140625 0.8580070523437501 0.07105727109375 0.8770063226562501 0.04103842421875 0.86180261328125 0.035310734375 0.846905896875 0.03751765546875 0.84635416640625 0.01986228828125 0.84249205546875 0.01986228828125 0.84138859453125 0.0380693859375 0.8237332273437501 0.038621115625 0.8146887156249999 0.04521826328125 0.82980226015625 0.07172492968750001 0.841940325 0.05241437109375 0.8408368640624999 0.09324240781250001 0.82114846796875 0.09347641015625 0.81430873046875 0.09803623515625 0.8272282343749999 0.12311527265625 0.840285134375 0.10262182187499999 0.8393877671875 0.14363448437499998 0.81876765546875 0.14289812890625 0.80607786015625 0.14951889140625002 0.8292505296874999 0.1760019421875 0.8391816734375 0.15282927265625 0.8342161015625 0.2499337921875 0.83973340390625 0.2493820625
2 0.93780398828125 0.53349951328125 0.9589071328125 0.17379502109375 0.97987288125 0.173243290625 0.97987288125 0.20193326250000002 0.9841622078125001 0.20253222265624998 0.98454219375 0.17289336093750002 0.9990234375 0.1728515625 0.9986317093749999 0.1693811796875 0.9587031859374999 0.16871352109374999 0.9616657835937501 0.13131179375 0.95835540234375 0.12855314296875 0.9555967515624999 0.16882944921875 0.92966543046875 0.17048463984375 0.9269067796874999 0.20248499296875 0.93096425078125 0.2021522375 0.93210420703125 0.17289336093750002 0.95604328828125 0.17327334609375 0.9317242218749999 0.53235955703125 0.93780398828125 0.53349951328125
0 0.5851888023437499 0.61157407421875 0.63971354140625 0.439409721875 0.672265625 0.33958333359375004 0.66901041640625 0.330902778125 0.6315755210937499 0.43796296328124995 0.60309244765625 0.520428240625 0.58193359375 0.59276620390625 0.5851888023437499 0.61157407421875
0 0.24420572890624997 0.715740740625 0.29954427109375004 0.6593171296875 0.38662109375 0.5681712960937501 0.47125651015625003 0.46979166640625003 0.55751953125 0.36851851875 0.62750651015625 0.27737268515625 0.6266927085937499 0.26001157421875 0.61774088515625 0.28460648125 0.53310546875 0.3887731484375 0.45091145859375 0.48425925937500003 0.3841796875 0.55804398125 0.32802734375 0.6202546296875 0.27431640625 0.6737847218749999 0.2328125 0.7171875 0.24420572890624997 0.715740740625
0 0.30768229140625 0.7374421296875 0.39150390625 0.63182870390625 0.48671875 0.51608796328125 0.56240234375 0.39890046328125 0.63076171875 0.27881944453125 0.63076171875 0.26001157421875 0.574609375 0.369965278125 0.5070638023437499 0.47268518515625 0.437890625 0.565277778125 0.36220703125 0.6578703703125 0.29791666640625 0.7345486109375 0.30768229140625 0.7374421296875