2 0.61253647890625 0.5452790609375 0.6824537937499999 0.5802377187500001 0.7844328703125 0.57747395859375 0.8621961804687499 0.52864583359375 0.9990234375 0.447265625 0.939959490625 0.4201388890625 0.8278356484374999 0.3984375 0.68858506953125 0.37854456015625 0.708478009375 0.33333333359375 0.8332609953125001 0.3279079859375 0.8350694445312501 0.30801504609374997 0.7105727140625 0.3096881078125 0.6995531374999999 0.28194917343750003 0.67979389609375 0.27814931875000004 0.66725437734375 0.30360834140625 0.561993634375 0.26642071796875 0.56018518515625 0.28450520859375 0.6653544499999999 0.33058730546875 0.639895428125 0.37352565625 0.4299768515625 0.33333333359375 0.305193865625 0.32609953671874997 0.3630642359375 0.4382233796875 0.39561631953125 0.49609375 0.48965567109375 0.54311342578125 0.5771978359375 0.53729936796875 0.54375911953125 0.62697592421875 0.56275838984375 0.6421753406249999 0.61253647890625 0.5452790609375
1 0.9990234375 0.58203125 0.88028067109375 0.55577256953125 0.92368344921875 0.685980903125 0.88028067109375 0.80895543984375 0.9960214117187499 0.80895543984375 0.9990234375 0.58203125
0 0.16171218671875 0 0.13983463046875 0.21262463515625002 0.11817546171875 0.41988387656250004 0.08739664375 0.7158925093749999 0.0576171875 0.9990234375 0.060797665625 0.9978416828125001 0.0832168046875 0.78049002890625 0.10563594375 0.56617825859375 0.13641476171875 0.26962244687500003 0.16464157343750002 0 0.16171218671875 0
0 0.3154296875 0 0.28992886640625 0.28270914375 0.26674975703125 0.5498388859375 0.246990515625 0.7698504374999999 0.227611259375 0.9978416828125001 0.23046875 0.9990234375 0.240150778125 0.8861259726562499 0.259530034375 0.6657344359375 0.27396947968749996 0.49816087031249995 0.29524866250000004 0.25649015078125 0.3173828125 0 0.3154296875 0
0 0.4462890625 0.99788348125 0.453702578125 0.8827061039062499 0.46548212578125003 0.6759940421875 0.48486138125 0.37314567109375 0.47954158593749996 0.37314567109375 0.443359375 0.99788348125 0.4462890625 0.99788348125
0 0.505859375 0 0.4951171875 0.15966796875 0.48193359375 0.34033203125 0.48828125 0.34375 0.5009765625 0.1376953125 0.5107421875 0 0.505859375 0
0 0.8203884968749999 0.3062682390625 0.82421875 0 0.8215284531249999 0.00151994140625 0.8146887156249999 0.306648225 0.8203884968749999 0.3062682390625
0 0.7958984375 0 0.78846972265625 0.30816816640625 0.79302954765625 0.30550826875000003 0.7998046875 0 0.7958984375 0
0 0.736328125 0 0.72653210078125 0.30778818124999996 0.730711940625 0.30702821015625 0.7392578125 0 0.736328125 0
0 0.56591796875 0.26123046875 0.57177734375 0.1376953125 0.580078125 0 0.57568359375 0.00048828125 0.5693359375 0.10888671875 0.56103515625 0.259765625 0.56591796875 0.26123046875
0 0.6961332687499999 0.27206955234375 0.69879316640625 0.13907465937500002 0.705078125 0 0.7018330500000001 0.0018999273437499999 0.6968932390625 0.11627553515625 0.6911934578125 0.26826969843750004 0.6961332687499999 0.27206955234375
0 0.63330078125 0.2890625 0.646484375 0 0.64111328125 0.001953125 0.6279296875 0.28955078125 0.63330078125 0.2890625
0 0.5224609375 0.9990234375 0.53615941171875 0.75351106484375 0.54261916328125 0.63571558828125 0.54918981484375 0.5409979421875 0.5451388890625 0.5399691359375 0.537615740625 0.6356481484375001 0.5296996593750001 0.8146887156249999 0.5185546875 0.9990234375 0.5224609375 0.9990234375
0 0.59375 0.9990234375 0.60759666796875 0.747811284375 0.6174762890625 0.5711180687499999 0.63001580703125 0.350346546875 0.62469601171875 0.34540673671875 0.6003769453125 0.8238083656249999 0.5904973250000001 0.9989816390625 0.59375 0.9990234375
0 0.7841796875 0.9990234375 0.7899896640625 0.87776629375 0.79986928515625 0.68397373515625 0.8135487593749999 0.43926313203125 0.8082289640625 0.43584326328125 0.8002492703125 0.6072166828125 0.79302954765625 0.7645306421875 0.78049002890625 0.9989816390625 0.7841796875 0.9990234375
0 0.7626953125 0.9990234375 0.76719053984375 0.89144576875 0.7766901749999999 0.69765321015625 0.7892296937500001 0.4905611625 0.78466986875 0.48828125 0.7766901749999999 0.6208961578125 0.7664305687499999 0.8306481031249999 0.7568359375 0.9990234375 0.7626953125 0.9990234375
0 0.6982421875 0.9990234375 0.70753283046875 0.82228842421875 0.71665248046875 0.6623145671875 0.72164351875 0.5780349796875 0.71643518515625 0.58112139921875 0.71665248046875 0.5946771640625 0.70867278671875 0.73793166328125 0.6943359375 0.9990234375 0.6982421875 0.9990234375
0 0.66015625 0.9990234375 0.6657344359375 0.8922057390625 0.67333414375 0.7542710359375 0.68321376484375 0.5904973250000001 0.67941391015625 0.59125729609375 0.6748540859375 0.67941391015625 0.66725437734375 0.8196285265625001 0.6572265625 0.9990234375 0.66015625 0.9990234375
0 0.06573640546875001 1 0.0881034171875 0.7831537265625 0.11019576874999999 0.5680781859375 0.14059460078125 0.27130958203125 0.16795355078125002 0.00265989765625 0.1649136671875 0.00037998515625000003 0.14287451328125 0.21393178515625003 0.12197531640624999 0.42102383281250005 0.09228325625 0.7185562078125 0.0626812515625 1 0.06573640546875001 1
0 0.46105529531249995 0.9966903273437501 0.46846881093750004 0.88151295 0.48024835859375 0.6748008875 0.49246108984375 0.46586211093749996 0.48904122109375 0.46624209609375 0.45812560781249995 0.9966903273437501 0.46105529531249995 0.9966903273437501
0 0.47050173281249996 0.9947372023437501 0.47791524843750005 0.879559825 0.48969479609375 0.6728477625 0.5004407828125 0.49702091406250004 0.49664092890625 0.49588095781249997 0.46757204531249996 0.9947372023437501 0.47050173281249996 0.9947372023437501
0 0.5009765625 0.34765625 0.513671875 0.1416015625 0.5234375 0.00390625 0.52001953125 0.00146484375 0.50927734375 0.16162109375 0.4970703125 0.3466796875 0.5009765625 0.34765625
0 0.50927734375 0.3505859375 0.5224609375 0.146484375 0.53271484375 0.00048828125 0.5283203125 0.00146484375 0.517578125 0.16748046875 0.505859375 0.3466796875 0.50927734375 0.3505859375