2 0.595684921875 0.9573739031249999 0.7258932546875 0.99677905703125 0.8937934742187499 0.9282483554687501 0.73788612734375 0.904262609375 0.74302593046875 0.8717105265624999 0.64708294765625 0.8597176531249999 0.6436564125 0.834018640625 0.6275785140625 0.8378623187500001 0.6171995890625 0.8586201687499999 0.536055265625 0.84210824296875 0.53400728984375 0.86828399140625 0.35701880703125 0.8392776265625 0.35560349921875 0.8991923312500001 0.5545665007812499 0.95223410078125 0.5305807546875 0.97964638125 0.5545665007812499 0.9882127195312499 0.595684921875 0.9573739031249999
0 0.72195870546875 0.8609693875 0.71697624375 0.58444276171875 0.7104846015625 0.28093863203125 0.70501833515625 0.0009964921875 0.7025271046875 0 0.706014828125 0.255102040625 0.71299027421875 0.6098533164062501 0.7179727359375 0.8639588648437501 0.72195870546875 0.8609693875
0 0.1763145265625 0.9988934515624999 0.23330844687500002 0.61093483359375 0.28296981640625 0.27430407421875 0.32263225234375004 0.0033329781250000003 0.3203125 0 0.26563833203125 0.37096043125 0.21964323828125001 0.6805940703125 0.17331484609375 0.9988934515624999 0.1763145265625 0.9988934515624999
0 0.48733771171875 0.853194821875 0.51120057421875 0.47582509531249995 0.5408835296875 0.00023588437499999997 0.5380859375 0 0.523656728125 0.21474410078125 0.50970583515625 0.43646364765624995 0.48329878828124995 0.8505062179687499 0.48733771171875 0.853194821875
0 0.5562160328125 0.5387605679687499 0.57084088203125 0.22196746640625 0.580078125 0 0.5769738828125 0.00023588437499999997 0.5699936226562501 0.1519650828125 0.55715957109375 0.46139039843749996 0.54009885234375 0.83605707890625 0.544657684375 0.8366828953125 0.5562160328125 0.5387605679687499
0 0.6720354015625001 0 0.6716358421875 0.21673708515625 0.67415836328125 0.57390738203125 0.67462531875 0.8584781570312501 0.67911194140625 0.8612149 0.67761479609375 0.61284279375 0.67661830390625 0.32884247421875 0.6748046875 0 0.6720354015625001 0
0 0.00199978671875 0.9485654867187501 0.08365774296875 0.53960910859375 0.14898410859375 0.21497706875000003 0.1913129265625 0 0.18797994843750002 0.0006665953124999999 0.14231815234375 0.22864227812500001 0.10198912109375 0.43295381796875 0.06099349375 0.6369320609375 0 0.94289942421875 0.00199978671875 0.9485654867187501
0 0.30463417265625 0.9985601539062501 0.35362894609375 0.56427314453125 0.38795861796875003 0.258639078125 0.416955525 0.0006665953124999999 0.41228935546875 0.0016664890625000001 0.39095829765625 0.19731228671875 0.3566286265625 0.50794581875 0.32896491015625 0.7605855375 0.3016344921875 0.9982268554687501 0.30463417265625 0.9985601539062501
0 0.16964857109375 0.9982268554687501 0.22968883281250002 0.609934940625 0.27935020234375 0.27330418125 0.31963257265625 0.0033329781250000003 0.3173828125 0 0.26201871796875 0.3699605375 0.21602362421875002 0.6795941765625 0.167648784375 0.9978935578125 0.16964857109375 0.9982268554687501
0 0.033329778125 0.9985601539062501 0.038662542968750005 0.9672301624999999 0.0613267921875 0.84824285390625 0.089657103125 0.69959204375 0.11065486328125 0.5916035625 0.14865081093750002 0.3876253203125 0.1706484640625 0.27763705234375 0.16698218828125 0.27630386093750003 0.1483175125 0.37262691953125 0.11932060546875001 0.5226109218749999 0.09798954765625 0.63793195390625 0.06799274765624999 0.7945819109375 0.0466616890625 0.9075698593749999 0.0303300984375 0.99756026015625 0.033329778125 0.9985601539062501
0 0.5450352828125 0 0.53144814296875 0.21347561874999998 0.519418025 0.4342636625 0.4934707125 0.8562613226562499 0.4972448671875 0.8572048609375 0.5196539101562501 0.47483582421875 0.5474883 0 0.5450352828125 0
0 0.50408552265625 0.8612149 0.5255510265625001 0.4743640546875 0.55291364765625 0.0014153078125 0.55078125 0 0.53758114453125 0.21394738828125 0.52484337265625 0.43638662421875 0.5007831367187501 0.8588560539062501 0.50408552265625 0.8612149
0 0.730428890625 0.85698341875 0.72349330390625 0.5834263390625 0.7168534875 0.280230978125 0.71024871640625 0.00023588437499999997 0.7080078125 0 0.7125318875 0.25408561875 0.7210994109375 0.60858242734375 0.725944675 0.8609693875 0.730428890625 0.85698341875
0 0.6515134359375 0.8451747429687501 0.6515134359375 0.64254981875 0.65316462890625 0.43733016328124996 0.65481582109375 0.25121716484375 0.65519371796875 0.1340282203125 0.65599524453125 0.0011794234375 0.6533203125 0 0.6522210898437499 0.11841410000000001 0.6496263585937501 0.30476298281249997 0.64986224296875 0.43355600859375 0.6496263585937501 0.585701615625 0.6489187046875 0.6850090578125 0.64844693515625 0.8362111265625 0.6515134359375 0.8451747429687501
0 0.61328125 0 0.6118848125 0.05826351171875001 0.6102336203125 0.14695614453125 0.60693123515625 0.27810801640625 0.60433650390625 0.37741545859375003 0.60221354140625 0.47813820937499996 0.6000905796875 0.58522984609375 0.5974958484374999 0.64821105078125 0.593957578125 0.760728034375 0.591362846875 0.84894889765625 0.59584465546875 0.8501283210937499 0.59655231015625 0.8152173914062499 0.59820350234375 0.737847221875 0.60287786953125 0.56899713046875 0.6052800421875 0.44393493359375 0.60929008125 0.28117451718750003 0.6116489281249999 0.172195803125 0.61377188984375 0.0655759359375 0.6162109375 0 0.61328125 0
1 0.99596440390625 0.9979045945312499 0.9979045945312499 0.9778559601562501 0.99596440390625 0.93452504140625 0.9810896109374999 0.95910078671875 0.9526334851562501 0.9442259937499999 0.8924875828125 0.9332315812499999 0.833635140625 0.9539269453125 0.8510968546875001 0.9979045945312499 0.99596440390625 0.9979045945312499
0 0.9990234375 0.91796875 0.99402421328125 0.87567259921875 0.98044288046875 0.7670219367187501 0.9649213578125 0.62603476796875 0.9507360539062499 0.5092652375 0.9338783109375 0.3589352234375 0.9180494578125 0.20903279921875 0.8954513171875 0 0.8924875828125 0.001940190625 0.908768078125 0.15455513984375 0.92733083671875 0.3236376546875 0.942285803125 0.46887934609375004 0.95910078671875 0.60986651484375 0.9793872671875 0.78326769140625 0.996611134375 0.9235306289062499 0.9990234375 0.91796875
0 0.9990234375 0.5 0.9810014203125 0.3559207125 0.96233443671875 0.21794805468749998 0.9442794421875 0.0706191890625 0.93452504140625 0.00582057109375 0.93176975703125 0.00645661171875 0.94745964375 0.1222319953125 0.96168770703125 0.23864341875 0.9842297265625 0.41039837265625 0.9972578640625 0.51156353515625 0.9990234375 0.5
0 0.9972578640625 0.29426221015625 0.9862634523437499 0.21018729296875 0.97454480859375 0.1230791578125 0.9584032796875 0.005245996875000001 0.9555785125 0.00726368828125 0.9778559601562501 0.18043770703125 0.9979045945312499 0.31948468515625 0.9972578640625 0.29426221015625