0 0.478515625 0.9990234375 0.48447196328125 0.84289117890625 0.495207225 0.5052498890625 0.5059424867187501 0.19011801875 0.51079066953125 0.00103889609375 0.5069813828124999 0.00034629843749999997 0.504903590625 0.08899878125 0.49545374296875 0.33434851718749997 0.4851645609375 0.65900653828125 0.4736328125 0.9990234375 0.478515625 0.9990234375
0 0.8212890625 0 0.828627784375 0.131497525 0.84249205546875 0.42175913671875 0.8609619140625 0.71630859375 0.8760055695312501 0.99590037109375 0.884765625 0.9990234375 0.8722854874999999 0.7892114671875 0.8547339109375001 0.4795792078125 0.8373298265625 0.1885442453125 0.8271484375 0 0.8212890625 0
0 0.6002824859375 0.99807997890625 0.60138594609375 0.7873190328125 0.6035928671875 0.45407397578125 0.6052480578125 0.2096574859375 0.60567652890625 0.00242409140625 0.6015625 0 0.60083421640625 0.1357256359375 0.59875055390625 0.41036402890624996 0.59642037421875 0.7111802609375 0.59528756640625 0.9969941265625 0.6002824859375 0.99807997890625
0 0.677734375 0.9990234375 0.67458998203125 0.78298149375 0.670434396875 0.452612478125 0.6666251109375 0.21124224296875 0.6648936171875001 0.0020777921875 0.6611328125 0 0.661776928125 0.135056515625 0.6659325132812499 0.4127881203125 0.67035222421875 0.71669756328125 0.67424368359375 0.9987256203125 0.677734375 0.9990234375
0 0.728515625 0.9990234375 0.722725509375 0.78367409140625 0.71614583359375 0.45517743671875 0.7116439492187501 0.21124224296875 0.7067957671875 0.00103889609375 0.70235257734375 0.001655190625 0.7057568703125 0.13574911328125 0.71062853125 0.42648746484375 0.717531028125 0.707142065625 0.72276659609375 0.99697651875 0.728515625 0.9990234375
0 0.7822265625 0.9990234375 0.77397772578125 0.77224623203125 0.7639350617187499 0.45157358125 0.7545849953125 0.20431626796875002 0.74835161796875 0.00103889609375 0.74350343515625 0.00069259765625 0.74835161796875 0.13782690625 0.757701684375 0.41694370546875004 0.768090646875 0.7289588874999999 0.77744071328125 0.9987256203125 0.7822265625 0.9990234375
0 0.95338983046875 0.99776549296875 0.9359529703125 0.80348855234375 0.91468131171875 0.4950495046875 0.8934096531250001 0.2194848390625 0.8798828125 0 0.87310488828125 0.004834467968750001 0.8856745046875 0.1692063734375 0.9030785890624999 0.45347308203125003 0.92338335390625 0.73000464140625 0.9456219062500001 0.99880105234375 0.95338983046875 0.99776549296875
0 0.2021484375 0.9990234375 0.2212438203125 0.76911193515625 0.2466234109375 0.46179819921875 0.26648569921875 0.22565766250000002 0.2863479875 0.00110346015625 0.2802789546875 0.00055173046875 0.26372704765625 0.200278071875 0.24441648984375003 0.43641860859375 0.220692090625 0.715594103125 0.1962890625 0.9990234375 0.2021484375 0.9990234375
0 0 0.951182909375 0.0237244 0.76745674453125 0.060690325 0.47117761328125 0.0915872171875 0.22234728124999997 0.11807026875 0.00275865078125 0.10813912421875001 0.00275865078125 0.0833112640625 0.21131267656250002 0.053517832031250004 0.45186705546874995 0.01986228828125 0.73104254921875 0 0.87890625 0 0.951182909375
0 0.5149291476562501 0 0.51286846171875 0.0893450796875 0.50453522265625 0.333840925 0.49451462734374996 0.6579676421875 0.48377936640624997 0.9987256203125 0.48758865234375 0.998379321875 0.49416832890625007 0.8370041 0.50455729140625 0.503172096875 0.5139073578125 0.18977171953125 0.5201407359375 0.0017314937499999998 0.51611964765625 0 0.5149291476562501 0
0 0.4963707890625 0.9977490578125 0.50109430390625 0.83631150234375 0.511829565625 0.503172096875 0.52115563125 0.1856435640625 0.5269569921875 0.00290068046875 0.522218528125 0.0017314937499999998 0.5201887375 0.05124535859375 0.511829565625 0.3300227171875 0.5021332000000001 0.6562361484375 0.49256150234374996 0.9980953570312501 0.4963707890625 0.9977490578125