2 0.64557291640625 0.9995370367187499 0.648013565625 0.8171834625000001 0.68798449609375 0.892011196875 0.73333740234375 0.82672119140625 0.73582848828125 0.8161068046875 0.71857509296875 0.8052996734375 0.64861240703125 0.80311333984375 0.64952761640625 0.64061154140625 0.67102713203125 0.6874461671875001 0.6907097867187499 0.718130921875 0.69404069765625 0.71866925078125 0.71493459296875 0.68798449609375 0.7389808765625 0.6464260726562501 0.72732042890625 0.63695195859375 0.70035564375 0.63039295703125 0.652256296875 0.63112173515625 0.65437257734375 0.47534453046875 0.6728439921875 0.51518087890625 0.6958575578125 0.5469422914062501 0.7228076546875 0.50979758828125 0.74188468984375 0.47157622734375 0.7406404703125 0.4631420171875 0.7171175375 0.45257112890625006 0.6529850749999999 0.454028684375 0.6529850749999999 0.38770988828125 0.67994986015625 0.36293143671875 0.67120452421875 0.36074510234375 0.650798740625 0.37750699609375 0.62383395546875 0.356372434375 0.620190065625 0.359287546875 0.64496851640625 0.38552355390625 0.6443798453125 0.45381136953125 0.5859375 0.4486386140625 0.5569306929687501 0.45734065625 0.56019864375 0.4796511625 0.59906005859375 0.5474853515625 0.6431686046875 0.4710378984375 0.63953488359375 0.6314599484375 0.5936726484375 0.6265470296875 0.5771921640625 0.6260202890625 0.5580789726562501 0.6293066320312499 0.5517199609375 0.64114987109375 0.5954116140625 0.72221898359375 0.63873291015625 0.64056396484375 0.6340368468750001 0.80311333984375 0.59031016796875 0.795825559375 0.56698927265625 0.7965543375 0.55141715078125 0.8037252367187501 0.5529312015625 0.8193367789062499 0.5919937015625 0.8844745906249999 0.633175871875 0.8171834625000001 0.6296875 0.9995370367187499 0.64557291640625 0.9995370367187499
0 0.99842583984375 0.6464260726562501 0.9969682835937499 0.63913829296875 0.8162313429687501 0.4955690296875 0.68723763984375 0.38479477578125 0.68505130625 0.38843866640625 0.8264342351562499 0.50795825546875 0.99842583984375 0.6464260726562501
0 0.99842583984375 0.763759328125 0.99842583984375 0.7564715484375 0.77614855390625 0.53419426328125 0.6595440765625 0.4139458953125 0.66318796640625 0.42414878749999996 0.79509678203125 0.5597014921875 0.99842583984375 0.763759328125
0 0.91796875 0.9990234375 0.9211753734375 0.994053171875 0.7965543375 0.75209888046875 0.70009689921875 0.5587855296875001 0.69797722890625 0.561477175 0.78548934140625 0.738587425 0.91796875 0.9990234375
0 0.77614855390625 0.9969682835937499 0.6967117539062501 0.73387943125 0.69525193828125 0.74020241171875 0.7731770835937499 0.9995370367187499 0.77614855390625 0.9969682835937499
0 0.71372335234375 0.998062015625 0.6955547484375 0.9135443585937499 0.6923390859375 0.9160739273437499 0.7097868218750001 0.998062015625 0.71372335234375 0.998062015625
0 0.99623950546875 0.8504839085937499 0.9605293843749999 0.8067572296875 0.8774486937500001 0.70472831171875 0.78343633359375 0.58958138984375 0.71274486953125 0.50067047578125 0.65376695703125 0.42366494374999997 0.65558381796875 0.43012489218749994 0.6967117539062501 0.48682369375 0.7907241140625 0.60488572734375 0.86870335859375 0.70035564375 0.9481401585937499 0.798740671875 0.9990234375 0.861328125 0.99623950546875 0.8504839085937499
2 0.49243683515625003 0.6247229609375 0.49416832890625007 0.49312943281250005 0.5132147609375 0.49347573125000005 0.511829565625 0.62610815625 0.51425365703125 0.6264544546875 0.5163314492187501 0.49589982265625 0.5263741132812501 0.49589982265625 0.5267204125 0.4913979390625 0.5163314492187501 0.4913979390625 0.5163314492187501 0.4747755984375 0.5139073578125 0.47408300078125 0.513561059375 0.49105163984375 0.49416832890625007 0.49070534140625 0.49486092656249997 0.47339040312499997 0.49278313359375003 0.47304410468749997 0.49243683515625003 0.4913979390625 0.481355275 0.49209053671875 0.48170157343750003 0.50455729140625 0.48447196328125 0.50455729140625 0.48447196328125 0.49347573125000005 0.49209053671875 0.49312943281250005 0.48903827499999997 0.62338501328125 0.49243683515625003 0.6247229609375
0 0.59947916640625 0.9995370367187499 0.5968386625 0.9512273898437501 0.5932049421875 0.8866279070312499 0.59047965078125 0.8887812234375 0.5935077515625 0.949612403125 0.59635416640625 0.9995370367187499 0.59947916640625 0.9995370367187499
0 0.6216690890625001 0.992678725 0.61470445703125 0.9140826875 0.603500484375 0.79349698515625 0.59653585234375 0.7229758828125 0.5935077515625 0.7229758828125 0.601986434375 0.8187984500000001 0.612887596875 0.9264642546875 0.61985222890625 0.998062015625 0.6216690890625001 0.992678725
0 0.6749636625 0.9975236867187499 0.6592175390625 0.9033161070312501 0.6349927328125 0.75958225703125 0.61652131796875 0.6556847546875 0.60077519375 0.55286391015625 0.59653585234375 0.5523255812500001 0.60773982578125 0.6185400515625 0.627725290625 0.73751076640625 0.645288275 0.8419465976562501 0.66042877890625 0.9318475453125 0.67193556171875 0.9969853578125001 0.6749636625 0.9975236867187499
0 0.6922238375 0.7267441859375 0.69282945703125 0.72243755390625 0.6795058140625 0.705211025 0.65104166640625 0.66483634765625 0.65073885625 0.67021963828125 0.66769622109375 0.693906115625 0.6922238375 0.7267441859375