1 0.328125 0 0.3217648234375 0.1936431625 0.31175130234375004 0.448090278125 0.3646484375 0.36851851875 0.418359375 0.5016203703125 0.42893880234375 0.49438657421875 0.44114583359375 0.33813657421875 0.48712158203125 0.34912109375 0.400146484375 0.013427734375 0.41845703125 0.037841796875 0.4306640625 0.04547119140625 0.423828125 0 0.328125 0
0 0.2392578125 0.9990234375 0.305706521875 0.793987771875 0.39813701953125 0.5091479703124999 0.393546340625 0.5083133015625 0.2933349609375 0.81146240234375 0.23170613359374997 0.999005240625 0.2392578125 0.9990234375
0 0.34375 0.9990234375 0.41913334609374997 0.73757763984375 0.4985927796875 0.4652319484375 0.57926533359375 0.18560753125 0.63264266328125 0.00181968203125 0.62536393671875 0.0024262421875 0.59088134765625 0.12786865234375 0.5483307453124999 0.27295225156249997 0.46574519218750005 0.5554720890625 0.393657803125 0.8042993015625 0.3359375 0.9990234375 0.34375 0.9990234375
0 0.4560546875 0.9990234375 0.5082977484375 0.7885287265625001 0.571380046875 0.5355929734375 0.65023291953125 0.22442740703125003 0.7080078125 0 0.69997088515625 0.00363936328125 0.66175756953125 0.15891886640625 0.607666015625 0.3704833984375 0.55338541640625 0.5867721687499999 0.49169921875 0.82672119140625 0.44703513203125 0.99839868046875 0.4560546875 0.9990234375
0 0.513671875 0.9990234375 0.5404454578125 0.88739809765625 0.5883637421875 0.678741265625 0.65023291953125 0.41792022500000003 0.7061298078125 0.1744457796875 0.7470703125 0 0.7412170031249999 0.004852484375 0.72059394375 0.09462344687499999 0.68701171875 0.23468017578125 0.651446040625 0.390625 0.6017080742187499 0.5980687109375 0.54226513984375 0.856463509375 0.5070846273437499 0.99779211953125 0.513671875 0.9990234375
0 0.5517578125 0.9990234375 0.6053474375000001 0.75759413828125 0.64659355625 0.57441284921875 0.7036102484375 0.320263975 0.7472826085937501 0.1304105203125 0.776397515625 0.0024262421875 0.77033191015625 0.0006065609375000001 0.73939732109375 0.1449679734375 0.70179056640625 0.305706521875 0.66175756953125 0.4858550078125 0.6156589671875 0.6890527953125 0.57623253125 0.864348796875 0.54815673828125 0.99151611328125 0.5517578125 0.9990234375
0 0.65933132734375 0.99779211953125 0.6872331132812499 0.846758540625 0.7284792312499999 0.62718361796875 0.7755126953125 0.3857421875 0.78701171875 0.29473379609375 0.71489383046875 0.66982171484375 0.6781347046875 0.8588897515625 0.651446040625 0.9965789984375 0.65933132734375 0.99779211953125
0 0.9154090640625 0 0.9014423078125 0.09348290625 0.8797409187499999 0.23245526171875 0.8588741984375 0.36683693906250003 0.8367554757812499 0.50121861640625 0.8058727296875 0.7019564640625 0.7795806625 0.87139423046875 0.7599659453125 0.9986812234375 0.7640418765625 0.9990234375 0.79460470078125 0.8029513890625 0.830078125 0.58009481875 0.8772369125000001 0.2725193640625 0.90802115703125 0.0824922359375 0.9212684390625 0 0.9154090640625 0
0 0.7939453125 0.9990234375 0.8121327460937501 0.88641826953125 0.8322010867187499 0.7466760484375 0.8673815992187499 0.5107239906250001 0.89467682421875 0.32390333828125 0.91772612578125 0.16801727500000002 0.94320166953125 0.0006065609375000001 0.9375 0 0.91813568359375 0.1256176546875 0.88497185546875 0.34634607890625 0.856463509375 0.536199534375 0.81797542734375 0.8021167203124999 0.7885287265625001 0.999005240625 0.7939453125 0.9990234375
0 0.07339382734375 0.9965789984375 0.11100058203125 0.899529309375 0.16983695625 0.7412170031249999 0.235345496875 0.56228163828125 0.30449340078125 0.37485442578125 0.30381944453125 0.3680889421875 0.25718167734374997 0.4907074921875 0.19349281796875 0.6611510093749999 0.127984278125 0.83462732890625 0.06732822187500001 0.9959724375000001 0.07339382734375 0.9965789984375
0 0.0006065609375000001 0.9935461953125 0.1648470890625 0.57800814609375 0.2424712875 0.38144364296875 0.3217648234375 0.1769497859375 0.3184261484375 0.17778445546875 0.27836204609375004 0.28128338671875 0.2201814828125 0.42701863359375 0.12313179375000001 0.67388878125 0.05944293515625 0.8334142078125 0.0006065609375000001 0.9795953031250001 0.0006065609375000001 0.9935461953125
0 0.47069099375 0.28326378124999996 0.51982239921875 0.13586956484374998 0.56167507734375 0.004852484375 0.5562160328125 0.004852484375 0.508904309375 0.147394215625 0.47008443359375 0.26931288828125 0.47069099375 0.28326378124999996
0 0.9247063929687499 0 0.909100834375 0.09597001171875 0.8872646546875 0.23426581875000002 0.86722088671875 0.36558493593749997 0.84677150078125 0.49746260703124995 0.81588875546875 0.69653111640625 0.79001402265625 0.87055956171875 0.77039930546875 0.9974292203124999 0.7744140625 0.9990234375 0.8067073984375 0.79502203515625 0.83925948203125 0.57717347734375 0.88641826953125 0.27335403281250004 0.91604901171875 0.08096287421875001 0.9305381945312501 0 0.9247063929687499 0
2 0.8310546875 0 0.79534912109375 0.25146484375 0.7449951171875 0.587158203125 0.7510986328125 0.5963134765625 0.7634114585937499 0.59710648125 0.78466796875 0.46966552734375 0.8304443359375 0.1629638671875 0.857421875 0 0.8310546875 0
0 0 0.76330462109375 0.05967881953125 0.62558426796875 0.144397703125 0.43068910234375 0.24205395312500003 0.19948584375 0.32426883046875 0.003756009375 0.3225994921875 0.000417334375 0.23495926796875 0.20908453515624997 0.10475093515625 0.5124866453125 0 0.7548828125 0 0.76330462109375
0 0.0012520031250000002 0.539196046875 0.0521668 0.42985443359375 0.1652644234375 0.18362713671875 0.20908453515624997 0.10725494140625 0.26125133515625 0.015441372656249999 0.26166866953125 0.01085069453125 0.1677684296875 0.1723591078125 0.0751201921875 0.37101028281250004 0.000417334375 0.53293603125 0.0012520031250000002 0.539196046875
0 0.000417334375 0.40481436953124994 0.032552083593749996 0.35348223828125 0.12853899609375 0.197399171875 0.2147216796875 0.05462646484375 0.249565971875 0.000417334375 0.2451171875 0 0.14898838125 0.15733506953125 0.0738681890625 0.27961404921875 0 0.3984375 0.000417334375 0.40481436953124994
0 0 0.3388671875 0.026709401562500002 0.28587406484375 0.08197021484375 0.1751708984375 0.12937366484374999 0.0772068640625 0.1658935546875 0.0042724609375 0.1640625 0 0.13146033671875 0.06510416640625 0.0709468484375 0.18905248359375 0.0271267359375 0.27711004296874997 0 0.33203125 0 0.3388671875
0 0.0869140625 0 0.0471587875 0.0696948453125 0.00083466875 0.1514923875 0.002086671875 0.15608306640625 0.05884415078125001 0.05508814140625 0.0888671875 0 0.0869140625 0
0 0 0.736328125 0.01001602578125 0.7132244921875001 0.04215077421875 0.638521634375 0.08388421484375 0.540030715625 0.12686965781249998 0.438201121875 0.1673510953125 0.34513555 0.20491119140624997 0.25415665078125 0.22911658671875 0.198233840625 0.27711004296874997 0.08221487734375 0.31258346718749996 0.0016693375 0.30799278828125 0 0.28003138359375 0.0688601765625 0.23412459921875 0.1761151171875 0.19948584375 0.25874732890624996 0.16234308203125 0.344718215625 0.0784588671875 0.542534721875 0.0471587875 0.6155682421875001 0.0012520031250000002 0.726996528125 0 0.736328125
0 0.2232739046875 0.0012520031250000002 0.2186832265625 0 0.21158854140625 0.014189369531250001 0.18279246796874998 0.06301749453125 0.15232705625 0.11268028828125001 0.1206096421875 0.16442975390625 0.06176549140625 0.26166866953125 0.037977430468750004 0.29755942812499997 0 0.35890758515625 0.0016693375 0.36266359531250003 0.03756009609375 0.30674078515625 0.06677350390625 0.25874732890624996 0.11017628203125 0.18696581171874999 0.15942174140625 0.10683760703125 0.198651175 0.042985443750000005 0.2232739046875 0.0012520031250000002
0 0.17068977031250002 0.046741453125 0.13312967421875 0.12144431093750001 0.10182959375 0.18112313046875 0.0747028578125 0.23662860546875 0.03296941796875 0.3163394765625 0.000417334375 0.37935697109375 0.00083466875 0.3856169875 0.01085069453125 0.36683693906250003 0.034221421093749996 0.32093015468749997 0.0763721953125 0.23996728125 0.0993255875 0.193225828125 0.13980702421875 0.11560162890625 0.17068977031250002 0.05508814140625 0.197399171875 0.0012520031250000002 0.194895165625 0 0.17068977031250002 0.046741453125
0 0.1761151171875 0.15691773515625002 0.19948584375 0.10683760703125 0.22369123906250002 0.05300146875 0.23704593984375003 0.0233707265625 0.23412459921875 0.0217013890625 0.22369123906250002 0.0438201125 0.195729834375 0.10683760703125 0.1677684296875 0.1673510953125 0.1761151171875 0.15691773515625002