2 0.69800204921875 0.8196721312499999 0.6827932890625 0.65877945703125 0.732421875 0.7340227968749999 0.77404585078125 0.6499743851562501 0.7524334015624999 0.64116931328125 0.7308209531250001 0.63956839140625 0.6811923671875 0.64917392421875 0.66998591171875 0.51389600390625 0.71641265390625 0.5779328890625 0.7527554000000001 0.50017705390625 0.7308209531250001 0.49308401640625005 0.7020043546875 0.497086321875 0.66998591171875 0.500288165625 0.66038037890625 0.378618084375 0.7020043546875 0.44425589140625005 0.7356033109375 0.3698765046875 0.71881403671875 0.36420978515625 0.69640112734375 0.36420978515625 0.65869555625 0.37181303125 0.6531762296875 0.32418673125 0.6722512390625 0.30873760625 0.66998591171875 0.304975665625 0.64757300234375 0.31858350390625 0.6291623976562499 0.30657658828125 0.625960553125 0.3113793546875 0.64757300234375 0.32578765390625 0.65077484609375 0.3722143953125 0.60034579921875 0.37381531796875 0.5763319671875 0.3882236171875 0.61795594296875 0.4506595796875 0.65157530703125 0.38021900625 0.66038037890625 0.50268954921875 0.605148565625 0.5066918546875 0.5779328890625 0.5154969265625 0.625960553125 0.5859375 0.66038037890625 0.51389600390625 0.66998591171875 0.6499743851562501 0.60915087109375 0.65157530703125 0.5819351945312501 0.66758452890625 0.634765625 0.741226946875 0.67247086875 0.66176178515625 0.6943359375 0.9990234375 0.712890625 0.9990234375 0.69800204921875 0.8196721312499999
0 0.77433383515625 0.6432033460937501 0.85400805625 0.463106409375 0.9400451484375001 0.26862384921875 0.9990234375 0.1337890625 0.99841758125 0.129470609375 0.93949185546875 0.261707684375 0.86203080703125 0.43710162890625004 0.7718440156249999 0.64154346640625 0.77433383515625 0.6432033460937501
0 0.7516488140625001 0 0.72702726640625 0.16432808046875 0.69576620078125 0.36130046015625 0.69853266640625 0.3607471671875 0.73311349140625 0.1402598265625 0.7548828125 0 0.7516488140625001 0
0 0.7400296562500001 0.49270759531249997 0.7795901203125 0.35383100234375 0.828279921875 0.17539394453124998 0.8758631375 0.0016598796874999998 0.873046875 0 0.8509649429687499 0.0771844015625 0.8022751414062499 0.25977115781250004 0.73919971640625 0.48745131015625 0.7400296562500001 0.49270759531249997
0 0.43903815546875 0.998694228125 0.3355723265625 0.7892727515625 0.23265979140624998 0.5781913953125 0.09405984453125 0.28937234453125 0 0.0888671875 0.0005532929687500001 0.0995927765625 0.053946087499999996 0.21163464921875003 0.144686171875 0.4019675109375 0.26032445078125 0.64182011328125 0.3701531515625 0.86673379921875 0.4365234375 0.9990234375 0.43903815546875 0.998694228125
0 0.28771246484375 0.99841758125 0.291015625 0.9990234375 0.1557520359375 0.8623074539062501 0.0013832328124999999 0.7012991328125 0.00110658671875 0.706002125 0.13832329999999998 0.8479218304687499 0.28771246484375 0.99841758125
0 0.1640625 0.9990234375 0.16792448671875 0.998694228125 0.11287181328125 0.95968705703125 0.046199982031249996 0.91265713515625 0.00110658671875 0.8800128367187501 0.000276646875 0.8825026554687501 0.08465386015625001 0.9433649078125 0.1640625 0.9990234375
0 0.65270978203125 0.3114133421875 0.6612886625 0.217331625 0.6731561125 0.092651903125 0.68159201171875 0.00042894375 0.6793043101562499 0.000571925 0.6701535046875 0.09880010078125 0.66171760625 0.18816343359375 0.65042208125 0.3121282484375 0.65270978203125 0.3114133421875
0 0.62840295546875 0.3008327234375 0.6332643210937501 0.22376578515625 0.64084233125 0.1003728953125 0.6477054359375 0.0002859625 0.645703696875 0.0010008695312499999 0.64084233125 0.07492221796875001 0.63250206953125 0.18819846875 0.6259722734375 0.3012616671875 0.62840295546875 0.3008327234375
0 0.71844633359375 0.3592231671875 0.7391508390625 0.2494892890625 0.7629610203125 0.12457210703124999 0.7878064265625 0.0020704507812499997 0.78435567578125 0.0020704507812499997 0.75295384296875 0.16115006640625001 0.7319042625 0.27019379453125 0.71568573359375 0.35818794140625 0.71844633359375 0.3592231671875
0 0.32770215859374996 0.5980186859375001 0.48173727421874996 0.9972011921874999 0.48425418828125 0.9966978093750001 0.40421633359375003 0.78628382734375 0.28894168828125 0.48475757109375 0.1776941046875 0.183734696875 0.11024081796875 0.0005033828124999999 0.1057103734375 0 0.20235985859375 0.2612556375 0.32770215859374996 0.5980186859375001
0 0.27887403359374996 0.76665190078125 0.42686855703125 0.99871133984375 0.4273719390625 0.99569104375 0.28843830546875 0.7752094070312501 0.11779155937500001 0.49432184296875 0.0005033828124999999 0.29699581171875 0.0005033828124999999 0.304546553125 0.134906571875 0.5285518687499999 0.27887403359374996 0.76665190078125
0 0.6192835367187499 0.9951410062500001 0.62833460390625 0.8708079265625001 0.6354801828125 0.74599847578125 0.63214557890625 0.744569359375 0.6230945125 0.8898628046875 0.6154725609375 0.99895198203125 0.6192835367187499 0.9951410062500001
0 0.9966413554687501 0.8898583531250001 0.9957286796875 0.88346962578125 0.8984375 0.9990234375 0.9052734375 0.9990234375 0.9966413554687501 0.8898583531250001
0 0.70458528046875 0.8670414718749999 0.7319655375 0.74200496484375 0.7294194984375 0.7330996046875 0.7018472546875001 0.8624780960937499 0.70458528046875 0.8670414718749999
0 0.6416106890625 0.71006133203125 0.66520024296875 0.5681409562499999 0.66267192578125 0.56454512734375 0.6376415859375 0.71512046015625 0.6416106890625 0.71006133203125
0 0.60249797734375 0.99424667421875 0.6047734625000001 0.9331175835937501 0.6073017796875 0.87738223671875 0.61033576015625 0.78478964375 0.6123584140625 0.71062567421875 0.60932443359375 0.70837828125 0.60452063125 0.8490650843750001 0.60148665078125 0.9380618484375001 0.5999696601562501 0.9982919812500001 0.60249797734375 0.99424667421875
0 0.6090716015625001 0.99199928046875 0.6121055828124999 0.91873426796875 0.61488673125 0.8634484 0.61867920703125 0.7915318234375001 0.62120752421875 0.723211075 0.61842637578125 0.7214131609375001 0.616403721875 0.76591154296875 0.6141282359375 0.8220963679687501 0.61159991875 0.8881697234375 0.60831310703125 0.9448040273437501 0.60654328515625 0.9982919812500001 0.6090716015625001 0.99199928046875
0 0.6343547734375 0.992448759375 0.64598503203125 0.9128910460937499 0.6550869742187501 0.84501977734375 0.663936084375 0.7677094570312499 0.6730380257812499 0.6935454875 0.67126820390625 0.687702265625 0.6588794499999999 0.78703703671875 0.64927184453125 0.8647968359375 0.6371359226562501 0.95334412109375 0.63132079296875 0.99739302421875 0.6343547734375 0.992448759375
0 0.6507888351562501 0.99424667421875 0.653822815625 0.977615965625 0.6664644015625 0.90704782421875 0.6803701453125 0.822545846875 0.67935881875 0.8095109671875 0.6702568773437501 0.86659475 0.65837378671875 0.9385113265625 0.6477548546875 0.99784250234375 0.6507888351562501 0.99424667421875
0 0.67556634296875 0.9991909382812499 0.67986448203125 0.9794138796875 0.6894720875 0.9362639335937499 0.68846076015625 0.93176914765625 0.67961165078125 0.9690758718750001 0.67278519453125 0.99739302421875 0.67556634296875 0.9991909382812499
0 0.6141282359375 0.65039554140625 0.61513956328125 0.6076950734375 0.61539239453125 0.56993887109375 0.6136225726562501 0.5694893921874999 0.6121055828124999 0.605897159375 0.6113470875 0.6494965835937501 0.6141282359375 0.65039554140625
0 0.625 0.6512944984375 0.6257584953124999 0.62117943203125 0.626516990625 0.5856706218750001 0.623483009375 0.5843221859375001 0.6224716828125 0.62882056796875 0.62196601953125 0.6485976265625 0.625 0.6512944984375
0 0.62955097109375 0.5609492984375 0.633596278125 0.5137540453125 0.6310679609375 0.51420352421875 0.62702265390625 0.56139877734375 0.62955097109375 0.5609492984375
0 0.616656553125 0.5604998203125 0.6171622171875 0.51150665234375 0.61488673125 0.51285508828125 0.61438106796875 0.5582524273437499 0.616656553125 0.5604998203125
0 0.61817354375 0.5034160375 0.6189320390625 0.45037756171875004 0.616403721875 0.45037756171875004 0.61539239453125 0.5034160375 0.61817354375 0.5034160375
0 0.63511326875 0.50296655859375 0.6394114078124999 0.45442286953125005 0.64320388359375 0.4027328296875 0.63915857578125 0.41037396640625 0.6353660999999999 0.46341244140625 0.63207928828125 0.503865515625 0.63511326875 0.50296655859375
0 0.67657766953125 0.49802229374999996 0.6818871359374999 0.46880618515625 0.68997775078125 0.412621359375 0.69604571171875 0.3730672421875 0.69351739453125 0.37171880625 0.68264563125 0.44273642578125 0.6735436890625001 0.49847177265625 0.67657766953125 0.49802229374999996
0 0.70792880234375 0.6396080546875 0.71197411015625 0.614437253125 0.71778923984375 0.57713052890625 0.7145024273437499 0.57713052890625 0.70944579296875 0.61174038125 0.704894821875 0.6427544046875 0.70792880234375 0.6396080546875
0 0.68062297734375 0.6279216109375 0.6854267796875 0.58656957890625 0.68997775078125 0.544318590625 0.68846076015625 0.54207119765625 0.68416262109375 0.57308522109375 0.67986448203125 0.6135382953125 0.68062297734375 0.6279216109375
0 0.6970570390625 0.49262855078124995 0.701608009375 0.44588277578125 0.69933252421875 0.4467817328125 0.694528721875 0.49532542265624996 0.6970570390625 0.49262855078124995
0 0.69149474140625 0.74433656953125 0.6955400484375 0.7236605539062501 0.70009101953125 0.68725278671875 0.69832119765625 0.6836569578125 0.6952872171875 0.7052319312499999 0.6909890773437499 0.734448040625 0.69149474140625 0.74433656953125