2 0.57481461875 0.99776549296875 0.627659184375 0.8027985624999999 0.68359375 0.8481880867187501 0.78667902578125 0.8239704710937501 0.75357521171875 0.80245299296875 0.684057203125 0.7875562765625 0.6261255296875 0.7792803234375001 0.65591896171875 0.6915552171875 0.7171610171875 0.76272841640625 0.84957627109375 0.70810712421875 0.80985169453125 0.6899000265625 0.74198887734375 0.67334811953125 0.65591896171875 0.66838254765625 0.69564353828125 0.5045186703125 0.7800582625 0.62369239921875 0.957163665625 0.52769133984375 0.8876456570312501 0.4962427171875 0.78998940703125 0.48631157343750003 0.70557468203125 0.47803561953124996 0.7353681140624999 0.36879303515625 0.78833421640625 0.34727555625 0.8230932203125001 0.34065479375 0.8214380296874999 0.32410288671875 0.79826536015625 0.32410288671875 0.73867849609375 0.34727555625 0.7155058265625 0.348930746875 0.64049662578125 0.30076291093749996 0.63936705546875 0.31748212421875 0.68571239375 0.34727555625 0.70557468203125 0.37210341640625 0.67909163125 0.47969081015625 0.5317796609375 0.449897378125 0.44405455546874995 0.453207759375 0.42088188593750003 0.47141485703125 0.54336599609375 0.5922437765625 0.677436440625 0.5012082890625 0.6310911015625 0.66507216640625 0.54998675859375 0.648520259375 0.45895127109375 0.638589115625 0.4374337921875 0.65348583125 0.5284692796875 0.734590175 0.6294359109375 0.6849344546875 0.60519366171875 0.7771236796875 0.5367452328125 0.76438360703125 0.5043280515624999 0.7569505578125 0.4621478875 0.7569505578125 0.45389524609375 0.7674955984375 0.5301244703125 0.8223152804687499 0.6010673414062501 0.7968383218749999 0.5517578125 0.9990234375 0.57481461875 0.99776549296875
1 0.9990234375 0.9970703125 0.9990234375 0.9462890625 0.8313691734375 0.948109771875 0.84453125 0.9995370367187499 0.9990234375 0.9970703125
0 0.8449787265625 0.94767825703125 0.8376430460937501 0.8252640843749999 0.8293904046874999 0.6735071890625 0.82159624375 0.5258766140625 0.813343603125 0.3626577171875 0.808758803125 0.36128227734374996 0.8183868835937499 0.5400894953125001 0.82847344453125 0.731275675 0.83993544609375 0.9435519367187499 0.8449787265625 0.94767825703125
0 0.7958984375 0.9990234375 0.79317048125 0.928880575 0.7876687203125 0.79317048125 0.78262543984375 0.6258252640624999 0.77804063984375 0.627659184375 0.78216696015625 0.76703711875 0.791015625 0.9990234375 0.7958984375 0.9990234375
0 0.7265625 0.9990234375 0.725315434375 0.89082673125 0.7234815140624999 0.76382775859375 0.71797975390625 0.7652031984375001 0.72027215390625 0.85644072734375 0.7236328125 0.9990234375 0.7265625 0.9990234375
0 0.525390625 0.9990234375 0.530002934375 0.87753081015625 0.5410064554687499 0.6148217429687499 0.54696669609375 0.47636076875000005 0.54329885546875 0.47544380859375 0.53733861484375 0.5973995015625 0.530002934375 0.74411311640625 0.52632913984375 0.8370535710937499 0.51953125 0.9990234375 0.525390625 0.9990234375
0 0.5483421359375 0.4483934859375 0.55521933671875 0.27050322734375 0.56072109765625 0.129749853125 0.5648474179687499 0.00137543984375 0.5616380578125 0 0.55888717734375 0.09490536953124999 0.55292693671875 0.23703418437499998 0.5437573359375001 0.446559565625 0.5483421359375 0.4483934859375
0 0.6354533453125 0.46581572734375004 0.635911825 0.346610915625 0.6317855046874999 0.346610915625 0.6308685445312501 0.46535724765625003 0.6354533453125 0.46581572734375004
0 0.75786751796875 0.33423195390625 0.74227919609375 0.1471720953125 0.73035871484375 0.0009169601562499999 0.7236328125 0 0.7376943953125 0.1279159328125 0.75419967734375 0.33652435468749997 0.75786751796875 0.33423195390625
0 0.79225352109375 0.1691791375 0.7734375 0 0.77024647890625 0.0018339203124999998 0.784917840625 0.13433465390625 0.80463248203125 0.31543427265625 0.8078418429687501 0.31589275234374997 0.79225352109375 0.1691791375
0 0.31222491171875 0.99765258203125 0.3805384390625 0.44976892578124994 0.41125660234375 0.20264818046875002 0.43601452500000004 0.00137543984375 0.43280516406249997 0 0.41996772265625 0.10086561015625 0.398877640625 0.2746295484375 0.35807291640625 0.603818221875 0.30947403203125 0.9985695421875 0.31222491171875 0.99765258203125
0 0.77070495859375 0.48094556953125 0.7601599179687499 0.360823796875 0.75603359765625 0.36174075703124997 0.76703711875 0.48094556953125 0.77070495859375 0.48094556953125
0 0.1806640625 0.9990234375 0.22144586249999998 0.7652031984375001 0.25720730625 0.55934565703125 0.29021786953125 0.37091035781250004 0.32001907265625 0.19668793984375 0.35348811640625 0.0036678406249999996 0.35027875625 0.0041263203125 0.31772667265625 0.19072769921875 0.28884242968749996 0.35807291640625 0.25170554609375 0.56668133828125 0.17651481796875 0.99765258203125 0.1806640625 0.9990234375
0 0.98619058125 0.94217649609375 0.9210864140625 0.55063453671875 0.91787705390625 0.55292693671875 0.9806888203125 0.9371332156250001 0.98619058125 0.94217649609375
0 0.09548611093750001 0.69765946484375 0.16276041640625 0.40713028203125 0.21777802265625001 0.17238849765625 0.25766578671875 0.0004584796875 0.25353946562499996 0.00137543984375 0.19852186015625 0.240702025 0.179724178125 0.32185299296875003 0.13112529374999998 0.52954445390625 0.09259259296875 0.6938014406249999 0.09548611093750001 0.69765946484375
0 0.0647424765625 0.66293724296875 0.105908890625 0.49699237109374994 0.15955105625 0.28517458906250004 0.18430897890625 0.18568441875 0.2292400234375 0.0041263203125 0.22603066328125002 0.0004584796875 0.1769732984375 0.19852186015625 0.14487969453125 0.32873019375 0.10911825156249999 0.4699420484375 0.061487268750000004 0.66100823046875 0.0647424765625 0.66293724296875
0 0.0205078125 0.9990234375 0.0234375 0.9990234375 0.058226965625 0.8523144070312499 0.0915075234375 0.71373456796875 0.087890625 0.7111625515625 0.06877200703125 0.79454592109375 0.04263864453125 0.9045811328125 0.02063160234375 0.99719410234375 0.0205078125 0.9990234375
0 0.0004584796875 0.91558465390625 0.02109008203125 0.83810152578125 0.0607638890625 0.67836934140625 0.05823206015625 0.6738683125 0.04722344453125 0.7152288734375001 0.0220070421875 0.8211377640625 0.0004584796875 0.90412265234375 0.0004584796875 0.91558465390625
0 0.53031470078125 1 0.53492701015625 0.8787870453125001 0.54593053125 0.616077978125 0.551890771875 0.47761700390625006 0.54822293125 0.47670004375 0.542262690625 0.59865573671875 0.53492701015625 0.7453693515625 0.5312532156249999 0.8383098070312499 0.52445532578125 1 0.53031470078125 1
0 0.6294931046875 0.992150821875 0.629951584375 0.8119681632812499 0.62720070390625 0.8096757632812499 0.6258252640624999 0.9981110624999999 0.6294931046875 0.992150821875
0 0.681640625 0.9990234375 0.68359375 0.9990234375 0.68496918984375 0.994443221875 0.68588615 0.8532313671875 0.68221831015625 0.8481880867187501 0.6817598296875 0.9985695421875 0.681640625 0.9990234375
0 0.70055751171875 0.32735475390625 0.6973481515625 0.24803770546875 0.69047095078125 0.113244571875 0.68496918984375 0.00137543984375 0.68130135 0.0004584796875 0.68863703046875 0.141670334375 0.69322183125 0.24253594453125 0.69826511171875 0.33423195390625 0.70055751171875 0.32735475390625
0 0.63499486484375 0.3172681921875 0.63499486484375 0.18660137890625 0.63453638515625 0.06281176640625 0.63499486484375 0.0009169601562499999 0.6308685445312501 0 0.6308685445312501 0.04080472421875 0.631327025 0.06968896718749999 0.6317855046874999 0.17376393750000002 0.6304100648437501 0.3168097125 0.63499486484375 0.3172681921875
0 0.55143229140625 0.44799460859374995 0.5583094921875 0.27010435 0.563811253125 0.12935097578125002 0.5679375734375001 0.0009765625 0.56472821328125 0 0.5619773328125001 0.0945064921875 0.5560170921875 0.23663530625 0.54684749140625 0.44616068828125 0.55143229140625 0.44799460859374995
0 0.9990234375 0.73828125 0.9802303406249999 0.6377457453125001 0.9605156984375001 0.53091989453125 0.9573063382812499 0.5327538148437501 0.9687683390625 0.5937316609375001 0.98343970078125 0.6748826289062501 0.9981110624999999 0.749156396875 0.9990234375 0.73828125
0 0.1691791375 0.99765258203125 0.2113593015625 0.76657863828125 0.2494131453125 0.5570532570312501 0.28367994453125 0.368498753125 0.31348114765625 0.19427633515625 0.346950190625 0.00125623515625 0.34374083046875004 0.001714715625 0.311188746875 0.18831609453125 0.28104826875 0.35807291640625 0.24391138515625 0.5662228578125 0.16596977734375 0.9985695421875 0.1691791375 0.99765258203125
3 0 0.591796875 0.00578703671875 0.6127829218749999 0.12586805546875 0.7516718109375 0.13129340312499999 0.73816872421875 0.01910400390625 0.6146240234375 0.033637153125 0.5774176953125 0.02278645859375 0.55426954765625 0 0.5643518515625 0 0.591796875
0 0.631597221875 0.74988776640625 0.63396464609375 0.53804713828125 0.62844065625 0.53804713828125 0.62607323203125 0.76672278359375 0.631597221875 0.74988776640625
0 0.68210227265625 0.76952861953125 0.67894570703125 0.51139169453125 0.67263257578125 0.5127946125 0.6781565656249999 0.7835578 0.68210227265625 0.76952861953125
0 0.71875 0.6731481484375 0.7105113632812501 0.51560044921875 0.70577651484375 0.5170033671875001 0.71366792890625 0.67272727265625 0.71875 0.6731481484375
0 0.00036168984375 0.519547325 0.0329137734375 0.4192386828125 0.060040509374999995 0.33629115234375 0.083550346875 0.26041666640625 0.10886863437500001 0.18261316875 0.1359953703125 0.093235596875 0.1331018515625 0.09002057578125 0.11320891171875 0.15753600859375 0.0886140046875 0.23533950625000002 0.07125289375 0.2893518515625 0.052806713281249994 0.3478652265625 0.03508391171875 0.40316358046875 0.01844618046875 0.45588991796875 0.00036168984375 0.50861625546875 0.00036168984375 0.519547325
0 0.0329137734375 0.4353137859375 0.0564236109375 0.36394032890625 0.07233796328125 0.31507201640625004 0.09548611093750001 0.24241255156250002 0.11754918984375 0.17361111093749998 0.14142071796875 0.09452160468750001 0.13925057890625 0.093235596875 0.12225115703125 0.14660493828125 0.10127314843749999 0.21090535 0.08065682890625 0.2771347734375 0.056785300781250006 0.351080246875 0.0368923609375 0.4147376546875 0.016637731250000003 0.47518004140625003 0.00253182890625 0.519547325 0.00253182890625 0.52919238671875 0.0159143515625 0.48996913593749997 0.0329137734375 0.4353137859375
0 0.026041666406250004 0.55169753125 0.052806713281249994 0.4655349796875 0.08101851875 0.37165637890625003 0.10850694453125001 0.28163580234375 0.13454861093749998 0.19547325078125 0.16167534687500001 0.10030864218749999 0.1891637734375 0.0019290125 0.18663194453125 0.00128600859375 0.1623987265625 0.087448559375 0.14214409687500001 0.15625 0.12369791640625001 0.2160493828125 0.10163483828125 0.29449588515624997 0.08282696796875 0.353009259375 0.06184895859375 0.42566872421874996 0.040147569531249996 0.49382716015624994 0.022424768749999997 0.55041152265625 0.026041666406250004 0.55169753125
0 0.036168981249999996 0.5709876546875 0.0676359953125 0.46039094687500004 0.09186921328125 0.37680041171875 0.1171875 0.28806584375 0.145037615625 0.18647119375 0.17071759296875 0.10030864218749999 0.167462384375 0.09773662578125 0.1501012734375 0.1594650203125 0.1276765046875 0.23984053515624998 0.10344328671875 0.32343107031249996 0.08282696796875 0.39416152265625 0.05606192109375 0.4861111109375 0.0354456015625 0.56069958828125 0.036168981249999996 0.5709876546875
0 0.13961226875 0.08166152265625 0.15227141171875 0.0417952671875 0.16276041640625 0.0025720164062499997 0.16059027812499999 0.0025720164062499997 0.146484375 0.0475823046875 0.13563368046875 0.0861625515625 0.13961226875 0.08166152265625
0 0.1428674765625 0.087448559375 0.15805844921875 0.0372942390625 0.16854745390625 0.0025720164062499997 0.16637731484375 0.00064300390625 0.14901620390625 0.05529835390625 0.13888888906250002 0.08873456796875 0.1428674765625 0.087448559375
0 0.1721643515625 0.093235596875 0.184100115625 0.05336934140625001 0.196759259375 0.003858025 0.19278067109375 0.003858025 0.17975983828125 0.0540123453125 0.16854745390625 0.091306584375 0.1721643515625 0.093235596875
0 0.00036168984375 0.714377571875 0.01772280078125 0.6340020578125001 0.015190971875 0.6340020578125001 0 0.70280349765625 0.00036168984375 0.714377571875