0 0.6455078125 0 0.59511885703125 0.16401241953125 0.5229200054687501 0.39605034687499996 0.44946915078125 0.631844284375 0.37393162421875 0.8722288992187501 0.3330078125 0.9990234375 0.3369140625 0.9990234375 0.341796875 0.9990234375 0.39479834375 0.8292434562500001 0.4699185359375 0.5876068375 0.5387787125 0.3672542734375 0.6113948984375 0.13104300234375 0.65234375 0 0.6455078125 0
0 0.5654296875 0.9990234375 0.5909455125 0.89518229140625 0.6335136218749999 0.7182325054687501 0.6819244125 0.5162426546875001 0.74160323203125 0.27544070546875 0.76998197109375 0.15775240390625 0.8071247328125001 0.0012520031250000002 0.8025340546875 0.00083466875 0.7653912929687501 0.15316172578125 0.7332494703125 0.28768869140625003 0.69527911328125 0.444043803125 0.65187633515625 0.62099358984375 0.6093082265625 0.79627403828125 0.5595703125 0.9990234375 0.5654296875 0.9990234375
0 0.8359375 0 0.81755809296875 0.0713641828125 0.785006009375 0.20824986640624998 0.7516192578124999 0.34054487187500004 0.7165631679687501 0.48118656484375 0.678628178125 0.631968353125 0.64269497890625 0.7820846687499999 0.5888671875 0.9990234375 0.59375 0.9990234375 0.6285056085937499 0.8605435359375001 0.67316038984375 0.679003071875 0.71739783671875 0.49704527265625 0.7562099359375 0.34304887812499996 0.81255008046875 0.11685363281250001 0.8408203125 0 0.8359375 0
0 0.6865234375 0.9990234375 0.7123898234375 0.8730635687499999 0.74577657578125 0.7090511484375 0.784171340625 0.52375467421875 0.81714075859375 0.35640357890624996 0.83925948203125 0.2629206734375 0.86680355234375 0.16150841328125 0.91521434296875 0 0.91020633046875 0.000417334375 0.8730635687499999 0.12645232343749999 0.8313301281250001 0.2695980234375 0.7954393695312499 0.45072115390625 0.7582966078125 0.6272536054687501 0.7123898234375 0.84677150078125 0.6806640625 0.9990234375 0.6865234375 0.9990234375
0 0.40802464140624994 0 0.3468048875 0.1431457 0.27210202968749997 0.3205128203125 0.18863514921875 0.5174946578124999 0.0959869125 0.7386818914062501 0 0.9619140625 0.0012520031250000002 0.973223825 0.07804153281250001 0.79377003203125 0.17736712109375 0.5579760953124999 0.2666766828125 0.34889156015625 0.35890758515625 0.12895633046875 0.41291116875 0 0.40802464140624994 0
1 0 0.9990234375 0.15234375 0.9990234375 0.10285073125 0.8079150046875 0.0747028578125 0.69486177890625 0.10700631640625 0.69259751796875 0.1185229703125 0.79794337578125 0.13312967421875 0.79210069453125 0.121204565625 0.67736037265625 0.0692775109375 0.67942040625 0.036550288281249996 0.44818559999999996 0.08945980234374999 0.44487847187499996 0.098223825 0.5592280984375 0.11700387265625001 0.5567240921875001 0.0998931625 0.43027176796875005 0.03323990703125 0.43163369296875 0.01731493828125 0.19912178671875 0.07203014218750001 0.1953125 0.07986111093750001 0.3130008015625 0.1015625 0.30799278828125 0.0824191046875 0.17418827578125 0.00242409140625 0.10977670625 0.00103889609375 0.0980025484375 0.07306903828125 0.0910765734375 0.07234909218749999 0.06677350390625 0 0.00425205546875 0 0.9990234375
2 0.9607364390625 1 0.9861950007812499 0.5535517960937499 0.9987247945312501 0.01147684921875 0.97957423828125 0.00733887265625 0.9762638570312501 0.0420978765625 0.88191798828125 0.017270016406249998 0.7623966695312501 0.0026877867187500002 0.7130885390625 0.01561482578125 0.746192353125 0.09009840625 0.8041240265624999 0.19768580078125 0.8372278398437499 0.26554861796874996 0.8885387507812499 0.19603061015625 0.9746086664062499 0.07189130859375001 0.9746086664062499 0.14968527109375002 0.9613671406250001 0.38968791875000003 0.9415048531249999 0.6214146140625 0.9199873742187499 0.99879808828125 0.9367595039062501 1 0.9607364390625 1
0 0.4697265625 0.9990234375 0.5008242546874999 0.884879109375 0.54143969765625 0.74571148671875 0.59997371953125 0.5399464828125 0.6570145257812501 0.33448012265625 0.723014621875 0.10751146796875 0.7537748468750001 0.00089592890625 0.748046875 0 0.7265983375 0.07734852812500001 0.668064315625 0.2804257453125 0.6002723624999999 0.518145546875 0.52650755 0.77617306953125 0.462890625 0.9990234375 0.4697265625 0.9990234375
0 0.1347102171875 0.78540558515625 0.16899379453125002 0.71822362578125 0.2337516625 0.595633865625 0.31062998671875 0.450880984375 0.39131759765625 0.29643173749999996 0.45919215390624996 0.1669160015625 0.51771664453125 0.0519448140625 0.51425365703125 0.048828125 0.48932014609375 0.0980025484375 0.42974722890625 0.21532157890625 0.35045434375 0.368808178125 0.283272384375 0.495207225 0.19981438359374998 0.653119459375 0.1329787234375 0.77951850625 0.1347102171875 0.78540558515625
0 0.068913453125 0.6662788117187499 0.11150819999999999 0.5686225617187499 0.1277842421875 0.5405723625000001 0.17037898906249999 0.46854222109375004 0.22959607734374998 0.36950077578124996 0.3123779296875 0.233154296875 0.35945811171875 0.15202515546875 0.40897883437500004 0.0675282578125 0.44776429531249995 0.00103889609375 0.443359375 0 0.39997506640624997 0.07549312968750001 0.32933011953125 0.1956587984375 0.27703900703125 0.283272384375 0.2036236703125 0.40586214531250003 0.13886580234375 0.5139073578125 0.10791015625 0.56121826171875 0.06683566015625 0.66073803203125 0.068913453125 0.6662788117187499
0 0.0910765734375 0.41971409609375004 0.19081061640625002 0.265957446875 0.2507203015625 0.173495678125 0.31201518203125 0.07549312968750001 0.3604970078125 0.00069259765625 0.3564453125 0 0.27669270859375 0.12397495546875 0.18146055 0.274614915625 0.08830618359375 0.415904809375 0.0910765734375 0.41971409609375004
0 0.10388962734375 0.3033577125 0.13540281484375 0.25833887421875 0.19981438359374998 0.16587710546875 0.271151928125 0.060255984375 0.31201518203125 0.0013851953125 0.3076171875 0 0.23132757109375 0.11081560312500001 0.16414561171875 0.20985704765625002 0.10181183515625 0.29850953046875 0.10388962734375 0.3033577125
0 0.09488586015625 0.3179022609375 0.09038397578125 0.31547816953124996 0.037400265625 0.42698636953125 0.04086325390625 0.428025265625 0.09488586015625 0.3179022609375
0 0.0973099515625 0.27357601953125 0.131593528125 0.21782191953125 0.16379931328125 0.16345301406249998 0.1966976953125 0.10908410937499999 0.21747562031249998 0.06960605078125 0.2140126328125 0.068913453125 0.19912178671875 0.09696365234375 0.16414561171875 0.1513325578125 0.124667553125 0.21955341328125 0.09592475624999999 0.26838153828125 0.0973099515625 0.27357601953125
0 0.09350066484375 0.22613308984375 0.12709164453125 0.1738419765625 0.1547955453125 0.13090093046875 0.17245678203125 0.09869514609374999 0.17176418437500002 0.09246176874999999 0.14717697265625002 0.1312472296875 0.121204565625 0.17591976953125 0.0910765734375 0.22301640078124998 0.09350066484375 0.22613308984375