0 0 0.92879585625 0.12910487265624998 0.9216267210937501 0.32222762656250004 0.90854511171875 0.55933852109375 0.8922057390625 0.7404264859375 0.8781057890625 0.8333984375 0.871990740625 0.8333984375 0.8647569445312501 0.7621433421875 0.8714758828125 0.5984770187499999 0.88498601640625 0.37781762265625 0.8997182374999999 0.16028362734374998 0.9128736414062499 0 0.919921875 0 0.92879585625
0 0 0.9375 0.10646132187499999 0.93253714140625 0.23034137265625 0.92454993203125 0.37045686171875 0.91711956484375 0.4978867828125 0.9093237703125 0.61875640390625 0.90131916015625 0.7612384734375001 0.8901127046875 0.83258463515625 0.8864583335937499 0.8317708335937499 0.87633101875 0.80366291015625 0.8813076328125 0.60995133203125 0.8957159320312501 0.439453125 0.90650475546875 0.294569671875 0.9149269976562501 0.158491290625 0.92293160859375 0.004245924218750001 0.9298573367187499 0 0.9375
0 0.0008004609375 0.6315637804687501 0.0688396515625 0.625960553125 0.17770235625 0.615554559375 0.30977843203125 0.60354764375 0.41303791015625 0.59314164921875 0.5315061476562499 0.57953381171875 0.6459720796874999 0.5675268953125 0.76524077890625 0.5555199796875 0.898117315625 0.5387102968749999 0.93268229140625 0.53634259296875 0.93268229140625 0.52766203671875 0.85268725703125 0.54033925078125 0.70905277265625 0.55629863828125 0.605148565625 0.5659259734375001 0.48904122109375 0.57985773359375 0.35620517421875003 0.59234118828125 0.23773693671874999 0.60354764375 0.11526639375 0.615554559375 0.0024013828125 0.625960553125 0.0008004609375 0.6315637804687501
0 0.00113995625 0.46244224218749996 0.12957502421875 0.455982490625 0.2154517265625 0.450282709375 0.31500790390625 0.44382295703125 0.4020245625 0.43812317578125004 0.5027206953125 0.430903453125 0.6577547421875 0.41836393515625003 0.95791015625 0.39600694453125 0.95791015625 0.3858796296875 0.64196977421875 0.41623975390625 0.53501945546875 0.42444370156250005 0.45522251953125004 0.43052346796874996 0.36744588984375 0.43698321953125 0.279289275 0.443442971875 0.1770732 0.449142753125 0.09043652734374999 0.45408256328125 0.00113995625 0.45940235859375 0.00113995625 0.46244224218749996
0 0.00113995625 0.5289396890625 0.1176677765625 0.52350153671875 0.25383025312499996 0.5152602140625 0.38302529218750003 0.50766050546875 0.5072805203125 0.49930082656249997 0.60873662421875 0.492841075 0.744428790625 0.48267802265625 0.874346425 0.47194187734375 0.9440755210937499 0.46979166640625003 0.94244791640625 0.45966435156249996 0.8678866734374999 0.46890199453125003 0.70221303515625 0.48258146875 0.5882174124999999 0.49094114765625 0.41684399296874997 0.5027206953125 0.31880775781250004 0.50880046171875 0.2021522375 0.51564019921875 0.08967655625 0.5209599953125 0 0.52589980546875 0.00113995625 0.5289396890625
0 0 0.27734375 0.22039153671874998 0.259530034375 0.32108767031249996 0.25079036953125 0.42254377421875 0.24167071953125002 0.51149462109375 0.235335553125 0.6163363328125 0.22609131796874998 0.76719053984375 0.2120318578125 0.9978416828125001 0.19037268984375 0.9990234375 0.185546875 0.7108094265625 0.21292264374999997 0.56503830234375 0.2268512890625 0.47307248984375 0.23453509218750002 0.3602261671875 0.244710603125 0.23853739765625 0.2537461578125 0.09445440546875 0.2657530734375 0.0008004609375 0.2729572234375 0 0.27734375
0 0.0008004609375 0.24654200781250002 0.08244748984375 0.23693647578125 0.19037268984375 0.2234314203125 0.2953701328125 0.21052126015625 0.39860469374999996 0.19645245625000002 0.59074026640625 0.17209912890625 0.9990234375 0.11328125 0.9990234375 0.107421875 0.6011462601562501 0.1648949796875 0.3837852625 0.19493251484375002 0.26294990234375 0.2108919015625 0.12247054296875 0.22813140390625 0 0.24281067578124998 0.0008004609375 0.24654200781250002
0 0 0.3310546875 0.1280737703125 0.3209848875 0.24654200781250002 0.3137807375 0.35220286875 0.304975665625 0.47764165859374996 0.29486867734375 0.5779328890625 0.28736552265625004 0.66953428984375 0.2796692609375 0.7945494890625 0.26978963984375 0.9990234375 0.251953125 0.9967017265625 0.24851045703125002 0.75803662890625 0.26895491796875 0.65737475703125 0.27738934843749996 0.5578185796875 0.28536904218750003 0.453702578125 0.29296875 0.34259733593749997 0.30017289921875 0.23939080703124999 0.31006809375 0.10943579765625 0.31880775781250004 0 0.326171875 0 0.3310546875
1 0.97003173828125 0.721435546875 0.98639322890625 0.7171875 0.9997395835937499 0.575 0.9997395835937499 0.4 0.95709635390625 0.35839120390625 0.94866943359375 0.43609619140625 0.91357421875 0.6695556640625 0.870849609375 0.77178955078125 0.78359375 0.9995370367187499 0.85364583359375 0.9995370367187499 0.96666666640625 0.9995370367187499 0.97003173828125 0.721435546875
0 0.0022799125 0.794929475 0.0775170234375 0.79150960625 0.27890928984375 0.77935007265625 0.49170111875 0.76415065625 0.6961332687499999 0.7455313718750001 0.8827061039062499 0.72691208671875 0.88156614765625 0.72349221796875 0.7421115031250001 0.73717169296875 0.5061405640625 0.75921084609375 0.248130471875 0.77821011640625 0 0.791015625 0.0022799125 0.794929475
0 0.00417983984375 0.87966622109375 0.17441330234375002 0.87320646875 0.34198686796875 0.8644668046874999 0.49930082656249997 0.8542071984374999 0.7060128890625 0.83900778203125 0.8428076359375 0.82798820546875 0.8431876218750001 0.82456833671875 0.5657982734375 0.8462275046875 0.36098613828125 0.8599069796875 0.15047422187499998 0.8701665859375 0.00341986875 0.8758663664062499 0.00417983984375 0.87966622109375
0 0.00341986875 0.7497112109375 0.20823200390625002 0.73793166328125 0.39518482499999996 0.723872203125 0.5543987109375 0.71019272890625 0.74135153203125 0.6923334140625 0.8872659289062501 0.67637402734375 0.8903058125 0.6725741734375 0.63495561796875 0.6991731515625 0.43736320546874996 0.717032465625 0.2234314203125 0.7329918531249999 0.0018999273437499999 0.7462913421875 0.00341986875 0.7497112109375
0 0.00265989765625 0.69195342890625 0.2188715953125 0.67865393984375 0.35566634218750004 0.66839433359375 0.51450024296875 0.65509484453125 0.68739360390625 0.6387554718749999 0.83330800078125 0.6250759968749999 0.91652480546875 0.6163363328125 0.91652480546875 0.61253647890625 0.62355605546875 0.6417953546875 0.38720513125 0.66269455234375 0.16985347734375 0.67865393984375 0.0007599710937500001 0.68891354609375 0.00265989765625 0.69195342890625
0 0.0022799125 0.66307453828125 0.09157648359375001 0.65927468359375 0.1888527484375 0.6509150046875 0.36326605078125 0.6376155156250001 0.49360104609375 0.626215953125 0.67333414375 0.60797665390625 0.80100924140625 0.5939171937500001 0.92336454296875 0.5794777484375 0.92108463046875 0.57567789375 0.7789700875000001 0.59315722265625 0.56199841953125 0.61595634765625 0.35528635703125 0.6353356031249999 0.13983463046875 0.6520549609375 0.00113995625 0.65965466953125 0.0022799125 0.66307453828125
0 0.0007599710937500001 0.572258025 0.09689627890625 0.56541828828125 0.21165187265625002 0.55629863828125 0.27738934843749996 0.55059885703125 0.36174610859375 0.54261916328125 0.49094114765625 0.52931967421875 0.5790977625 0.5205800093749999 0.6645944796875 0.51032040390625 0.7664305687499999 0.49854085625 0.8933456953125001 0.48220148359375 0.9416038421874999 0.47650170234375 0.93894394453125 0.47156189218750005 0.76491062734375 0.4951209875 0.66383450859375 0.5065205500000001 0.545659046875 0.5205800093749999 0.43014348281250003 0.53273954296875 0.33856699921875 0.5410992218749999 0.20709204765624997 0.5532587546875 0.0809368921875 0.56313837578125 0.00037998515625000003 0.5692181421875 0.0007599710937500001 0.572258025
0 0.00341986875 0.650155034375 0.0406584390625 0.64597519453125 0.12425522890625 0.63837548671875 0.19341257265625 0.63229571953125 0.2728295234375 0.622796084375 0.36250607968750004 0.61253647890625 0.42824355546875 0.6041768000000001 0.4905611625 0.59543713515625 0.48980119140625 0.5923972515625 0.40164457656249997 0.6041768000000001 0.31614786015625 0.6140564203125 0.243570646875 0.622796084375 0.17897312734374998 0.629635821875 0.07333718359375 0.63951544296875 0.0022799125 0.6452152234375 0.00341986875 0.650155034375
0 0.00303988359375 0.6748540859375 0.059657709375 0.6721941874999999 0.12615515546875 0.66611442109375 0.18619285000000002 0.6623145671875 0.25307028203125 0.65623480078125 0.31234800546875 0.65053501953125 0.38340527734375 0.6440752671875 0.451422665625 0.636475559375 0.49550097265625004 0.6319157343749999 0.4951209875 0.62811588046875 0.446862840625 0.633055690625 0.37618555468750003 0.64141536953125 0.31006809375 0.6474951359375 0.21697166796874998 0.65585481484375 0.13679474687499998 0.66307453828125 0.05357794296875 0.6687743187499999 0.00265989765625 0.67181420234375 0.00303988359375 0.6748540859375
0 0.65281493203125 0.646735165625 0.737551678125 0.65395488828125 0.80632903671875 0.66079462578125 0.88460603125 0.66611442109375 0.8872659289062501 0.66307453828125 0.83482794296875 0.65851471328125 0.7645306421875 0.65395488828125 0.6995531374999999 0.6478751218750001 0.6455952093749999 0.6429353109375 0.59771704765625 0.63837548671875 0.5038606515625 0.6284958656249999 0.50462062265625 0.63267570546875 0.5726380109375 0.63913545703125 0.65281493203125 0.646735165625
0 0.6687743187499999 0.61671631796875 0.7599708171875 0.626215953125 0.8439475921874999 0.63381566171875 0.8861259726562499 0.6376155156250001 0.91310493671875 0.64065539921875 0.91310493671875 0.63685554453125 0.8564871109375 0.6319157343749999 0.7725103359375 0.6250759968749999 0.6904334875 0.61595634765625 0.6003769453125 0.6060767265625 0.5300796453125 0.5973370625000001 0.5015807390625 0.5927772375 0.5027206953125 0.5969570765625 0.58251763125 0.60759666796875 0.6687743187499999 0.61671631796875
0 0.63229571953125 0.5992369890625 0.70297300546875 0.6060767265625 0.7747902484375 0.6117765078125 0.84356760703125 0.61785627421875 0.9146248781249999 0.622796084375 0.9138649078125001 0.62013618671875 0.87966622109375 0.6170963031250001 0.7892296937500001 0.6106365515625 0.71893239296875 0.6049367703125 0.6543348734375 0.5980970328125 0.59201726640625 0.59201726640625 0.5141202578125 0.5836575875000001 0.50348066640625 0.5859375 0.55287876953125 0.59087731015625 0.63229571953125 0.5992369890625
3 0.50690053515625 0.7025930203125 0.5038606515625 0.64483523828125 0.4996808125 0.5714980546875 0.49398103125 0.57073808359375 0.49170111875 0.5882174124999999 0.49170111875 0.5973370625000001 0.49588095781249997 0.59657709140625 0.49778088515625 0.6444552531250001 0.5031006812500001 0.7386916343750001 0.51032040390625 0.8485074171875 0.5152602140625 0.8485074171875 0.50690053515625 0.7025930203125