1 0.7466774421875 0.77266922109375 0.7340045796875 0.5960398703124999 0.7466774421875 0.59147509609375 0.7457906789062501 0.538793103125 0.744881465625 0.49010217109375 0.757576778125 0.486597521875 0.76094423515625 0.340113146875 0.7356883078124999 0.29970366406250004 0.69549209765625 0.2793742015625 0.6847162359375 0.46216475078124997 0.6865122125 0.519636015625 0.68022629296875 0.5244252875 0.6797772992187501 0.5723180078125 0.67339035546875 0.602774784375 0.6346646015624999 0.7728313578125 0.60099003203125 0.91426454765625 0.63971578671875 0.862068965625 0.6455078125 0.9990234375 0.681640625 0.9990234375 0.7154835671875001 0.9428879312499999 0.75520833359375 0.9995370367187499 0.7659954203125 0.99845096953125 0.7466774421875 0.77266922109375
0 0.744881465625 0.71200510859375 0.8544921875 0.66008391171875 0.9990234375 0.5888671875 0.99645543984375 0.5787037039062499 0.8517795140625 0.64923321796875 0.7421875 0.70482120078125 0.744881465625 0.71200510859375
0 0.1494140625 0.9990234375 0.41449652812500004 0.8732638890625 0.62239583359375 0.773003471875 0.6267361109375 0.76302083359375 0.36801938671875 0.88885271953125 0.1337890625 0.9990234375 0.1494140625 0.9990234375
0 0 0.70703125 0.11574074062499999 0.66098813671875 0.39409722187499996 0.5447048609375 0.6892361109375 0.41927083359374995 0.687934028125 0.41493055546875 0.249565971875 0.59950086796875 0 0.7021484375 0 0.70703125
0 0.00124139296875 0.27807203359375 0.18289856953125 0.2255197296875 0.38938360703125 0.16634666328125 0.66373146171875 0.08524231953125 0.94220196796875 0.0027126734375 0.9345703125 0 0.6808810765625 0.0768590859375 0.48104745390625 0.13472945625 0.26041666640625 0.1989293984375 0.0008275953125 0.2743478546875 0.00124139296875 0.27807203359375
0 0.0018084492187499998 0.24233217578125 0.1428674765625 0.19712094921875 0.34386586328125 0.1311738609375 0.53586798203125 0.06786281796875 0.7282838984375 0.00331038125 0.7233796296875 0.00090422421875 0.62301070625 0.035264757031249996 0.44566008984375005 0.09475966640625 0.19712094921875 0.17541956015625 0 0.23876125546875002 0.0018084492187499998 0.24233217578125
0 0.76497395859375 0.3879123265625 0.884331596875 0.335467303125 0.9990234375 0.28515625 0.9982638890625 0.27850115703125 0.89879918984375 0.3209997109375 0.76497395859375 0.38067853046875 0.76497395859375 0.3879123265625
0 0.7683249078125 0.93347886015625 0.89613970625 0.8652630976562501 0.99882238046875 0.809254365625 0.9990122124999999 0.8045977007812499 0.8774701289062501 0.86957146171875 0.76401654375 0.93060661796875 0.7683249078125 0.93347886015625
0 0.85546875 0.9990234375 0.9990234375 0.9189453125 0.9990122124999999 0.9131545335937499 0.9320427390624999 0.9507123164062501 0.8494657625 0.99810431953125 0.85546875 0.9990234375
0 0.00090422421875 0.34993489609375 0.32384535859375 0.252757353125 0.58552370234375 0.17296742578125 0.7966218171875 0.10941116875000001 0.99645543984375 0.04792390078125 0.99283854140625 0.042498553125 0.87709780078125 0.07776331015625 0.7382150421875 0.12289790781250001 0.538764565625 0.18496755859375 0.3712373625 0.23480583671875 0.167308134375 0.29584099296875 0 0.345703125 0.00090422421875 0.34993489609375
3 0.28862847187499996 0.6085224453125 0.28250558046875 0.6113480546875001 0.28001434921875 0.632772640625 0.28698979609375 0.630281409375 0.28798628828125 0.663663903125 0.29346699609375004 0.6691446109375 0.32508680546875 0.8902064734374999 0.33289930546875 0.88933841796875 0.28862847187499996 0.6085224453125
0 0.00043402812500000003 0.9296875 0.1076388890625 0.8836805554687499 0.28559027812500004 0.80338541640625 0.4782986109375 0.71571180546875 0.6640625 0.628472221875 0.66102430546875 0.62630208359375 0.38585069453125 0.75390625 0.19357638906250002 0.8415798609375 0.00303819453125 0.92578125 0.00043402812500000003 0.9296875
0 0.08203125 0.9990234375 0.17013888906250002 0.957465278125 0.36848958359375 0.8650173609375 0.4982638890625 0.8038194445312501 0.632378471875 0.737847221875 0.6328125 0.733940971875 0.4765625 0.8103298609375 0.2893518515625 0.89879918984375 0.072265625 0.9990234375 0.08203125 0.9990234375
0 0.0008680554687499999 0.8797743054687499 0.27994791640625 0.75868055546875 0.50868055546875 0.65494791640625 0.66710069453125 0.5802951390625 0.66493055546875 0.578559028125 0.40711805546875 0.6974826390625 0.19802517343749998 0.79119646953125 0 0.8771701390625 0.0008680554687499999 0.8797743054687499
0 0 0.7421875 0.16015625 0.6736111109375 0.27473958359375 0.62413194453125 0.27604166640625 0.6193576390625 0.094184028125 0.69835069453125 0.00130208359375 0.73828125 0 0.7421875
0 0 0.7548828125 0.05381944453125 0.73177083359375 0.17144097187500001 0.6796875 0.27154416484375 0.634765625 0.2721715859375 0.63024450234375 0.19704861093749998 0.6657986109375 0.103081596875 0.70710358828125 0 0.751953125 0 0.7548828125
0 0 0.7919921875 0.07942708359375 0.757378471875 0.20486111093749998 0.703125 0.2795138890625 0.66927083359375 0.27821180546875 0.66666666640625 0.19140625 0.70572916640625 0.093315971875 0.7482638890625 0 0.7880859375 0 0.7919921875
0 0.00043402812500000003 0.808159721875 0.08289930546874999 0.773871528125 0.19097222187500001 0.72916666640625 0.28804623984375 0.68936314375 0.3604547765625 0.657181571875 0.5280172414062501 0.5850894 0.6730423851562499 0.523627075 0.672593390625 0.5164431671874999 0.49344468359375 0.59386973203125 0.4112787359375 0.63138569609375 0.31339798828125 0.67209450859375 0.24052372656249998 0.7043909140625 0.116753471875 0.75694444453125 0 0.8046875 0.00043402812500000003 0.808159721875
0 0.30078125 0.66276041640625 0.40538194453125 0.6388888890625 0.48871527812500004 0.61848958359375 0.56944444453125 0.59852430546875 0.6584201390625 0.57552083359375 0.65711805546875 0.57291666640625 0.5759548609375 0.593315971875 0.46961805546875 0.61979166640625 0.38671875 0.63975694453125 0.2990451390625 0.65928819453125 0.30078125 0.66276041640625
0 0.30208333359375 0.652777778125 0.3845486109375 0.6171875 0.4552951390625 0.585503471875 0.53255208359375 0.55164930546875 0.6193576390625 0.51302083359375 0.6818576390625 0.484375 0.68098958359375 0.4822048609375 0.586371528125 0.52430555546875 0.515625 0.55598958359375 0.4453125 0.586371528125 0.37456597187499996 0.61805555546875 0.296875 0.6506076390625 0.30208333359375 0.652777778125
0 0.00044899453125 0.54837164765625 0.0947377875 0.5164431671874999 0.20039380078125002 0.47990063203125005 0.320703125 0.439409721875 0.44928385390625003 0.39456018515625 0.59087643671875 0.3432311625 0.69234913828125 0.30810983359375 0.6932471265625 0.29932950156250004 0.5985093390625 0.33604725390625 0.44495330468749994 0.3903256703125 0.28001302109375004 0.44664351875 0.16990599609374998 0.4861111109375 0.05052083359375 0.52476851875 0.0040409484375 0.5419859515625001 0.00044899453125 0.54837164765625
0 0 0.6240740742187499 0.11179956875 0.5866858234375 0.2105783046875 0.55076628359375 0.30849609375 0.51608796328125 0.4171156609375 0.47733077890625 0.51095546015625 0.4414112390625 0.60344827578125 0.40628991093750005 0.68365885390625 0.37719907421875 0.6851652296874999 0.37196679453125003 0.6124281609375 0.398307790625 0.5176903734375 0.43422733046874995 0.39825790234374997 0.4765325671875 0.31419270859375004 0.50740740703125 0.18094468359375 0.5563537671875001 0.07005208359375001 0.5956597218749999 0.00044899453125 0.6178160921875 0 0.6240740742187499
0 0 0.66944444453125 0.10910560312499999 0.6257982117187499 0.18363864921875 0.59626436796875 0.25547772968750004 0.5675287359375 0.3556034484375 0.52761813515625 0.4337284484375 0.49489144296875 0.52532327578125 0.4557790546875 0.6340169273437499 0.41047453671875 0.69010416640625 0.3855363984375 0.6905531609375 0.378352490625 0.57426364921875 0.43023627109374996 0.48401580468749994 0.46775223515625 0.37715517265625 0.51245210703125 0.26373697890625 0.55804398125 0.1595703125 0.6 0.0713900859375 0.63537675625 0 0.6625159640625 0 0.66944444453125
0 0.3587464078125 0.60344827578125 0.3978089078125 0.59466794375 0.4296875 0.5882822476562499 0.47189296015625004 0.5795019156250001 0.5230783046874999 0.56832694765625 0.5621408046874999 0.559546615625 0.59761135078125 0.5515644953125001 0.59940732734375 0.54597701171875 0.5509159484375 0.55555555546875 0.5037715515625 0.5667305234375 0.43911637968750006 0.58109833984375 0.40184985624999997 0.5874840359375 0.35380747109375 0.59865900390625 0.2940912359375 0.609833971875 0.292744253125 0.6170178796875 0.320581896875 0.6122286078125 0.3587464078125 0.60344827578125
0 0.35912356328125 0.61609195390625 0.39818606328125 0.607311621875 0.43006465546875 0.60092592578125 0.47227011484375003 0.59214559375 0.52345546015625 0.5809706257812499 0.56251796015625 0.5721902937500001 0.6707974140624999 0.549169859375 0.6730423851562499 0.54278416328125 0.551293103125 0.56819923359375 0.50414870703125 0.5793742015625 0.43949353437500005 0.59374201796875 0.40222701171875 0.6001277140625 0.3541846265625 0.61130268203125 0.29446839062499996 0.62247765 0.2931214078125 0.6296615578125 0.3209590515625 0.6248722859375 0.35912356328125 0.61609195390625
0 0.8409662359375 0.6665070242187501 0.9150502875000001 0.6481481484375 0.9994612070312501 0.6273946359375 0.9990122124999999 0.62180715234375 0.9500718390625 0.6337803320312501 0.88766163828125 0.64894636015625 0.80684267265625 0.6673052359375 0.7408405171875 0.6824712640625 0.7462284484375 0.68646232421875 0.7879849140624999 0.6776819921875 0.8409662359375 0.6665070242187501
0 0.8248024421875 0.57630906796875 0.878681753125 0.5675287359375 0.9334590515625001 0.55475734375 0.99856321875 0.5419859515625001 0.9972162359375 0.5363984671875001 0.95231681015625 0.54517879921875 0.9020294539062499 0.55475734375 0.8548850578125 0.5643358875 0.80325071875 0.57311621953125 0.7511673851562499 0.5842911875000001 0.7511673851562499 0.59147509609375 0.77945402265625 0.5842911875000001 0.8248024421875 0.57630906796875
0 0.9976652296875 0.50766283515625 0.93121408046875 0.5212324390624999 0.873293821875 0.53081098359375 0.8248024421875 0.54038952734375 0.7825969828125 0.5515644953125001 0.74712643671875 0.55795019140625 0.7462284484375 0.56273946328125 0.79292385078125 0.55316091953125 0.8432112070312501 0.54517879921875 0.90158046015625 0.5316091953125001 0.9541127875000001 0.52043422734375 0.996318246875 0.51325031953125 0.9976652296875 0.50766283515625
0 0.9990122124999999 0.4757343546875 0.9527658046875 0.4909003828125 0.8948455460937501 0.5068646234374999 0.8360272992187501 0.5220306515625001 0.78169899453125 0.53799489140625 0.74533046015625 0.549169859375 0.7489224140624999 0.55395913125 0.79606681015625 0.539591315625 0.8405172414062501 0.52761813515625 0.904274425 0.509259259375 0.9599497124999999 0.49329501953125005 0.9940732757812499 0.48291826328125 0.9990122124999999 0.4757343546875
0 0.99137931015625 0.45897190312499997 0.92717313203125 0.47733077890625 0.8616199710937501 0.49489144296875 0.81267959765625 0.5068646234374999 0.7718211203124999 0.5164431671874999 0.74577945390625 0.5244252875 0.74443247109375 0.53001277109375 0.8041487070312501 0.51484674296875 0.8468031609375 0.50287356328125 0.8993354882812501 0.49010217109375 0.9554597703125 0.47413793125000003 0.996318246875 0.46216475078124997 0.99137931015625 0.45897190312499997
0 0.9922772992187501 0.33684546640625 0.97027658046875 0.3408365265625 0.9096623562499999 0.35121328203125 0.8468031609375 0.357598978125 0.79427083359375 0.36478288671875003 0.7605962640625 0.36877394609374997 0.7605962640625 0.3751596421875 0.8041487070312501 0.3703703703125 0.84904813203125 0.3631864625 0.8885596265625001 0.358397190625 0.92717313203125 0.35201149453124997 0.96309267265625 0.34642401015625 0.99856321875 0.3408365265625 0.9922772992187501 0.33684546640625
0 0.9976652296875 0.3097062578125 0.9680316093749999 0.31609195390625 0.904274425 0.3248722859375 0.84455818984375 0.33524904218749996 0.7857399421875 0.34482758593749996 0.7632902296874999 0.34482758593749996 0.7623922414062501 0.35360791796875 0.8248024421875 0.34482758593749996 0.8705998562499999 0.33684546640625 0.9101113507812499 0.32886334609375 0.96219468359375 0.32247765 0.9967672414062501 0.31689016640625 0.9976652296875 0.3097062578125
0 0.9994612070312501 0.25782247734374997 0.957255746875 0.2650063859375 0.88406968359375 0.27298850546875003 0.8297413796875001 0.28097062578125 0.77496408046875 0.28815453359375 0.7354525859375001 0.29294380625 0.74128951171875 0.3001277140625 0.77900502890625 0.29294380625 0.82794540234375 0.28735632187500004 0.8665589078125 0.28097062578125 0.9083153734374999 0.276979565625 0.956806753125 0.27139208203125 0.99856321875 0.2642081734375 0.9994612070312501 0.25782247734374997
0 0.86251796015625 0.46855044687499997 0.9330100578125 0.45258620703124997 0.9949712640625 0.4462005109375 0.9954202585937499 0.43901660312499996 0.968480603125 0.44220945078125 0.90472341953125 0.45338441874999996 0.85039511484375 0.46455938671875 0.7884339078125 0.47413793125000003 0.75700431015625 0.47812899140625 0.761494253125 0.48291826328125 0.801005746875 0.47812899140625 0.86251796015625 0.46855044687499997
0 0.006285919531250001 0.77745849296875 0.09024784453125 0.74233716484375 0.147719109375 0.71759259296875 0.23123203984375001 0.68167305234375 0.28735632187500004 0.65852490390625 0.28780531640625 0.65373563203125 0.13243140234375 0.7204155375 0.051765752343750006 0.7537262874999999 0.00179597734375 0.7734674328125 0.006285919531250001 0.77745849296875