2 0.5794921875 0.60289351875 0.6306276484375 0.73104254921875 0.70807291640625 0.6737847218749999 0.66688368046875 0.62268518515625 0.5785778984375 0.5676328500000001 0.5851888023437499 0.3439236109375 0.64215494765625 0.49438657421875 0.69444444453125 0.446859903125 0.7284118359375 0.39184111640624997 0.69039351875 0.35503472187499996 0.5873119210937501 0.3098234953125 0.59065519296875 0.029522275781250003 0.65422453671875 0.21578414375000002 0.7681568289062499 0.0602575234375 0.69220196796875 0.0078125 0.59273726875 0.0023871531250000003 0.4482421875 0 0.50979872890625 0.13241525390625 0.5729817710937499 0.025636574218750003 0.5656575523437499 0.3048611109375 0.4838674078125 0.25379590390625 0.4452462921875 0.2532441734375 0.50814353828125 0.40717690703125 0.5656575523437499 0.33668981484375 0.5583767359375 0.55758101875 0.523591984375 0.52579890546875 0.48423032421874995 0.49609375 0.452970515625 0.49545374296875 0.50538488671875 0.63338629921875 0.56018518515625 0.5847077546875 0.5498046875 0.9990234375 0.5703125 0.9990234375 0.5794921875 0.60289351875
1 0.2907262734375 0.7818287039062499 0.24772687109375 0.62621380625 0.25655455546875 0.622903425 0.24913194453125 0.56843171328125 0.23283015546875002 0.516971221875 0.2466234109375 0.52138506328125 0.23466435156249998 0.45811631953125 0.23466435156249998 0.4201388890625 0.22743055546875 0.380353009375 0.189453125 0.35684317109374997 0.14234639843750002 0.35145215390625 0.16051793984375 0.4743923609375 0.189453125 0.65704571796875 0.1826171875 0.9990234375 0.28515625 0.9995370367187499 0.29253472187499996 0.9608651617187499 0.34382548281249997 0.9842995171875 0.35061896171875 0.96886741796875 0.2907262734375 0.7818287039062499
0 0.2783203125 0 0.1489671609375 0.0910354875 0 0.1943359375 0 0.1982421875 0.15889830546875 0.08772510624999999 0.2852445265625 0 0.2783203125 0
0 0.396484375 0 0.30289989375 0.06675935703125 0.1726915609375 0.15889830546875 0 0.28125 0.00055173046875 0.2852445265625 0.21793343906249998 0.13131179375 0.40234375 0 0.396484375 0
0 0.00110346015625 0.35421080546875 0.12303584062499999 0.26152012734375 0.26483050859375 0.153381003125 0.45683262734375 0.0066207625 0.45517743671875 0.00331038125 0.297934321875 0.12413930078124999 0.15448446328125 0.23393361562499998 0.00110346015625 0.35034869375 0.00110346015625 0.35421080546875
0 0 0.70703125 0.16607079765625 0.52304025390625 0.1649673375 0.51807468203125 0 0.70069738671875 0 0.70703125
0 0.23945091796875 0.44138418046875005 0.3696592515625 0.29572740078125 0.5109021890625 0.1373808265625 0.5075918078125 0.13407044453125 0.38234904687500004 0.27641684296875 0.2416578390625 0.43255649687500003 0.23945091796875 0.44138418046875005
0 0.107421875 0.9990234375 0.1809675140625 0.88938912421875 0.18229166640625 0.8809715515625 0.1025390625 0.9990234375 0.107421875 0.9990234375
0 0.3393140890625 0.9285619703125001 0.40552171640625 0.8115951625 0.50207450546875 0.6422139828125 0.499867584375 0.63780014140625 0.41048728828125 0.79614671640625 0.3376588984375 0.92469985859375 0.3393140890625 0.9285619703125001
0 0.3779296875 0.9990234375 0.4149011296875 0.93076889140625 0.4755914546875 0.8149055437499999 0.55669579765625 0.66483492265625 0.55614406796875 0.6576624296875 0.51807468203125 0.7271804375 0.44138418046875005 0.8722854874999999 0.3740234375 0.9990234375 0.3779296875 0.9990234375
0 0.51171875 0.9990234375 0.57600635625 0.85904396171875 0.627868996875 0.74373234453125 0.62235169453125 0.74538753515625 0.5682821328125 0.8667681851562501 0.509765625 0.9990234375 0.51171875 0.9990234375
0 0.2819341453125 0.742628884375 0.35696945625 0.6322828390625 0.42262535312500005 0.53573004921875 0.50041931484375 0.4209701625 0.49821239375 0.41600459062499995 0.43917726015624997 0.5042814265625 0.37848693515625 0.59310999296875 0.2786237640625 0.74097369375 0.2819341453125 0.742628884375
0 0.91015625 0.9990234375 0.9111328125 0.9990234375 0.953014184375 0.81380208359375 0.9990234375 0.6025390625 0.9990234375 0.5966796875 0.94747340390625 0.82419104609375 0.908203125 0.9990234375 0.91015625 0.9990234375
0 0.672165890625 0.19288840859375 0.77397772578125 0.10908410937499999 0.9003767734375 0.00034629843749999997 0.8974609375 0 0.792677859375 0.09003767734375 0.6766677750000001 0.18492353749999998 0.672165890625 0.19288840859375
0 0.2863479875 0.7553186796875 0.3713144421875 0.63338629921875 0.4353151484375 0.53573004921875 0.5379369703125 0.38455596718749996 0.53407485859375 0.3829007765625 0.45021186406249997 0.50704007734375 0.38676288828125 0.6002824859375 0.28469279687500004 0.75145656796875 0.2863479875 0.7553186796875
0 0.11926200546875002 1 0.18207097421875001 0.90869968203125 0.1809675140625 0.90373411015625 0.11437919296875002 1 0.11926200546875002 1
0 0 0.95703125 0.06179378515625 0.87559586875 0.11696680781249999 0.8022157484375001 0.18482962578125 0.7139389125 0.18538135625000002 0.70731815 0.14951889140625002 0.75476694921875 0.10041490078125 0.819871115625 0.038621115625 0.90042372890625 0.00055173046875 0.9489759890625 0 0.95703125
0 0.0013851953125 0.759433178125 0.07791722109375 0.6700880984375 0.12362865703125 0.6174506867187499 0.17141788593750001 0.5620428859375 0.17048463984375 0.55779925859375 0.13627736562499998 0.59807556484375 0.08772510624999999 0.65380031796875 0.03365554375 0.71724929375 0 0.755859375 0.0013851953125 0.759433178125
0 0.59276941875 0.3034175671875 0.6505290351562499 0.21453617109374998 0.6482221945312501 0.21222933046875 0.5905511812500001 0.298351378125 0.59276941875 0.3034175671875
0 0.9208984375 0 0.81380208359375 0.11413323046874999 0.69002379140625 0.23469650234375 0.60442386796875 0.31547389375 0.6076388890625 0.31627764921875 0.699668853125 0.22987397109375 0.78125 0.15030221171875 0.8660461679687501 0.06349665625 0.9243184156250001 0 0.9208984375 0
0 0.7121270578125001 0.37294238671875 0.7675861625 0.29899691328125 0.8495691875 0.18928433671875 0.9271315585937501 0.07876800390625 0.9781700101562499 0.00080375546875 0.9749549898437501 0.00080375546875 0.9207015171874999 0.08359053515625 0.8539898406249999 0.1784336421875 0.77522183671875 0.2849311984375 0.71011766953125 0.37093299921875 0.7121270578125001 0.37294238671875
0 0.6846316421875 0.64479334375 0.77487244921875 0.48658352265625 0.84661989765625 0.35997732421875 0.89498299296875 0.27210884375 0.951464371875 0.16706924296875 0.9990187195312499 0.07648953281250001 0.9990187195312499 0.06977992499999999 0.9752338437500001 0.11243386250000001 0.9289965984374999 0.20219198828125 0.8843537414062499 0.28250188984375 0.8328018710937499 0.3760393046875 0.7842693234375 0.46162104140625004 0.73294082109375 0.551529790625 0.68365885390625 0.63616898125 0.6846316421875 0.64479334375
0 0.7276570046875 0.38446054765625004 0.80125301953125 0.2858293078125 0.8408816421875001 0.2308105203125 0.8884359906249999 0.1637144390625 0.9390096617187501 0.09192163203125 0.9714673914062499 0.04227053125 0.9937349031249999 0.00536768671875 0.99222524140625 0.00335480390625 0.9616545890625 0.050993021875 0.93259359921875 0.093263553125 0.8993810382812499 0.14224369296875 0.8695652171875 0.18384326328125 0.830691425 0.23684916796875002 0.79332729453125 0.28985507265625 0.75445350234375 0.34151905546875 0.72199577265625 0.38513150859375 0.7276570046875 0.38446054765625004
0 0.60197765703125 0.5783682234375 0.6431159421875 0.4985238859375 0.64047403359375 0.49584004296875 0.59895833359375 0.57434245859375 0.60197765703125 0.5783682234375
0 0.035477053125000005 0.8440687062500001 0.09246678750000001 0.77093397734375 0.149456521875 0.6991411703125 0.18606582109375 0.65284487421875 0.18644323671875002 0.6454643046874999 0.12303743984375 0.725979603125 0.05510265703125 0.81253354765625 0.0015096617187499999 0.8796296296874999 0.035477053125000005 0.8440687062500001
0 0.0007548312500000001 0.8266237249999999 0.0464221015625 0.78099838984375 0.10416666640625001 0.7226247984375 0.15700483125 0.6723027375 0.1811594203125 0.6468062265625 0.1811594203125 0.64278046171875 0.11964070078125 0.70383789609375 0.07397342968750001 0.7487922703125001 0.0328351453125 0.7890499195312499 0.0007548312500000001 0.8185721953125 0.0007548312500000001 0.8266237249999999
0 0.0064160625 0.5991680085937501 0.05510265703125 0.5522007515625 0.1105827296875 0.49718196484375 0.15398550703125 0.45558239375 0.15549516875 0.44753086406250003 0.1034118359375 0.49986580781249995 0.06717995156249999 0.5347557703125 0.026419082031250003 0.57434245859375 0 0.59983896953125 0.0064160625 0.5991680085937501
0 0.0056612320312499995 0.6219806765625 0.06868961328124999 0.55421363359375 0.1098278984375 0.51328502421875 0.15625 0.4636339234375 0.15549516875 0.45692431562499997 0.09171195625 0.5246913578125 0.05661231875 0.5615942031250001 0.021135265625 0.59983896953125 0.0011322460937500001 0.6206387546875 0.0056612320312499995 0.6219806765625
0 0.3521286234375 0.53207192734375 0.41779891328124996 0.46900161015624997 0.46761775390625004 0.42069243125 0.46648550703125 0.41666666640625005 0.42761171484375 0.45424047265625 0.390625 0.4898013953125 0.363073671875 0.51395598515625 0.31136775390625 0.56494900703125 0.2589070046875 0.6119162640625 0.2592844203125 0.6192968328124999 0.2940066421875 0.586419753125 0.3521286234375 0.53207192734375
0 0.34858846640625 0.502965646875 0.41425875625 0.43989533046874996 0.464077596875 0.3915861515625 0.46294535000000003 0.38756038671875 0.4240715578125 0.42513419218750004 0.38708484296875 0.460695115625 0.35929951718750003 0.48711755234375 0.307827596875 0.5358427265625 0.25536684765625 0.5828099835937499 0.25574426328125 0.590190553125 0.29046648515625 0.5573134726562501 0.34858846640625 0.502965646875
0 0.3476902171875 0.486607621875 0.41336050703125 0.42353730546875 0.46317934765624996 0.37522812656250004 0.4620471015625 0.37120236171875 0.423173309375 0.4087761671875 0.38618659453125004 0.44433709062500004 0.3581672703125 0.47101449296875 0.30692934765625 0.51948470234375 0.25446859921875 0.5664519593749999 0.25484601484375 0.573832528125 0.28956823671875 0.5409554484375 0.3476902171875 0.486607621875
0 0.34641455312499997 0.46152710703125 0.41208484296875003 0.39845678984375 0.46190368359375 0.35014761171875 0.46077143749999994 0.34612184609374996 0.4218976453125 0.38369565234374997 0.3849109296875 0.41925657578125 0.35892210156250004 0.44350509921875 0.30565368359375 0.49440418671874997 0.2453200484375 0.551529790625 0.24758454140625 0.55622651640625 0.28829257265625 0.5158749328125001 0.34641455312499997 0.46152710703125
0 0.34287439609375003 0.44584004296875 0.4085446859375 0.38276972656249997 0.4583635265625 0.33446054765625 0.45723128046875 0.3304347828125 0.41835748828124997 0.36800858828125 0.38137077265624997 0.40356951171875 0.35538194453125 0.42781803515625 0.3021135265625 0.47871712265625 0.24177989140624997 0.5358427265625 0.24404438437499998 0.54053945234375 0.284752415625 0.50018786875 0.34287439609375003 0.44584004296875
0 0.06640625 0.9995370367187499 0.11548913046875 0.9306226515624999 0.183801328125 0.83333333359375 0.18304649765625 0.8286366078125 0.10454408203125001 0.9380032203124999 0.06171875 0.9995370367187499 0.06640625 0.9995370367187499