2 0.748046875 0 0.7418207156250001 0.0875696890625 0.6789507953125 0.07504111875 0.6391211851562499 0.07014744687499999 0.609314671875 0.08106599921874999 0.6698393484375 0.20998386171875 0.740717915625 0.11614456953125 0.72439847421875 0.32781323359375 0.6579188671875 0.3090155515625 0.63682878515625 0.3053477109375 0.59785798125 0.31268339218749996 0.66181811953125 0.43482730234375 0.72520901875 0.345737390625 0.68580386484375 0.9916392546875 0.70807634296875 0.99849232421875 0.72164759375 0.713394953125 0.74227919609375 0.35394659609375 0.79408744140625 0.46535724765625003 0.8776898296875 0.37657620625 0.83999794375 0.34916392578125 0.7961828734374999 0.33847845859375003 0.74227919609375 0.32918867343749997 0.75419967734375 0.11691241171875 0.81258566328125 0.23951480234375003 0.89953785234375 0.1256235328125 0.8542551578124999 0.09978951796874999 0.81013424296875 0.09444688984375 0.7569505578125 0.09032056953124999 0.7607421875 0 0.748046875 0
1 0.3473245875 0.9968307781249999 0.35377358515625 0.9498452242187501 0.39891656875 0.9710347875 0.34271816015625 0.7508475828125001 0.30678803046875 0.62094634453125 0.32337116718750003 0.6246314859375001 0.32521373828125 0.66977446953125 0.3362691625 0.67161703984375 0.33047909765625 0.6131001656249999 0.29943605156249997 0.5814103890625 0.29296875 0.5159198109375 0.313237028125 0.514077240625 0.3206073109375 0.562905365625 0.3316627359375 0.5619840804687499 0.3250180984375 0.5041173984375 0.28844413593749996 0.4705598453125 0.2828346109375 0.39707399765625 0.3058667453125 0.39338885625 0.31231574296875003 0.44958726406249994 0.321528596875 0.44958726406249994 0.31784345546875004 0.38970371484375 0.27822818359375 0.36114386796875003 0.27822818359375 0.3491671578125 0.3141583140625 0.34824587265625 0.31692216953124996 0.341796875 0.275464328125 0.31139445781249997 0.22755748828125003 0.30126031875 0.1851783609375 0.3086306015625 0.18149321953125 0.313237028125 0.21742334921875 0.34087558984375 0.21742334921875 0.3491671578125 0.18702093125000002 0.35561615546875 0.19439121484375 0.4210274171875 0.20728921015625001 0.416420990625 0.19807635625 0.370356721875 0.22202977578125 0.38786114375 0.2284787734375 0.465249115625 0.19991892656250002 0.470776828125 0.2054466390625 0.52881780625 0.22018720546875 0.5297390921875 0.2109743515625 0.48643867890625003 0.23308520078125 0.50486438671875 0.23929014921874997 0.5742963578125 0.21018729296875 0.57623654765625 0.21859478515625003 0.6234478476562499 0.22940005859374998 0.6292379125 0.22018720546875 0.58870135625 0.24381726015625 0.6176272765624999 0.224609375 0.9990234375 0.3473245875 0.9968307781249999
0 0.7271493546875 0.9985695421875 0.7840008804687499 0.448851965625 0.7817084796875 0.44289172499999996 0.7236328125 0.9990234375 0.7271493546875 0.9985695421875
0 0.4892578125 0.9990234375 0.558428696875 0.7019329515625 0.6175726234375001 0.44701804609374995 0.67075630859375 0.215485621875 0.66617150859375 0.2136517015625 0.62674222421875 0.3883326 0.58121219765625 0.59003276171875 0.48644732968750004 0.9985695421875 0.4892578125 0.9990234375
0 0.6680054281250001 0 0.62674222421875 0.14258729453125002 0.5776848593749999 0.313141871875 0.515790053125 0.52725205390625 0.438306925 0.7913365609375 0.376953125 0.9990234375 0.3818359375 0.9990234375 0.43142972421875003 0.828931925 0.482321009375 0.6547095070312501 0.54182251484375 0.44906792968750003 0.5996919015625 0.25170554609375 0.64278902578125 0.10269953046875 0.671875 0 0.6680054281250001 0
0 0.79547178359375 0.33776736953125003 0.8142605632812501 0.15450777578125 0.83102624375 0.0011851484375 0.82847344453125 0 0.813343603125 0.14075337421875 0.79286445703125 0.33681925078125 0.79547178359375 0.33776736953125003
0 0.53125 0.9990234375 0.55521933671875 0.8912852109375 0.591897740625 0.7257739140624999 0.62903462421875 0.55476085703125 0.6741431453125 0.34589213671875 0.7138534328125 0.1650528171875 0.71064407265625 0.16596977734375 0.69276335078125 0.24574530546875 0.6519586265624999 0.4305127640625 0.5996919015625 0.6735071890625 0.5283203125 0.9990234375 0.53125 0.9990234375
0 0.146484375 0.9990234375 0.23199090390625 0.7927120015625 0.23244938359375 0.7830839203125 0.142578125 0.9990234375 0.146484375 0.9990234375
0 0.548828125 0.9990234375 0.5703491781250001 0.8889928109375 0.606110621875 0.713394953125 0.62857614453125 0.5983164609375 0.66021126796875 0.43784844453125 0.68359375 0.35119571562499996 0.7354019953125001 0.15863409609375 0.7331095953125 0.15588321562500002 0.70697623203125 0.25262250625 0.65587197578125 0.44386340703125005 0.6097784625 0.6735071890625 0.54562334921875 0.9979276703125001 0.548828125 0.9990234375
0 0.7175212734375 0.08298488828125 0.7436546359375 0.00687720078125 0.74227919609375 0.00275088046875 0.715687353125 0.079775528125 0.7175212734375 0.08298488828125
0 0.715687353125 0.15634169609374998 0.74548855625 0.0137544015625 0.7427376757812499 0.014671361718750001 0.7124779929687499 0.15588321562500002 0.715687353125 0.15634169609374998
0 0.7394091109375001 0.99982577734375 0.7927120015625 0.45893852734375 0.7895026406250001 0.45343676640624997 0.73589256875 1 0.7394091109375001 0.99982577734375
0 0.74616710703125 1 0.79546288125 0.46948356796875 0.79317048125 0.46352332734374996 0.74265056484375 1 0.74616710703125 1
0 0.79317048125 0.44931044609375004 0.7972968015624999 0.40208700156250005 0.80417400234375 0.32964715390625 0.8128851234375001 0.24299442500000001 0.81013424296875 0.239326584375 0.8032570421875 0.3090155515625 0.79546288125 0.38374779921875 0.78858568046875 0.446559565625 0.79317048125 0.44931044609375004
0 0.7976310484375 0.44732862890625 0.8033014109375 0.39314516093749996 0.8070816531249999 0.35408266093749996 0.8032570421875 0.35211267578125 0.80004768203125 0.38374779921875 0.7936289609375 0.44610108593750003 0.7976310484375 0.44732862890625
0 0.80827138984375 0.340374696875 0.81701144375 0.251247065625 0.8260486195312501 0.1614172484375 0.83102624375 0.1121150640625 0.8281818875000001 0.10974476640625 0.8151775234375 0.23795114453125002 0.8105927226562499 0.28792546953125 0.806138121875 0.33966360703125 0.80827138984375 0.340374696875
0 0 0.7802734375 0.0362168875 0.7165769867187499 0.10283009140624999 0.5975786421875 0.15089465703125 0.5115927421875 0.19854615078124999 0.42813534765625 0.19401903984375 0.42878207812499997 0.18043770703125 0.4514176328125 0.1293460265625 0.5432533109375 0.06725993359375 0.65449089375 0.000630040625 0.7727444554687499 0 0.7802734375
0 0.056703628906250005 0.99892893125 0.08795529765625 0.9319381210937501 0.159715221875 0.77620967734375 0.22441535625000003 0.6363824499999999 0.2198882453125 0.63702918046875 0.1655629140625 0.75473406484375 0.1071068546875 0.88174143125 0.0537109375 0.9990234375 0.056703628906250005 0.99892893125
0 0 0.6435546875 0.05572150703124999 0.5583639703125 0.10052849296875 0.48828125 0.1482077203125 0.41475183828124995 0.1838235296875 0.360179228125 0.17980238984375002 0.35903033125 0.17290900703125 0.369944853125 0.13671875 0.42624080859375 0.08694556484375 0.50560735859375 0.0373391546875 0.58134191171875 0 0.638671875 0 0.6435546875
0 0.3412312984375 0.7348727078125 0.3726881375 0.6507095023437499 0.40208466171875 0.57049186875 0.43845663281249997 0.47233737265625003 0.47659266406249995 0.36988718593750003 0.5191994453125 0.25564068515625 0.55313404921875 0.16024674218749999 0.58216698828125 0.080311896875 0.61328125 0 0.6098533164062501 0.00149473828125 0.58842873125 0.05630181796875 0.5620216835937499 0.12804926640625 0.54408482109375 0.17834519765625 0.51844534296875 0.24847671328124998 0.49846163125 0.30277208046875004 0.46264177109375 0.40005127890625003 0.42229729765624996 0.507510859375 0.392617984375 0.5864357460937499 0.36222496796875003 0.66615513359375 0.3393460421875 0.72959399140625 0.3412312984375 0.7348727078125
0 0.10962701640625001 0.9037928429687501 0.13262348828124998 0.8530745968750001 0.17420614921875 0.76392389140625 0.20413306484375 0.69808467734375 0.22271925390625 0.65902217734375 0.2403603828125 0.62027469765625 0.23784022187499998 0.61932963671875 0.21767893124999999 0.66122731875 0.19310735859375 0.713520665625 0.16097530234375 0.784715221875 0.13514364921875 0.839213709375 0.11088709687500001 0.89434223828125 0.0882056453125 0.9406502015625 0.0708795359375 0.97845262109375 0.0611139109375 0.9982988914062499 0.0645791328125 0.99892893125 0.08316532265625 0.9604964718750001 0.10962701640625001 0.9037928429687501
0 0.05733366953125 0.8023563507812501 0.07654989921875 0.77337449609375 0.1071068546875 0.72769657265625 0.133253528125 0.6861139109375001 0.14364919375000001 0.66941784296875 0.13577368984375 0.67792338671875 0.10364163281250001 0.72706653203125 0.07339969765625 0.7717993953125 0.04756804453125 0.810546875 0.0198462703125 0.8533896171875 0.000630040625 0.88174143125 0.00189012109375 0.8864667335937501 0.029926915625 0.84393901171875 0.05733366953125 0.8023563507812501
0 0.07182459687500001 0.7453377015625 0.09671118984375 0.70785030234375 0.12821320546874998 0.65870715703125 0.156880040625 0.615234375 0.185546875 0.57113155234375 0.2075982859375 0.5367943546875 0.20665322578124998 0.53301411328125 0.19090221796875 0.557270665625 0.15751008046874998 0.6092489921875 0.12317288281250001 0.66185735859375 0.09261592734375 0.70848034296875 0.059223790624999995 0.7585685484375 0.02803679453125 0.8042464718750001 0.01071068515625 0.8313382054687499 0 0.84765625 0.0009450601562499999 0.8511844757812501 0.028981854687500003 0.8092867945312501 0.07182459687500001 0.7453377015625
0 0.0025201609375 0.8218876007812501 0.013860886718750002 0.80078125 0.04063760078125 0.7528981851562501 0.068989415625 0.7043850804687499 0.09482106875 0.65933719765625 0.12537802421875 0.6051537296875 0.1496345765625 0.5638860890624999 0.17798639140625 0.514112903125 0.205708165625 0.4662298390625 0.223979334375 0.43472782265625 0.22271925390625 0.4300025203125 0.19751764140625 0.47284526171875 0.17704133046874998 0.508442540625 0.1530997984375 0.55191532265625 0.12317288281250001 0.60326360859375 0.0875756046875 0.66626764140625 0.058908770312500004 0.71478074609375 0.027721774218750002 0.76927923359375 0.00126008046875 0.81747731875 0.0025201609375 0.8218876007812501
0 0.0513482859375 0.8530745968750001 0.06615423359375 0.8228326609375 0.08568548359375 0.78566028203125 0.11025705625 0.73462701640625 0.140183971875 0.677293346875 0.16129032265625 0.6350806453125 0.1915322578125 0.5752268148437499 0.21074848828124998 0.53899949609375 0.20728326640625 0.5367943546875 0.198777721875 0.55380544375 0.17987651171875002 0.59129284296875 0.16444052421875 0.6224798390624999 0.14490927421875 0.66217237890625 0.11844758046875 0.7132056453125 0.0973412296875 0.7551033265625 0.07182459687500001 0.80487651171875 0.04977318515625 0.850239415625 0.0513482859375 0.8530745968750001
0 0.17294606875000001 0.6246849796875 0.189012096875 0.59979838671875 0.21484375 0.55947580625 0.23279989921875002 0.5311239921875 0.23153981875000001 0.5260836695312501 0.20098286328124998 0.57459677421875 0.172316028125 0.62027469765625 0.17294606875000001 0.6246849796875
0 0.33077116953124996 0.5563256046875 0.350932459375 0.52198840703125 0.38211945546875004 0.46654485859375 0.40574596796874995 0.42653729843750005 0.43252268125000004 0.3811743953125 0.45394405234375 0.34085181484375 0.45016381015625007 0.33990675390625 0.4224420359375 0.38967993984375 0.38904989921875 0.44795866953125 0.35723286328125 0.50371723828125 0.331401209375 0.54876512109375 0.33077116953124996 0.5563256046875
0 0.31691028203125 0.49111643125000004 0.3386466734375 0.45394405234375 0.36416330625 0.41551159296874995 0.3805443546875 0.38873487890625 0.3777091734375 0.38589969765625 0.34904233906250004 0.4322076609375 0.33108618984375 0.46087449609375 0.3128150203125 0.49017137109375 0.31691028203125 0.49111643125000004
0 0.30430947578125 0.4822958671875 0.31533518125 0.458984375 0.32006048359375 0.44984879062500005 0.341796875 0.41582661328125 0.361958165625 0.3846396171875 0.38211945546875004 0.3547127015625 0.396925403125 0.33108618984375 0.394090221875 0.3288810484375 0.37235383046875004 0.361328125 0.345262096875 0.40228074609375 0.32321068515625 0.43724798359375 0.3162802421875 0.4495337703125 0.30084425390625 0.48040574609375 0.30430947578125 0.4822958671875
0 0.39720052109375004 0.33234953671875 0.52496744765625 0.132696759375 0.59820963515625 0.0140625 0.59658203125 0.00393518515625 0.5388020835937499 0.09652777812499999 0.48997395859375 0.174652778125 0.44033203125 0.25567129609375 0.39720052109375004 0.31788194453125 0.39720052109375004 0.33234953671875
0 0.379296875 0.39021990703125 0.40777994765625003 0.3482638890625 0.48427734375 0.21516203671874998 0.5436848960937499 0.11967592578125 0.5973958335937499 0.019849536718749998 0.59820963515625 0.00393518515625 0.55914713515625 0.07916666640625 0.47858072890625003 0.21805555546875 0.42080078125 0.31354166640625 0.38092447890625 0.37430555546875 0.379296875 0.39021990703125
0 0.29466145859375004 0.31209490703125 0.34348958359375004 0.25133101875 0.39557291640625 0.18622685156250002 0.45986328125 0.10086805546875 0.5046223960937499 0.03865740703125 0.5314778648437499 0.0024884257812500003 0.52578125 0.0010416664062500001 0.47532552109375 0.0733796296875 0.4134765625 0.1543981484375 0.34755859375 0.23252314843750002 0.28815104140625 0.30196759296875003 0.29466145859375004 0.31209490703125
0 0.24339192734375 0.28460648125 0.3353515625 0.18622685156250002 0.3939453125 0.1153356484375 0.44602864609375 0.05601851875 0.4916015625 0.008275463281250001 0.48723958359374997 0 0.44684244765625003 0.04444444453125 0.36627604140625 0.135590278125 0.29384765625 0.21805555546875 0.23444010390624997 0.286053240625 0.24339192734375 0.28460648125