1 0.78546262265625 0.9919662312499999 0.78871783125 0.9820942265625 0.800398284375 0.97971132890625 0.82586550234375 0.9865196078125 0.82630208359375 0.9995370367187499 0.9606694242187499 0.9994553375 0.96430759765625 0.7764842046875 0.965647978125 0.7734204796874999 0.9650735296875 0.76933551171875 0.9646905640625001 0.7662717867187501 0.9662224265624999 0.76116557734375 0.9673713234375001 0.70669934609375 0.966796875 0.7012527234375 0.9773284312499999 0.650871459375 0.98364736484375 0.66040305 0.98058363984375 0.66210511953125 0.9782858453125 0.66380718984375 0.97196691171875 0.7063589328125001 0.97388173984375 0.7114651414062501 0.97962622578125 0.7114651414062501 0.98077512265625 0.70806100234375 0.9872855390625 0.66721132890625 0.986328125 0.664147603125 0.9847962625 0.66278594765625 0.9853707109375 0.6593818085937501 0.9869025734375001 0.659722221875 0.9869025734375001 0.65427559921875 0.9880514703125 0.65427559921875 0.9876685046875 0.59674564296875 0.9997395835937499 0.5361111109375 0.99968112265625 0.40036848046875007 0.99370216875 0.39777021953124997 0.9846673046875001 0.3850151171875 0.977758290625 0.383361678125 0.95384247421875 0.36233938046874997 0.95251381796875 0.38194444453125 0.9487935796875 0.3838340890625 0.9499893710937499 0.38572373359375 0.9506536992187501 0.3883219953125 0.95105229609375 0.3883219953125 0.95251381796875 0.39044784609375 0.9515837585937501 0.40839947109374997 0.9483949828125 0.4069822375 0.9464019984375 0.41052532109374995 0.93989158125 0.44713718828125 0.9418845664062501 0.44949924453124995 0.938961521875 0.46012849609375 0.9424160289062501 0.4660336359375 0.938961521875 0.47004913046874996 0.93391262734375 0.4705215421875 0.93404549296875 0.47359221484375 0.9413531039062499 0.47430083125 0.93347886015625 0.518110021875 0.9311810664062501 0.5153867101562499 0.9283088234375001 0.5164079523437499 0.93022365234375 0.5235566445312501 0.9293951953124999 0.533824640625 0.92447916640625 0.533824640625 0.92352175234375 0.54091775625 0.9242876835937499 0.5443218953125 0.9198835781250001 0.5759803921875 0.9240962007812501 0.5773420476562501 0.9173943015624999 0.6195533765625 0.91241574765625 0.615468409375 0.90513939921875 0.656658496875 0.9060968140625001 0.66346677578125 0.9045649507812501 0.664147603125 0.90552236484375 0.6716367101562499 0.8681832109375 0.77001633984375 0.78488817421875 0.98481753828125 0.7822074140625 0.99673202578125 0.78546262265625 0.9919662312499999
0 0.75922947265625 0.8826933554687499 0.59493719375 0.89528867109375 0.418772978125 0.90754357265625 0.24777879921874998 0.9187772328125 0.098805146875 0.9283088234375001 0.0001914828125 0.9334150328125 0.000382965625 0.938180828125 0.14993106640625 0.9300108929687501 0.31881893359375 0.9194580609375 0.48291973046875 0.90822440078125 0.6631050859375 0.89562908515625 0.82452512265625 0.8826933554687499 0.82624846796875 0.87690631796875 0.75922947265625 0.8826933554687499
0 0.7017846203125 0.8752042484375 0.5355775125 0.88882080625 0.380476409375 0.9010757078125 0.23552389687500003 0.9112881265624999 0.08176317421875 0.92116013046875 0.0001914828125 0.9255855117187499 0 0.9289896515624999 0.11431525703125 0.92252178671875 0.27018229140625 0.91230936796875 0.447303921875 0.8997140523437499 0.6447227328125 0.8833741828124999 0.829695159375 0.8677151414062501 0.831227021875 0.86363017421875 0.7017846203125 0.8752042484375
0 0.67057291640625 0.8384395421875 0.4888556984375 0.8527369281249999 0.3408394609375 0.8626089328125 0.1642922796875 0.87282135078125 0 0.88055555546875 0.0001914828125 0.8823529414062501 0.128867953125 0.87622548984375 0.38373161796875 0.86226851875 0.59187346796875 0.84694989140625 0.71940104140625 0.8363970585937499 0.84635416640625 0.8251633984375 0.84654564921875 0.82312091484375 0.67057291640625 0.8384395421875
0 0.000382965625 0.798270696875 0.05572150703124999 0.79452614375 0.31001072265624996 0.7771650328125 0.45821844375 0.7652505445312501 0.6661688109375 0.7461873640625 0.88579963203125 0.72372004375 0.8865655640625001 0.72201797421875 0.79541973046875 0.7315495640624999 0.62155330859375 0.7492510890624999 0.41475183828124995 0.767293028125 0.1572074140625 0.7866966234375 0.0005744484375 0.7955473859375 0.000382965625 0.798270696875
0 0 0.7518518515625 0.10837928906250001 0.745166121875 0.263288909375 0.7346132898437501 0.44692095624999995 0.7192946625000001 0.595320159375 0.705337690625 0.732804840625 0.6910403046875 0.90513939921875 0.67061546875 0.9047564335937499 0.668572984375 0.8021216296875 0.68116830078125 0.6458716296875 0.69818899765625 0.411086309375 0.720663265625 0.20048253671875 0.7373366015625 0.0564874390625 0.7461873640625 0 0.7492510890624999 0 0.7518518515625
0 0.9997319242187499 0.8694172117187501 0.9995404414062501 0.86363017421875 0.9631587007812501 0.8660130718750001 0.96296721796875 0.87248093671875 0.9997319242187499 0.8694172117187501
0 0.9997319242187499 0.8527369281249999 0.9995404414062501 0.8489923750000001 0.96373314921875 0.8517156859374999 0.9631587007812501 0.85580065390625 0.9997319242187499 0.8527369281249999
0 0.9997319242187499 0.821759259375 0.9995404414062501 0.81937636171875 0.96411611484375 0.813589325 0.96430759765625 0.8173338781249999 0.9997319242187499 0.821759259375
0 0.9669883578125 0.71589052265625 0.9779028796875 0.7145288671875 0.99915747578125 0.71725217890625 0.99934895859375 0.71486928125 0.9815410539062499 0.71248638359375 0.9669883578125 0.71248638359375 0.9669883578125 0.71589052265625
0 0.9857536765624999 0.6835511984375 0.99934895859375 0.6828703703125 0.9995404414062501 0.68116830078125 0.9855621937500001 0.6798066445312501 0.9857536765624999 0.6835511984375
0 0.9869025734375001 0.6702750546875 0.9997395835937499 0.6699074070312501 0.9997319242187499 0.66823257109375 0.9870940562499999 0.66789215703125 0.9869025734375001 0.6702750546875
0 0.98900888515625 0.64406318046875 0.9997395835937499 0.6444444445312499 0.99896599296875 0.642020696875 0.98881740234375 0.64133986953125 0.98900888515625 0.64406318046875
0 0.9884344359374999 0.6253404140625001 0.9997319242187499 0.62636165546875 0.9995404414062501 0.6239787578125 0.98862591875 0.62329793046875 0.9884344359374999 0.6253404140625001
0 0.9884344359374999 0.60423474921875 0.9995404414062501 0.60389433515625 0.9997319242187499 0.60117102421875 0.9884344359374999 0.6015114382812501 0.9884344359374999 0.60423474921875
0 0.95291241484375 0.1119614515625 0.8709343109375001 0.12424414218749999 0.76570471953125 0.13983371093750002 0.6346991921875 0.15873015859375 0.47021152187500004 0.1816421015625 0.35076530625 0.19794028749999998 0.23995535703124998 0.21258503437499998 0.12436224453125 0.22746598671874999 0.00026573125 0.24258314453125 0 0.2456538171875 0.07613201562500001 0.23596938750000002 0.18056441328125 0.22274187421875 0.30559098671874996 0.2062074828125 0.3815901359375 0.19605064218749998 0.53332270390625 0.17526455000000002 0.6930272109375 0.15258881328125 0.8090189203125 0.13581821640625 0.9115911992187501 0.1207010578125 0.99968112265625 0.10770975078125 0.99954825703125 0.10463907812499999 0.95291241484375 0.1119614515625
0 0.938961521875 0.18920068046875 0.8480814203125 0.1984126984375 0.6183567179687499 0.21990740703124997 0.4767219390625 0.2331349203125 0.27822066328125 0.25037792890625 0.14336203203125 0.26171579765624997 0.00026573125 0.273289871875 0.000398596875 0.2758881328125 0.08277529765625 0.26951058203125 0.19557823125 0.25982615234375 0.40856186250000004 0.24140211640625 0.5366443453125 0.2298280421875 0.73580994921875 0.21140400625 0.8888711734375001 0.19699546484375 0.99954825703125 0.18589380234375 0.99954825703125 0.1825869234375 0.938961521875 0.18920068046875
0 0.9656675171875 0.24777966718750002 0.84542410703125 0.25911753593750003 0.7121598640625 0.27045540468749996 0.60267857109375 0.27966742265625 0.42782738125 0.29431216953125 0.27636054453125 0.3063586546875 0.10177508515625 0.3198223734375 0.000132865625 0.32738095234375 0.000132865625 0.329270596875 0.0471673046875 0.32572751328125 0.19677402187499998 0.31438964453125 0.32392644531250003 0.30423280390624996 0.50329506796875 0.29006046875 0.63961522109375 0.2787226 0.77620110546875 0.2669123203125 0.9115911992187501 0.2546296296875 0.9997395835937499 0.246759259375 0.99954825703125 0.24447278906249997 0.9656675171875 0.24777966718750002
0 0.8467527632812499 0.39777021953124997 0.66220238125 0.414777021875 0.5374415390625 0.42517006796874995 0.32963966875 0.44146825390625005 0.19929846953125002 0.45044406640625 0.0701530609375 0.45847505703125 0.000132865625 0.46178193515625 0 0.46343537421875 0.10044642890625 0.45823885078125004 0.25895514453125 0.44784580468749996 0.45440051015625 0.43343726406250005 0.6244685375000001 0.41950113359375 0.77487244921875 0.4062736203125 0.87890625 0.39588057421875 0.9497236398437501 0.38855820078125 0.9494579078125 0.3871409671875 0.8467527632812499 0.39777021953124997
0 0.8029071 0.47382842031249994 0.5953709609375 0.4905990171875 0.44855442187500005 0.50170068046875 0.30705250859375 0.51114890390625 0.1874734265625 0.5187074828125 0.00026573125 0.52862811796875 0 0.53028155703125 0.0666985546875 0.52697467890625 0.216836734375 0.5182350718750001 0.35395408125 0.50949546484375 0.53292410703125 0.49674036250000003 0.74843218515625 0.47973356015624996 0.85525616484375 0.4705215421875 0.94002444765625 0.46319916875 0.93989158125 0.46178193515625 0.8029071 0.47382842031249994
0 0.82655718515625 0.48587490546875 0.74617346953125 0.49650415703124995 0.56109162421875 0.5187074828125 0.44363839296874996 0.5321712015625 0.31489158125 0.545162509375 0.12316645390625 0.5626417234375001 0.000132865625 0.5716175359375 0.000132865625 0.5737433859375 0.06324404765625 0.56878306875 0.19079506796875 0.5581538171875 0.3617931546875 0.54209183671875 0.50435799296875 0.5267384734375 0.684789540625 0.505716175 0.7773968960937501 0.49390589531250007 0.8624309101562501 0.48304043828125 0.9332482992187501 0.47359221484375 0.93338116484375 0.4714663640625 0.82655718515625 0.48587490546875
0 0.821508290625 0.540674603125 0.7122927296875 0.554138321875 0.5560427296875 0.572089946875 0.39593962578125 0.5890967500000001 0.28791985546875 0.6001984125 0.17431972812500002 0.6120086921875 0.0696215984375 0.62192932734375 0 0.6278344671875 0.000132865625 0.6323223734375001 0.1250265734375 0.62051209375 0.20766900546875 0.61248110390625 0.31582164140625 0.6013794406249999 0.46423256796874995 0.5862622828124999 0.6327062078125001 0.5673658351562499 0.77726403046875 0.55083144375 0.8459555695312501 0.54256424765625 0.9295280609375001 0.53264361328125 0.9295280609375001 0.5279195007812499 0.821508290625 0.540674603125
0 0.8523331210937499 0.65948601640625 0.75866283984375 0.65287226015625 0.63895089296875 0.64200680234375 0.6296502976562499 0.64389644765625 0.72916666640625 0.65169123203125 0.8301445578125 0.65901360546875 0.9033535289062501 0.664446334375 0.90375212578125 0.6625566890625 0.8523331210937499 0.65948601640625
0 0.8071588007812499 0.62287415 0.7136213859375 0.6327947843749999 0.59311224453125 0.6446050640625 0.49333014453125 0.65428949375 0.34863945546875 0.6672808015625 0.212850765625 0.6776738476562499 0.0666985546875 0.6878306875 0.00026573125 0.69208238828125 0.000132865625 0.693499621875 0.021258503125 0.69231859375 0.11200573984375 0.6864134539062501 0.26998299296875 0.67483938046875 0.390226403125 0.6649187453125001 0.54900085 0.6507464093750001 0.66738414140625 0.6389361296875 0.76092155625 0.62972411171875 0.8285501703125 0.621693121875 0.9182344812500001 0.6117724867187501 0.9182344812500001 0.610355253125 0.8071588007812499 0.62287415
0 0 0.66515495078125 0.1264880953125 0.65641534375 0.25071747421875 0.6469671203125 0.3632546765625 0.637282690625 0.46463116484375 0.6278344671875 0.5422247023437501 0.6198034765625 0.66100658984375 0.607048375 0.7614530187499999 0.59571050625 0.8301445578125 0.5874433109375 0.9158429 0.57681405859375 0.9163743625 0.57468820859375 0.877710459375 0.5801209375 0.8056972789062501 0.5890967500000001 0.7326211734375 0.59760015078125 0.604405825 0.61153628125 0.5193718109375001 0.6209845046875 0.43393920078125003 0.62948790625 0.32658375859375 0.6391723359375 0.21710246562500002 0.6481481484375 0.09181016171875 0.6573601664062501 0 0.6638888890625 0 0.66515495078125
0 0.83479485546875 0.6299603171875 0.7906834609375 0.6259448226562501 0.78656462578125 0.6266534390625 0.8204453656249999 0.6301965234375 0.9073394984375 0.63775510234375 0.9078709609375 0.6361016625 0.83479485546875 0.6299603171875
0 0.8709343109375001 0.61744142109375 0.9103954078125 0.62027588828125 0.9109268710937499 0.61862244921875 0.878241921875 0.61626039296875 0.8709343109375001 0.61744142109375
0 0.80423575703125 0.61130007578125 0.6984747023437501 0.60279667421875 0.6942230015625 0.60326908515625 0.779788478125 0.61059145859375 0.86176658125 0.6164965984374999 0.8669483421875 0.61578798203125 0.80423575703125 0.61130007578125
0 0.645594175 0.59760015078125 0.56361607109375 0.590041571875 0.4973161140625 0.5827191984375 0.49705038281249997 0.58460884375 0.5925807820312501 0.5938208617187499 0.6882440476562499 0.6030328796875 0.6902370320312501 0.6018518515625 0.645594175 0.59760015078125
0 0.68850977890625 0.6164965984374999 0.6324404765625 0.610355253125 0.62712585 0.61130007578125 0.71534863984375 0.62027588828125 0.77420812109375 0.6259448226562501 0.78045280625 0.6254724109375001 0.68850977890625 0.6164965984374999
0 0.49186862265625003 0.5938208617187499 0.49120429453125 0.5952380953125 0.6175595234375 0.6098828421875 0.62207695546875 0.6091742250000001 0.49186862265625003 0.5938208617187499
0 0.45214179453125 0.5987811789062499 0.33801020390625 0.6138983375 0.22029124140624998 0.6278344671875 0.09845344375000001 0.6408257749999999 0.000132865625 0.6495653820312499 0.000132865625 0.650982615625 0.056733631250000006 0.6457860921874999 0.15412415 0.63657407421875 0.254836309375 0.6252362054687499 0.41334502578125 0.6053949359375 0.48801551875 0.594765684375 0.48828125 0.59358465625 0.45214179453125 0.5987811789062499
0 0.37720556953125 0.59783635703125 0.21192070546875003 0.61578798203125 0.10456526328125 0.6259448226562501 0.00026573125 0.63492063515625 0.000132865625 0.6361016625 0.1290125421875 0.625 0.25018601171875 0.61342592578125 0.32764668359375004 0.60468631875 0.4197225765625 0.5938208617187499 0.49067283125000005 0.5853174601562501 0.49067283125000005 0.58319161015625 0.37720556953125 0.59783635703125
0 0.57158801015625 0.6368102796875 0.49665178593750003 0.62948790625 0.49612032343749995 0.6306689343749999 0.61902104609375 0.64224300859375 0.62181122421875 0.64153439140625 0.57158801015625 0.6368102796875
0 0.41440795078125003 0.6382275132812499 0.31436011875 0.6490929703125 0.20036139453125 0.659958428125 0.09951636875 0.6684618289062499 0.00026573125 0.67578420234375 0.00026573125 0.67743764140625 0.05540497421875 0.673422146875 0.22161989765625 0.65948601640625 0.36670918359375004 0.64484126953125 0.49240008515625 0.6306689343749999 0.49240008515625 0.62925170078125 0.41440795078125003 0.6382275132812499
3 0.50701530625 0.7501889648437501 0.4967846515625 0.6004346179687501 0.4978475765625 0.587915721875 0.49519026328125 0.5711451249999999 0.49372874140625 0.56972789140625 0.49173575703125005 0.5702003023437501 0.490539965625 0.5723261523437501 0.49067283125000005 0.5772864703125 0.49186862265625003 0.58413643203125 0.4904071 0.58697089921875 0.48814838437499997 0.5928760390625001 0.48881271249999997 0.59571050625 0.48907844375 0.5987811789062499 0.490274234375 0.59618291796875 0.49226721953124997 0.59712773984375 0.49319727890625 0.6193310656250001 0.49293154765624997 0.63090513984375 0.49479166640625005 0.6361016625 0.507413903125 0.85648148125 0.51325999140625 0.8581349203125 0.50701530625 0.7501889648437501