0 0.234375 0.8669354835937501 0.23038474453125 0.92592592578125 0.22513440859374997 0.9994773 0.22744455624999999 0.99873058515625 0.23038474453125 0.9487007171874999 0.23582331484375 0.8736420859375 0.24214549765624999 0.79637096796875 0.24760584687499998 0.7198327359375 0.25096606171875 0.676149940625 0.24865591406249998 0.67428315390625 0.24172547031249997 0.77135603359375 0.23836525546875 0.8210125445312499 0.234375 0.8669354835937501
0 0.38453461015625 0.430480884375 0.38306451640625 0.49357825546875 0.38138440859375 0.5622759859375 0.380124328125 0.62649342890625 0.37886424765625 0.6922043007812501 0.377394153125 0.7489546 0.3763440859375 0.8027180406250001 0.37508400546875 0.85610812421875 0.37445396484375004 0.9076314218749999 0.3727738578125 0.9591547195312501 0.37235383046875004 0.9983572281249999 0.3748739921875 0.99873058515625 0.375924059375 0.93376642734375 0.37718413984375 0.8807497015625 0.37802419375 0.8322132617187499 0.3790742609375 0.7732228195312499 0.3805443546875 0.71124551953125 0.38180443515625 0.6552419351562501 0.3826444890625 0.595131421875 0.38411458359375 0.53278076484375 0.3853746640625 0.46557646328124996 0.38642473125 0.40882616484375 0.38768481171875 0.3655167265625 0.38873487890625 0.32108721640625004 0.38621471796875 0.32071385937499997 0.38495463671875 0.39351851875 0.38453461015625 0.430480884375
0 0.579637096875 0.6996714453124999 0.583837365625 0.7616487453125 0.58887768828125 0.8303464757812501 0.5947580648437499 0.9285394265625 0.59895833359375 0.99798387109375 0.601898521875 0.9994773 0.59790826640625 0.9453405015625 0.5918178765625 0.85536141015625 0.588037634375 0.7941308242187499 0.58446740625 0.740740740625 0.57921706953125 0.6567353640625 0.576906921875 0.65636200703125 0.579637096875 0.6996714453124999
0 0.90704805078125 0.91211170859375 0.89339717734375 0.8404271203125001 0.87386592734375 0.742980884375 0.84488407265625 0.59251792109375 0.82640288984375 0.49992532890624997 0.81338205625 0.43272102734375 0.8003612234374999 0.36589008359375 0.7892305109375 0.30652628437499996 0.7871303765625 0.30801971328125 0.80267137109375 0.3882915171875 0.8171622984375 0.46333632031249994 0.8327032929687499 0.5421146953125 0.8511844757812501 0.6388142171875 0.87974630390625 0.7840501789062501 0.8986475132812499 0.8803763437500001 0.91187836015625 0.9483273593750001 0.921538978125 0.99798387109375 0.92489919375 0.99873058515625 0.90704805078125 0.91211170859375
0 0.9610215054687499 0.9199522101562501 0.94359038984375 0.8348267625 0.92762936796875 0.7545549578124999 0.91229838671875 0.68212365625 0.9015877015625 0.6291069296875 0.8994875671875 0.6309737156249999 0.9133484546874999 0.7007915171875 0.9286794351562501 0.77135603359375 0.9475806453125 0.8661887695312499 0.96480174765625 0.9483273593750001 0.9753024195312501 0.9994773 0.9776125671875 0.9983572281249999 0.9610215054687499 0.9199522101562501
0 0.8835265453125001 0.5615292710937501 0.87323588671875 0.5253136203125 0.862105175 0.48461768203125005 0.8595850132812499 0.4849910390625 0.8665154570312501 0.5122461171875 0.8759660617187499 0.54584826796875 0.89150705625 0.60147849453125 0.8931871640625 0.5981182796875 0.8835265453125001 0.5615292710937501
0 0.83900369609375 0.4035991640625 0.82262264765625 0.34348865 0.80855174765625 0.29345878124999997 0.7896505375 0.22513440859374997 0.7728494625 0.16427718046875 0.7564684140625 0.10229988046875 0.7396673390624999 0.04293608125 0.728956653125 0.00037335703125000003 0.72664650546875 0.00149342890625 0.74407762109375 0.06459080078125 0.75982862890625 0.1235812421875 0.780619959375 0.19937276015625 0.797211021875 0.25910991640625 0.81254200234375 0.31511350078125 0.82808299765625 0.37186379921875 0.8423639109375 0.42450716875000005 0.8518145164062499 0.45773596171875 0.8539146507812501 0.45698924765625 0.83900369609375 0.4035991640625
0 0.74932795703125 0.14224910390625 0.73567708359375 0.086992234375 0.722026209375 0.03136200703125 0.7153057796875 0 0.713625671875 0.00149342890625 0.7264364921875 0.05451015546875 0.73924731171875 0.10715352421874999 0.7543682796875 0.16913082421875 0.76864919375 0.22774790937499997 0.7701192875 0.2258811234375 0.74932795703125 0.14224910390625
0 0.5298639109375001 0.10603345312500001 0.53427419375 0.15942353671875 0.54015456953125 0.22476105156249998 0.54540490625 0.29009856640625 0.55191532265625 0.35916965390625 0.55716565859375 0.42264038203125 0.5615759406249999 0.4764038234375 0.5638860890624999 0.47565710859375 0.5563256046875 0.39277180390625 0.54981518828125 0.3177270015625 0.5437247984375 0.251642771875 0.53721438203125 0.17510453984375002 0.53343413984375 0.12731481484375 0.5281838039062501 0.06832437265625 0.5227234546874999 0.00149342890625 0.52083333359375 0.00037335703125000003 0.525243615625 0.053763440625000006 0.5298639109375001 0.10603345312500001
0 0.5701864921875 0.5794504179687501 0.5712365593750001 0.5686230585937501 0.56787634375 0.5301672640625 0.5659862234374999 0.5040322578125 0.5636760749999999 0.5047789726562499 0.567036290625 0.540247909375 0.5701864921875 0.5794504179687501
0 0.38978494609375003 0.27292413359375 0.39041498671874997 0.22774790937499997 0.39188508046875004 0.15531660703125 0.39419522812499996 0.07429808828125 0.3958753359375 0.00149342890625 0.3944052421875 0.00074671484375 0.393355175 0.046669653906250004 0.391255040625 0.13030167265624998 0.38915490625000004 0.1956391875 0.38768481171875 0.27255077656250004 0.38978494609375003 0.27292413359375
0 0.31397009374999996 0.02725507734375 0.30703965078125 0.09408602187500001 0.30010920703125 0.1646505375 0.29212869609375003 0.24342891249999998 0.28372815859375 0.32892771796875003 0.27637768828125 0.40471923515624997 0.26671706953125 0.49619175625 0.268607190625 0.49656511328124997 0.2738575265625 0.43981481484374996 0.28162802421875 0.36514336953125 0.28939852187500004 0.2904719234375 0.29653897812499996 0.2154271203125 0.3045194890625 0.13515531640625 0.310399865625 0.07317801640625 0.3177503359375 0.001120071875 0.31607022812499996 0.001120071875 0.31397009374999996 0.02725507734375
0 0.25831653203125 0.579823775 0.2549563171875 0.6130525687499999 0.25621639765625004 0.62126642734375 0.2618867609375 0.56526284375 0.26587701640625 0.52755376328125 0.26356686796875 0.52643369140625 0.25831653203125 0.579823775
2 0.2472470234375 0.5265211640625 0.4025669640625 0.5099867726562499 0.42057291640625005 0.9995370367187499 0.43880208359374995 0.9995370367187499 0.4193080359375 0.5166005289062501 0.57183779765625 0.503373015625 0.5669070515625 0.6493352328124999 0.5862713671875001 0.6528964859374999 0.59043898828125 0.5017195765625 0.74575892890625 0.49345238125 0.7011160710937501 0.9994047617187499 0.7190104164062501 0.9995370367187499 0.7625 0.48518518515625003 0.9081196578125 0.48551756875 0.8887553421875 0.61847103515625 0.91145833359375 0.6267806265625 0.93215811953125 0.44634377968749994 0.76436011875 0.46203703671875 0.7851957070312501 0.23896371093750002 0.784406565625 0.22961092421874998 0.77099116171875 0.22540216953124997 0.76715029765625 0.23386243359374997 0.74854910703125 0.46203703671875 0.4174558078125 0.487280209375 0.4106165828125 0.25018705546875003 0.39825336718750004 0.24691358046874998 0.39272937734375 0.2539281703125 0.4014099328125 0.487280209375 0.23329613125 0.5000661375 0.22903311953125 0.54368471015625 0.24105235078125 0.67070275390625 0.2610844015625 0.663580246875 0.2472470234375 0.5265211640625
0 0.00087890625 0.41770833359375 0.04287668359375 0.246445940625 0.07838804687499999 0.10334829765625 0.10338541640625001 0 0.09890572421875 0.0004676390625 0.07981770859375001 0.08061342578125 0.035872396093749995 0.26001157421875 0 0.40601851875 0.00087890625 0.41770833359375
0 0 0.61990740703125 0.034459174999999995 0.46623643828125 0.06970749140625 0.30490086015625 0.10803510390625 0.12401620390625001 0.1335884890625 0 0.1296822390625 0.0009352789062500001 0.10916193203124999 0.10334829765625 0.08127893515625 0.23475495703125 0.0562920875 0.35727646874999996 0.029724326562499997 0.47605686484375004 0.000263046875 0.6065282453124999 0 0.61990740703125
0 0.159375 0 0.1394149828125 0.10755705234374999 0.1107428453125 0.25720164609374996 0.07574869765625 0.43217592578125 0.04603324921875 0.577066965625 0.01893939375 0.7112794609375 0.00052609453125 0.8062102507812501 0 0.8166666664062501 0.01315235703125 0.75476992109375 0.053776041406249996 0.55515046328125 0.0894360265625 0.37925551796875 0.12945963515625 0.17320601875 0.16380208359374998 0 0.159375 0