2 0.42330374531250003 0.5980970328125 0.5745379374999999 0.58745744140625 0.57006422109375 0.73790055625 0.593236890625 0.736245365625 0.593236890625 0.5839678234375001 0.7500911968749999 0.57529790859375 0.71737619140625 0.9911447296875 0.7355832890625 0.9878343484375 0.76833049609375 0.5749179234375 0.9161448203125 0.5657982734375 0.8941056664062501 0.7048729328125 0.91424489296875 0.7128526265625 0.93210420703125 0.58251763125 0.9359040609375 0.5498388859375 0.92982429453125 0.53805933828125 0.77166748046875 0.5535888671875 0.78960967890625 0.31804778671875 0.77175036484375 0.31424793281249996 0.75237110859375 0.5479389593749999 0.42109706015625 0.56741591640625 0.41570403671875 0.33476714531249996 0.3962692 0.33568922109375 0.40288996328125004 0.56741591640625 0.22909494140625003 0.58065744140625 0.2406812765625 0.75610765390625 0.26219875546875004 0.752797271875 0.2522676109375 0.60879568359375 0.40468446015625004 0.599616975 0.41944186953124996 0.99776549296875 0.4375 0.9990234375 0.42330374531250003 0.5980970328125
0 0.234375 0.9990234375 0.25421023828125 0.76187074453125 0.24889044296875001 0.76415065625 0.2314111140625 0.9986016539062501 0.234375 0.9990234375
0 0.27244953828125 0.5768178500000001 0.2830891296875 0.47764165859374996 0.30588825390625 0.25345026718749997 0.33096729062499997 0.0018999273437499999 0.32792740781249996 0.0007599710937500001 0.31538788906250004 0.12653514140625 0.29562864765625 0.32070768515625 0.2694096546875 0.57529790859375 0.27244953828125 0.5768178500000001
0 0.5680781859375 0.5555386671875 0.55933852109375 0.45636247578125 0.536692040625 0.20282451953125 0.51916399609375 0.00083466875 0.5158253203125 0.000417334375 0.52208533671875 0.0742855234375 0.541700053125 0.30173277265625 0.56427833203125 0.55705860859375 0.5680781859375 0.5555386671875
0 0.380859375 0.9990234375 0.38264530625000004 0.8511673148437501 0.38682514609375 0.68321376484375 0.38986502890625 0.54603903203125 0.39328489765625 0.39290491250000004 0.38948504375000004 0.39100498515625 0.38796510234375 0.51146036015625 0.3807453796875 0.8173486140625 0.376945525 0.9989816390625 0.380859375 0.9990234375
0 0.6005859375 0.9990234375 0.592237903125 0.860005040625 0.5835748484375001 0.74659778203125 0.57884954609375 0.7434475804687499 0.5890877015625 0.8757560484375 0.59617565546875 0.9978263609375 0.6005859375 0.9990234375
0 0.91796875 0.9990234375 0.8770063226562501 0.80404912421875 0.83900778203125 0.6140564203125 0.7926495625000001 0.39176495624999996 0.7911296203125 0.39366488359375 0.8089889351562499 0.48258146875 0.8462275046875 0.66953428984375 0.8838460601562501 0.8507873296874999 0.9134849218750001 0.99822166796875 0.91796875 0.9990234375
0 0.9682028210937499 0.9978416828125001 0.9359040609375 0.8466074906250001 0.9093050828125 0.72007234921875 0.90512524296875 0.71779243671875 0.94008390078125 0.8842260460937499 0.96484375 0.9990234375 0.9682028210937499 0.9978416828125001
0 0.7041015625 0 0.72240584921875 0.06552150078124999 0.78314992734375 0.2830891296875 0.83766411484375 0.4806955171875 0.8933456953125001 0.67865393984375 0.8979055203125 0.67637402734375 0.85952699453125 0.53919929453125 0.8226684093750001 0.41114421171875 0.75921084609375 0.18429292343749998 0.70703125 0 0.7041015625 0
0 0.97998236875 0.0900565421875 0.94654365234375 0.00113995625 0.94236381328125 0.00037998515625000003 0.9689627921874999 0.07219722734375 0.9990234375 0.146484375 0.9990234375 0.138671875 0.97998236875 0.0900565421875
0 0.394381009375 0.35223023515624996 0.3979127796875 0.2368528453125 0.40105836015624996 0.10767227578125001 0.40356236640625004 0.000417334375 0.4000991140625 0.000728778125 0.3971840015625 0.08380946796875 0.394381009375 0.21409254843749997 0.390625 0.34689832109375 0.394381009375 0.35223023515624996
0 0.7749899835937499 0.30882745703125003 0.7595486109375 0.2491486375 0.72240584921875 0.099742921875 0.6982421875 0 0.69486177890625 0.0016693375 0.7140591609375 0.0788762015625 0.74368990390625 0.200737846875 0.77039930546875 0.30757545390624996 0.7749899835937499 0.30882745703125003
0 0.12083333359375 0 0.09853515625 0.10086805546875 0.04970703125 0.29039351875 0.00006510390625 0.48425925937500003 0.00169270859375 0.49728009296875 0.051334635156249996 0.3077546296875 0.09527994765625 0.14137731484375 0.12682291640625 0 0.12083333359375 0
0 0 0.7069444445312499 0.03424479140625 0.5609375 0.07574869765625 0.37575231484375 0.12213541640625 0.1529513890625 0.15550130234374998 0.0024884257812500003 0.15052083359375 0 0.12945963515625 0.10086805546875 0.08958333359375001 0.29039351875 0.04156901015625 0.51174768515625 0.00087890625 0.682465278125 0 0.7069444445312499
0 0 0.8981481484374999 0.03912760390625 0.72008101875 0.08307291640625 0.5103009257812501 0.13841145859374998 0.2281828703125 0.18479817734374998 0.0024884257812500003 0.17828776015625 0.0010416664062500001 0.15224609375 0.132696759375 0.11725260390625 0.30052083359375004 0.07086588515625 0.5406828703125 0.027734375 0.74612268515625 0.00169270859375 0.8676504632812501 0 0.8981481484374999