0 0.56698927265625 0.57573460859375 0.84246735078125 0.67776352578125 0.96663135625 0.72300383984375 0.9990234375 0.7353515625 0.99642478828125 0.72631422109375 0.8672458023437499 0.67849230390625 0.60248940703125 0.58231263203125 0.36248675859375 0.4912771453125 0.11150303203125 0.3971840015625 0 0.3525390625 0.004965571875 0.362172271875 0.20187150156250003 0.43872434687500006 0.56698927265625 0.57573460859375
0 0.36579713984375 0.87197100078125 0.5764633859375 0.9692747203125001 0.640625 0.9990234375 0.6552734375 0.9990234375 0.5145172578125 0.9350221546874999 0.30608675390625 0.8366371265625 0.09182602578125 0.73752332109375 0 0.6923828125 0.00218633359375 0.70035564375 0.13555270546875 0.76230177265625 0.36579713984375 0.87197100078125
0 0 0.8876953125 0.21134561562499998 0.9976970617187501 0.224609375 0.9990234375 0 0.8818359375 0 0.8876953125
0 0.511284721875 0.038580246875 0.58333333359375 0.059156378906249994 0.6556712960937501 0.08024691328125 0.73350694453125 0.10390946484375001 0.80844907421875 0.12345678984375 0.87094907421875 0.14248971171875 0.96209490703125 0.1671810703125 0.998553240625 0.17592592578125 0.9991319445312501 0.17181069921875 0.94907407421875 0.15997942421875 0.8914930554687499 0.14351851875 0.83535879609375 0.12860082265625 0.7751736109375 0.1111111109375 0.7141203703125 0.095164609375 0.6543100539062501 0.07666066875000001 0.60117240234375 0.061853351562500006 0.522625675 0.0384240515625 0.46379470312500004 0.021180086718749998 0.42910879609375 0.009259259374999999 0.39930555546875 0.0025720164062499997 0.3888888890625 0.0030864195312499997 0.4435763890625 0.019032921875 0.511284721875 0.038580246875
0 0.078125 0.047325103125000004 0.10879629609375 0.0540123453125 0.15711805546875 0.06378600859375 0.20978009296875003 0.07355967109375 0.25 0.0807613171875 0.2990047234375 0.09053081406249999 0.3434606484375 0.09876543203125 0.38250674765625 0.105150696875 0.43663194453125 0.11368312734375 0.475919365625 0.12070775234375 0.52922453671875 0.1301440328125 0.57609953671875 0.13734567890625 0.62647604609375 0.14413705234375002 0.66984953671875 0.15174897109375002 0.69328703671875 0.154835390625 0.69279267890625 0.151259559375 0.6087634953125 0.13851402031249999 0.565972221875 0.13220164609375 0.5280671296875 0.12602880625 0.47096406875 0.1177088015625 0.43005651171875003 0.11021142578125001 0.3923611109375 0.10288065859375 0.3480305328125 0.09615384609375 0.29921558671875 0.0873444296875 0.26241987187500004 0.07984705390624999 0.22106481484375 0.0730452671875 0.1715856484375 0.0627572015625 0.13339120390625 0.05504115234375 0.08535879609375 0.04578189296875 0.0553517203125 0.0397360921875 0.0002893515625 0.027263374218750004 0.0006325914062500001 0.03055180703125 0.0365848515625 0.0374868796875 0.078125 0.047325103125000004
0 0.825847671875 0.17000299921875 0.77692729453125 0.16213075390625 0.74479166640625 0.1579218109375 0.71180555546875 0.153806584375 0.692687246875 0.151072125 0.6935763890625 0.154835390625 0.7311921296875 0.16049382734375 0.76851851875 0.16512345703125 0.80092592578125 0.16975308671875 0.8256368085937501 0.17300194921875 0.825847671875 0.17000299921875
0 0.8236792906250001 0.17695473281250002 0.79098253125 0.1738683125 0.7571283640625001 0.16975308671875 0.734848271875 0.16615226328125 0.71054271640625 0.16203703671875 0.67223346796875 0.15650772265625 0.6734986507812499 0.15894436953125 0.70660425078125 0.1651297046875 0.7339111 0.16925326171875 0.7667004046875 0.17412655546875 0.7994897101562499 0.17787524375 0.8243716265625001 0.1812490625 0.8236792906250001 0.17695473281250002
3 0.8104745367187499 0.40329218125 0.8234953703125001 0.269547325 0.8343876515625 0.14938521484375 0.831597221875 0.1486625515625 0.827956309375 0.14938521484375 0.8133680554687499 0.28240740703125 0.8026620367187499 0.39197530859374996 0.79427083359375 0.48096707812500006 0.79571759296875 0.48456790156249996 0.800347221875 0.48251028828125 0.8104745367187499 0.40329218125
0 0.818865740625 0.230452675 0.7890625 0.22633744843749998 0.740740740625 0.21862139921875 0.69791666640625 0.21039094687499998 0.63570601875 0.20010288046875 0.5778356484375 0.18981481484375 0.5239962890625 0.18012445625 0.4797453703125 0.17181069921875 0.43200231484374996 0.162551440625 0.371330971875 0.151259559375 0.30554149765625 0.1381391515625 0.30700231484375 0.14094650234375 0.3515625 0.1502057609375 0.404331140625 0.16081871328125 0.43943994609375 0.1677537859375 0.492999325 0.17787524375 0.55873842578125 0.19032921796875 0.62067729453125 0.20092967499999997 0.6707574226562499 0.20917678828125 0.727374325 0.21967311406249998 0.76938657421875 0.22736625546874997 0.81867830625 0.23466786640624998 0.818865740625 0.230452675
0 0.99594907421875 0.2829218109375 0.9626736109375 0.2752057609375 0.91695601875 0.2597736625 0.8689236109375 0.24691358046874998 0.82696759296875 0.23353909453125002 0.826678240625 0.23816872421875002 0.87615740703125 0.25360082265625 0.92910879609375 0.26851851875 0.9670138890625 0.28034979453125 0.99739583359375 0.288580246875 0.99594907421875 0.2829218109375
0 0.9991608796874999 0.2290123453125 0.96588541640625 0.22129629609374998 0.92016782421875 0.20586419765625 0.87213541640625 0.19300411484375 0.83143556015625 0.17937471875 0.8318572874999999 0.18424801328125 0.8793692132812501 0.1996913578125 0.9323206015625001 0.214609053125 0.9702256945312501 0.22644032890625 1 0.23467078203125 0.9991608796874999 0.2290123453125
0 0.9991319445312501 0.21820987656250002 0.96585648125 0.21049382734375 0.91898148125 0.1970164609375 0.87210648125 0.18220164609375 0.83280617421875 0.17056530234375 0.8325953101562501 0.17356425234375 0.879340278125 0.1888888890625 0.93229166640625 0.20380658437500002 0.970196759375 0.21563786015625 1 0.2238683125 0.9991319445312501 0.21820987656250002
0 0.9991319445312501 0.32047325078125 0.9606770835937499 0.31080246875 0.91348379609375 0.29629629609374997 0.8669270835937499 0.28251028828125 0.82436342578125 0.269547325 0.8246817132812501 0.27376543203125003 0.8741608796874999 0.28919753125000003 0.92711226875 0.3041152265625 0.9650173609375001 0.31594650234375 0.9997395835937499 0.32453703671875 0.9991319445312501 0.32047325078125
0 0.9997395835937499 0.37870370390625 0.953790509375 0.3649176953125 0.906597221875 0.35041152265625 0.860040509375 0.33662551406249996 0.8182870367187499 0.32355967109375 0.8177951390624999 0.32788065859375004 0.86727430546875 0.34331275703125 0.92022569453125 0.35823045234375 0.95813078671875 0.370061728125 0.9997395835937499 0.384259259375 0.9997395835937499 0.37870370390625
0 0.9997395835937499 0.43796296328124995 0.94646990703125 0.42078189296875 0.89785879609375 0.40534979453125003 0.8557581015625001 0.3902263375 0.8140046296874999 0.37716049375 0.81351273125 0.38148148125 0.8629918984374999 0.39691358046874997 0.920428240625 0.41718107031249996 0.9592013890625 0.43004115234375 0.9997395835937499 0.44259259296875 0.9997395835937499 0.43796296328124995
0 0.9997395835937499 0.54259259296875 0.9328703703125001 0.51800411484375 0.88663194453125 0.50061728359375 0.84453125 0.48549382734375 0.8027777781250001 0.47242798359375 0.8022858796874999 0.47674897109375003 0.8517650460937499 0.49218107031249997 0.90682870390625 0.5138888890625 0.9435763890625 0.52623456796875 0.9997395835937499 0.5476851851562501 0.9997395835937499 0.54259259296875
0 0.6703779937500001 0.15690840546875 0.63544785390625 0.15164116249999998 0.6076908679687499 0.14776003515625 0.5754116765624999 0.142770015625 0.53268463046875 0.13667110234375 0.497598553125 0.1305721890625 0.47046531953125 0.1264138390625 0.44302020937500003 0.121978265625 0.41276821328124996 0.11698824609375 0.37253617734375 0.1100576625 0.32934131718750004 0.10284985546875 0.29581462109375 0.0973053890625 0.26026072890625 0.09065202890625 0.21784555859375 0.08261255234375 0.18385104765625 0.07623641640625 0.15796531953124998 0.07069194921875001 0.12599800390625 0.06487025937499999 0.0934069359375 0.058771346093749996 0.05691741484375 0.050731869531249994 0.024170409375 0.044078509375000005 0.00155938125 0.039920159375 0.00093562890625 0.04213794609375 0.03539795390625 0.0485140828125 0.07048403203125 0.05655355937499999 0.10494635703124999 0.06403858984375001 0.12927270468750002 0.0684741625 0.16092814375 0.074295853125 0.18728168671875 0.07984031953125001 0.22252370234375 0.0859392328125 0.25402320390625 0.09176092265625 0.29191616796875 0.09896872890625 0.33261601796875 0.1058993125 0.36536302421875 0.11144377890624999 0.4012287921875 0.1180971390625 0.43038922187499995 0.1225327125 0.4699975046875 0.12918607265624998 0.50757859296875 0.13556220859375 0.5454715570312499 0.14110667578125 0.589757984375 0.14776003515625 0.64152944140625 0.1555222890625 0.67240518984375 0.159403415625 0.6703779937500001 0.15690840546875
0 0.159375 0.33796296328125003 0.2609375 0.38055555546875 0.3546875 0.415740740625 0.4484375 0.4546296296875 0.55625 0.49444444453124997 0.62708333359375 0.5231481484375 0.73385416640625 0.56481481484375 0.8375 0.60648148125 0.9296875 0.63518518515625 0.9953125 0.6611111109375 0.99427083359375 0.6564814812499999 0.94322916640625 0.6361111109375 0.85833333359375 0.6074074070312501 0.75260416640625 0.56759259296875 0.6369791664062501 0.5203703703125 0.525 0.4768518515625 0.41302083359374997 0.43333333359375 0.3046875 0.39166666640625 0.2046875 0.35092592578125 0.10520833359375 0.3111111109375 0.034375 0.28148148125 0.0036458335937500004 0.26944444453125 0 0.275 0.07864583359375 0.30740740703124997 0.159375 0.33796296328125003
0 0.1609375 0.24166666640624998 0.26145833359375004 0.2796296296875 0.334375 0.309259259375 0.44947916640625 0.35 0.55729166640625 0.38981481484375 0.628125 0.41851851875 0.73489583359375 0.46018518515625007 0.83854166640625 0.5018518515625 0.93072916640625 0.53055555546875 0.9963541664062501 0.55648148125 0.9953125 0.5518518515624999 0.94427083359375 0.5314814812499999 0.859375 0.502777778125 0.7536458335937499 0.46296296328125 0.63802083359375 0.415740740625 0.52604166640625 0.372222221875 0.41041666640625 0.33055555546875 0.29322916640624996 0.28703703671874997 0.196875 0.25 0.1 0.21018518515625 0.03125 0.18518518515625 0.00052083359375 0.17129629609375 0 0.18055555546875 0.07864583359375 0.20833333359375 0.1609375 0.24166666640624998
0 0.80520833359375 0.37407407421875 0.74166666640625 0.35092592578125 0.62708333359375 0.31203703671875 0.54010416640625 0.28148148125 0.45677083359375 0.25370370390625 0.35677083359375 0.21574074062499998 0.26302083359375 0.18240740703125 0.14479166640625002 0.1361111109375 0.0546875 0.10370370390625001 0.00416666640625 0.08055555546875 0.0010416664062500001 0.08703703671875 0.01770833359375 0.0953703703125 0.1078125 0.13055555546875 0.19322916640625 0.16018518515625 0.30520833359375 0.20277777812500003 0.40989583359375 0.24259259296875002 0.5296875 0.28333333359375 0.6328125 0.31851851875000003 0.72864583359375 0.3518518515625 0.79947916640625 0.37592592578125 0.80520833359375 0.37407407421875
0 0 0.050925925781250006 0.027083333593749998 0.0638888890625 0.09583333359375 0.08796296328125 0.18854166640625 0.1203703703125 0.30364583359375 0.1611111109375 0.41041666640625 0.19629629609375 0.53333333359375 0.23703703671874998 0.6364583335937499 0.27129629609375 0.740625 0.3046296296875 0.80260416640625 0.3231481484375 0.8083333335937499 0.32129629609375 0.74479166640625 0.29814814843750004 0.625 0.259259259375 0.5276041664062501 0.22870370390625 0.44791666640625005 0.2018518515625 0.34375 0.16759259296875 0.23489583359375002 0.13148148125 0.1265625 0.09259259296875 0.04583333359375 0.0638888890625 0 0.04444444453125 0 0.050925925781250006