2 0.63189338203125 0.9446486929687501 0.63802083359375 0.9517973859375 0.6431908703125 0.94873366015625 0.64759497578125 0.93920206953125 0.6927849265625 0.75265522890625 0.80671721796875 0.26994825703125 0.97369025703125 0.3894335515625 0.97388173984375 0.3982843140625 0.96239276953125 0.39590141640625 0.9170113359375 0.49734477109375 0.92198988984375 0.50721677578125 0.92026654375 0.51572712421875 0.9240962007812501 0.518110021875 0.9267769609375 0.5133442265625 0.9340533085937499 0.5126633984375 0.97905177734375 0.419389978125 0.9800091914062501 0.41053921562499995 0.976945465625 0.40270969531249995 0.98211550234375 0.39453976015625003 0.9997395835937499 0.40879629609375 0.9997395835937499 0.37407407421875 0.81380208359375 0.2413534859375 0.8708639703125 0.0003404140625 0.8501838234375001 0.0003404140625 0.848460478125 0.008510348437499999 0.8411841296875 0.0047657953125 0.838694853125 0.005106209375 0.83716298984375 0.00748910703125 0.83716298984375 0.01123366015625 0.8388863359375 0.01327614375 0.83601409296875 0.0187227671875 0.8350566789062499 0.015318627343749999 0.8321844359374999 0.019403594531250002 0.83275888515625 0.029275599218749997 0.828929228125 0.036083878125 0.82586550234375 0.050040850000000005 0.8281632968749999 0.04629629609375 0.8318014703125 0.04731753828125 0.8291207109375 0.05208333359375 0.83237591875 0.07284858359375 0.79599417890625 0.23046023984375 0.6466375609375 0.1256127453125 0.64185048984375 0.13582516328125 0.6435738359375 0.138548475 0.643382353125 0.14501633984375 0.64070159296875 0.14978213515625 0.6435738359375 0.15352668828125 0.6439568015625 0.156930828125 0.644914215625 0.16101579531250002 0.6428079046875 0.16305827890625 0.64012714453125 0.16373910703125 0.63782935078125 0.16714324609375 0.6362974875 0.17088779921875 0.6362974875 0.17531318046875 0.6368719359375 0.17837690625 0.625382965625 0.26994825703125 0.6267233453125 0.27437363828125 0.62882965703125 0.27709695 0.62806372578125 0.28220315937499996 0.6330422796875 0.28867102421875 0.636680453125 0.28050108906250004 0.63936121328125 0.27743736406249997 0.64089307578125 0.273352396875 0.65353094375 0.174632353125 0.653147978125 0.16952614375 0.65085018359375 0.1654411765625 0.64816942421875 0.16339869296875 0.65142463203125 0.15965413906249998 0.76822916640625 0.24339596953124998 0.77473958359375 0.24884259296875003 0.7896752453125 0.258714596875 0.6724877453125 0.76593137265625 0.632850796875 0.9313725492187499 0.63189338203125 0.9446486929687501
0 0.80748314921875 0.10110294140625001 0.7115502453125 0.34381808281250004 0.65889246328125 0.47998366015625005 0.5844056375 0.669934640625 0.51336550234375 0.8510348585937499 0.45515471796874996 0.99877451015625 0.45821844375 0.9994553375 0.54227941171875 0.78329248359375 0.6161917890625 0.59606481484375 0.68359375 0.42347494531249996 0.7339537375 0.2944580609375 0.77493106640625 0.19029139453125 0.8308440562499999 0.04867919375 0.8281632968749999 0.04765795234375 0.80748314921875 0.10110294140625001
0 0.90169270859375 0.5885757078125 0.85477941171875 0.7655909585937499 0.7923560046875 0.9991149234375 0.79599417890625 0.9994553375 0.8285462625 0.874863834375 0.87335324765625 0.70669934609375 0.9240962007812501 0.516748365625 0.92045802734375 0.5150462960937501 0.90169270859375 0.5885757078125
2 0.9995404414062501 0.7782349046875 0.9129901960937501 0.89329481796875 0.83543964453125 0.9967806570312501 0.86588541640625 0.997461484375 0.9995404414062501 0.8238503734375 0.9995404414062501 0.7782349046875
0 0.9995404414062501 0.19335511953125 0.99934895859375 0.1828022875 0.96086090703125 0.34552015234375 0.9633501835937499 0.3482434640625 0.9995404414062501 0.19335511953125
0 0.9353936890625001 0.45513344218749996 0.94037224296875 0.44458061015625 0.9562653187500001 0.37819989140625 0.95377604140625 0.37547657968750003 0.9353936890625001 0.45513344218749996
0 0.40613511015625 0.799632353125 0.48828125 0.61274509765625 0.5970435046875 0.36322167734375 0.63170189921875 0.28764978203124997 0.62921262265625 0.28356481484375 0.54438572265625 0.478281590625 0.44538909296874996 0.7039760351562501 0.35673253671875 0.905841503125 0.31537224296875 0.9991149234375 0.31901041640625 0.9994553375 0.40613511015625 0.799632353125
0 0.6428079046875 0.25599128515624997 0.64204197265625 0.264501634375 0.68282781875 0.1831427015625 0.68053002421875 0.18110021796875 0.6428079046875 0.25599128515624997
0 0.692976409375 0.15795206953125002 0.694508271875 0.15829248359375 0.77397365234375 0.0003404140625 0.771867340625 0.0003404140625 0.692976409375 0.15795206953125002
0 0.5196844359375 0.20867374765625 0.42317708359374995 0.37241285390625 0.3408394609375 0.51062091484375 0.25888480390625 0.64712690625 0.14073988984375002 0.8428649234375 0.04633884765625 0.99877451015625 0.047679228125 0.99877451015625 0.18707873749999998 0.76933551171875 0.27994791640625 0.61444716796875 0.36611519609375 0.47079248359375 0.4603247546875 0.31181917187499997 0.55338541640625 0.152505446875 0.64146752421875 0 0.64012714453125 0.000680828125 0.5196844359375 0.20867374765625
0 0.06567861484375001 0.8391203703125001 0.17003676484375002 0.678104575 0.26845894609375 0.52559912890625 0.36630667890625 0.37241285390625 0.4576439953125 0.22875817031249998 0.59895833359375 0.000680828125 0.596852021875 0.0003404140625 0.49000459531249996 0.17327069687500002 0.398475796875 0.31862745078125 0.30656403203125 0.46262254921875 0.21063112734375 0.6120642703125 0.10837928906250001 0.77001633984375 0.0001914828125 0.93477668828125 0.000382965625 0.93954248359375 0.06567861484375001 0.8391203703125001
0 0.11316636015624999 0.64542483671875 0.24969362734375 0.44866557734374996 0.37779564921875003 0.26177832265625 0.526960784375 0.0408496734375 0.55434283125 0.000680828125 0.54993872578125 0 0.44462316171875005 0.15931372578125 0.27592677734375004 0.40270969531249995 0.16142003671875 0.5654275601562501 0.03542432578125 0.7417619828124999 0.000382965625 0.7911220046875 0.000382965625 0.807121459375 0.11316636015624999 0.64542483671875