2 0.46234130859375 0.6268310546875 0.44775722812499996 0.369366496875 0.527413009375 0.363613696875 0.52914450390625 0.44568650234374996 0.54168701171875 0.44525146484375 0.54161125859375 0.3622285015625 0.62712585 0.35541560390625004 0.6032524382812501 0.60844691953125 0.5766369046875 0.9121226617187499 0.58726615625 0.9127869898437501 0.6143339984375 0.6029061390625 0.63718971640625 0.35599512421875 0.7188031460937501 0.350100978125 0.7049560546875 0.4254150390625 0.71563720703125 0.428466796875 0.732421875 0.33233642578125 0.63974808671875 0.3408003828125 0.65170599453125 0.20793473671874999 0.640869140625 0.208740234375 0.62845450703125 0.3408003828125 0.44775722812499996 0.352758290625 0.4425048828125 0.2239990234375 0.42724609375 0.22247314453125 0.43779230468749997 0.35342261875 0.3427933671875 0.3613945578125 0.34877232109375 0.4583864796875 0.3633875421875 0.45705782343749995 0.35607993203125 0.37600977890625 0.43772163124999997 0.3684618796875 0.46404033671875 0.92150099765625 0.4744293 0.9208084 0.46234130859375 0.6268310546875
0 0.70818096171875 0.41348071796874997 0.67839926875 0.29816323125 0.653119459375 0.19946808515625 0.6264544546875 0.09350066484375 0.603515625 0 0.600828346875 0.00034629843749999997 0.62714705234375 0.10908410937499999 0.6550276359375 0.2232142859375 0.68359375 0.332100509375 0.7050642734375 0.417636303125 0.70818096171875 0.41348071796874997
0 0.52810560703125 0.3466450578125 0.52117963203125 0.25002770390625 0.509539753125 0.10297087578125 0.501953125 0 0.49936281015625 0.0013851953125 0.505553784375 0.08370535703125001 0.51459995546875 0.2036236703125 0.5253352171875 0.34422096640625 0.52810560703125 0.3466450578125
0 0.3613945578125 0.41719812890624997 0.372023809375 0.31489158125 0.3819887328125 0.21125637734375 0.39461096953124997 0.08304102890625001 0.4013671875 0 0.3989361703125 0.0013851953125 0.39593962578125 0.032552083593749996 0.3819887328125 0.16940369921875 0.37157856796875 0.29123725624999997 0.3587655140625 0.40655474296875005 0.3613945578125 0.41719812890624997
0 0.64041241484375 0.19929846953125002 0.62911883515625 0.1474808671875 0.6143339984375 0.08138020859375 0.59701906015625 0.0017314937499999998 0.5939094390624999 0.00265731328125 0.61502659609375 0.09661735390625001 0.63753601484375 0.19981438359374998 0.64041241484375 0.19929846953125002
0 0.998379321875 0.35980441015625 0.96409574453125 0.28673537265625 0.9169991132812501 0.18457723828125 0.87292729609375 0.09101296796875 0.8310546875 0 0.8284173046875001 0.000664328125 0.84566156953125 0.0384391625 0.89968417578125 0.1547955453125 0.9443567156249999 0.25106660000000003 0.99768672421875 0.3649988921875 0.998379321875 0.35980441015625
0 0.9990234375 0.2919921875 0.9769087984375 0.24864250859374998 0.93535294765625 0.168301196875 0.88791001796875 0.07480053203125 0.8525875445312501 0.00103889609375 0.8484319593749999 0.00034629843749999997 0.8958748890624999 0.09661735390625001 0.9453956117187501 0.1953125 0.9990234375 0.298828125 0.9990234375 0.2919921875
0 0.41486591328125 0.9969941265625 0.41521221171875 0.92877327109375 0.417636303125 0.81761136953125 0.42006039453125005 0.7372700578125 0.42213818671875 0.6430767953125 0.42352338203124995 0.54992242890625 0.425601175 0.45018838671875 0.42837156484375 0.32898382109375 0.4290641625 0.265957446875 0.42664007109375 0.26387965390625 0.425601175 0.34041167968749997 0.42352338203124995 0.4224844859375 0.42109929062499996 0.53607047890625 0.41867519921875 0.63649711875 0.41486591328125 0.8054909132812501 0.412441821875 0.9028008640625 0.41036402890624996 0.998379321875 0.41486591328125 0.9969941265625
0 0.32552083359375 0.9311973625000001 0.33106161328125 0.8435837765624999 0.33902648515625 0.72965148515625 0.34629875859375 0.63095633828125 0.353224734375 0.53087599765625 0.35738031953125 0.45919215390624996 0.35460992890625 0.45988475156249997 0.34560616171874997 0.59113198125 0.3386801859375 0.69917719453125 0.33071531484375 0.8072224070312499 0.32448193671875003 0.9045323578125 0.3179022609375 0.99768672421875 0.3212890625 0.9990234375 0.32552083359375 0.9311973625000001
0 0.78575188359375 0.9987256203125 0.77259253125 0.93708444140625 0.76151097109375 0.87094137890625 0.750775709375 0.809992796875 0.73069038125 0.698484596875 0.715799534375 0.61848958359375 0.69917719453125 0.5191018398437499 0.67839926875 0.4023991578125 0.66385472109375 0.32378933984375 0.6527731601562501 0.25349069140624997 0.6500027703125 0.25487588671875 0.663508421875 0.33764128984375 0.67839926875 0.42386968046874995 0.69121232265625 0.49451462734374996 0.7067957671875 0.58420600625 0.7258421984375001 0.68982712734375 0.74038674609375 0.7673980499999999 0.7511220078124999 0.8276540335937501 0.7660128546875 0.9163065156249999 0.7822265625 0.9990234375 0.78575188359375 0.9987256203125
0 0.818359375 0.9990234375 0.8117242906250001 0.9630568484375001 0.7982186390625 0.88825631640625 0.7798648046875 0.7947556515625 0.76566655546875 0.7185699249999999 0.75146830703125 0.63857491171875 0.7379626554687501 0.5682762632812499 0.7223792109375 0.48689605468749997 0.71268284609375 0.429756759375 0.708873559375 0.43148825390625 0.71302914453125 0.45365137421875 0.7220329125 0.50282579765625 0.74177194140625 0.6046376328124999 0.7597794765625 0.70264018203125 0.77882590859375 0.8061835109375 0.80202792578125 0.9263491796875 0.8148409796875 0.99768672421875 0.818359375 0.9990234375
0 0.5686225617187499 0.9931848406249999 0.5655058734375 0.93292885625 0.55961879453125 0.8470467640624999 0.55650210546875 0.7919852617187499 0.548537234375 0.6527731601562501 0.54230385625 0.550268728125 0.5367630765625 0.449149490625 0.53295378984375 0.44776429531249995 0.54611314296875 0.658313940625 0.55269281953125 0.77951850625 0.55684840390625 0.8418522828125001 0.5610039890625 0.9190769062499999 0.5654296875 0.9990234375 0.5686225617187499 0.9931848406249999
0 0.9987256203125 0.7441960328125 0.9744847078125 0.6770140734375001 0.9550919765625 0.625069259375 0.92669547890625 0.5436890515624999 0.8906804078125001 0.44534020390625007 0.855357934375 0.3449135640625 0.8273077351562501 0.2673426421875 0.7989112367187501 0.18665503125 0.77501662265625 0.1163563828125 0.7563164890625 0.06129488046875 0.7355385640625001 0.00069259765625 0.7327681734375 0.00069259765625 0.75666278828125 0.07133754453124999 0.78298149375 0.15029366171875 0.8134557843750001 0.2358294546875 0.8404670875000001 0.3134003765625 0.8636691046875 0.3771193484375 0.8854859265625 0.4391068265625 0.91180463203125 0.5132147609375 0.9391622343750001 0.58836159140625 0.96236425078125 0.6527731601562501 0.9800254875000001 0.701947584375 0.9987256203125 0.7531998007812499 0.9987256203125 0.7441960328125
0 0.055729166406249996 0.9995370367187499 0.07819010390625 0.9125 0.12945963515625 0.7056134257812501 0.19212239609374998 0.44375 0.24827473984375 0.20358796328125 0.29303385390625 0.0024884257812500003 0.28671875 0 0.26943359375 0.08206018515624999 0.23525390625 0.23541666640624997 0.19781901015625 0.39890046328125 0.16608072890625 0.51898148125 0.12294921875 0.69259259296875 0.07330729140625 0.8792245367187499 0.04479166640625 0.9995370367187499 0.055729166406249996 0.9995370367187499
0 0.30260416640625 0 0.28408203125 0.10231481484375 0.25071614609375004 0.27737268515625 0.21735026015624997 0.43796296328124995 0.17096354140625 0.6564236109375 0.13108723984374998 0.838715278125 0.09853515625 0.994965278125 0.10364583359374999 0.9995370367187499 0.15305989609374998 0.7692708335937499 0.20514322890624997 0.526215278125 0.23932291640624997 0.35405092578124997 0.2767578125 0.16741898125000002 0.30677083359375 0 0.30260416640625 0
0 0.3171875 0 0.29791666640625 0.1153356484375 0.28245442734375004 0.19924768515625 0.25885416640625 0.33379629609375 0.23688151015624997 0.45387731484374993 0.20026041640624997 0.6462962960937501 0.1595703125 0.8531828703125001 0.13271484375 0.99351851875 0.14085286484374998 0.9747106484374999 0.18642578125 0.74178240703125 0.2328125 0.5175347218749999 0.27024739609375004 0.31788194453125 0.30686848984375004 0.10520833359375 0.32291666640625 0 0.3171875 0
0 0.43219401015625003 0.2281828703125 0.43382161484375 0.11388888906250001 0.43870442734375 0.0024884257812500003 0.43463541640625003 0.00393518515625 0.43138020859375 0.093634259375 0.428125 0.21226851875000002 0.43219401015625003 0.2281828703125