2 0.22297788281250003 0.70578213359375 0.19023556953125 0.49664325312499996 0.147529625 0.2281632265625 0.19829892968750001 0.29565653671875 0.23503201484375 0.2150229359375 0.22069715234374998 0.20576500390625002 0.19889621562499998 0.20098671640625 0.144244553125 0.20427178906250001 0.11408161328125 0.03314936953125 0.172615634375 0.1185612578125 0.20875143359375 0.02628058125 0.19859757265625 0.01881450703125 0.18008170859375 0.0113484328125 0.11467889921875 0.01523079140625 0.11048893828124999 0.00029864296875000004 0.09877018828125 0.00029864296875000004 0.10034403671875 0.0149321484375 0.043303230468749995 0.014633505468749999 0.02359279453125 0.017918578125 0.006271502343750001 0.031058868750000003 0.07167431171875 0.1281178328125 0.10512232421875001 0.0364344421875 0.127520546875 0.20367450312500002 0.09616303515624999 0.20247993125 0.06570145234375 0.20218128828125 0.049873375 0.210841934375 0.04270594453125 0.215620221875 0.10392775234375 0.30342125390625 0.13170154843749998 0.2245795109375 0.22547543984375001 0.8394853781249999 0.2445885890625 0.8356030195312499 0.22297788281250003 0.70578213359375
2 0.55255011796875 0.7331220515625 0.5537634406249999 0.514635603125 0.556235259375 0.33696933984375 0.558926196875 0.18665503125 0.5478446367187499 0.1870013296875 0.54645944140625 0.31755596171875 0.5087128765625 0.30785959687500003 0.5087128765625 0.3151318703125 0.546805740625 0.3230967421875 0.54472794765625 0.41659740703125003 0.50802027890625 0.41174922421875 0.508366578125 0.417636303125 0.5451948921875001 0.42473118281250005 0.5440188171875 0.51045400234375 0.5114832671875 0.5052498890625 0.51113696796875 0.5139073578125 0.5436890515624999 0.5194481382812499 0.53884086875 0.91526761953125 0.5509613250000001 0.9180380093749999 0.55255011796875 0.7331220515625
2 0.616411790625 0.5201407359375 0.65104166640625 0.513561059375 0.65034906953125 0.506635084375 0.616411790625 0.51425365703125 0.61979166640625 0.439665471875 0.6527731601562501 0.43356604609374993 0.65450465390625 0.42733266875 0.62022107734375 0.43425864374999995 0.62680075390625 0.323443040625 0.6624695257812501 0.31894115703125003 0.66073803203125 0.31201518203125 0.62749335078125 0.31720966328125 0.6313026374999999 0.19011801875 0.62229886953125 0.1904643171875 0.609038978125 0.45101553203125 0.5859375 0.9100731382812499 0.5994431515625 0.9090342421875001 0.616411790625 0.5201407359375
0 0.640625 0.9990234375 0.63185264140625 0.9212769218749999 0.619732184375 0.81981138515625 0.6089969234375 0.720769940625 0.59687646640625 0.6251914828125 0.5876486234375 0.54254830234375 0.56778737109375 0.3723933890625 0.557052109375 0.27612233359375 0.55525950390625 0.27720197109375 0.566748475 0.38624533906249997 0.5787263375 0.48595901093749994 0.5906430890625 0.59540978984375 0.6034561429687499 0.7024161062500001 0.6155766 0.8094224226562501 0.627725290625 0.91160973828125 0.6382489828125 0.99892932578125 0.640625 0.9990234375
0 0.00103889609375 0.49278313359375003 0.04501883828125 0.41036402890624996 0.07480053203125 0.35391733125 0.1015673890625 0.30384660546875 0.09887848125000001 0.30201325859375 0.08311170234375001 0.3334857046875 0.05610039921875 0.384024953125 0.0281113109375 0.43743644374999996 0.000977784375 0.48718124218750003 0.00103889609375 0.49278313359375003
0 0.09661735390625001 0.5405723625000001 0.07653202578125 0.58870788984375 0.04216696640625 0.67516035703125 0.042533635937499994 0.6813937343750001 0.09032286484374999 0.56589291328125 0.1157452671875 0.5009924515625 0.14025099765625 0.43876052734375 0.1709901046875 0.36263591171875 0.19665695390625 0.29810211953125 0.19457916171875 0.29455765 0.175879028125 0.34246910234375 0.15131218671875 0.40333620156250005 0.1225897609375 0.4744293 0.10527482265624999 0.51806294296875 0.09661735390625001 0.5405723625000001
0 0.00069259765625 0.4179826015625 0.035444696875 0.3575025421875 0.06563379999999999 0.30702440546875 0.11427859062500001 0.22405529687499998 0.1496010640625 0.163106715625 0.1716012203125 0.12271198359374999 0.16903453515625 0.12038974531249999 0.153878871875 0.14801216328125 0.1328565 0.1848013140625 0.0962710546875 0.24587211875 0.05720040703125 0.31533557578125004 0.0237112796875 0.37216931328124997 0.0013851953125 0.40967143203124995 0.00069259765625 0.4179826015625
0 0 0.22132616484374998 0.013944892187499999 0.204301075 0.046370967968749996 0.16158900859375 0.0710685484375 0.12873357265625002 0.06683566015625 0.12709164453125 0.024587211718749998 0.1818068484375 0.0017314937499999998 0.21435893203125 0 0.22132616484374998
0 0.0556640625 0 0.028742796874999997 0.02631870546875 0 0.05121147499999999 0.00024444609375 0.05707818359375 0.0248112875 0.0343446890625 0.060546875 0 0.0556640625 0
0 0.7647366984375 0.9987700437499999 0.72943239765625 0.818831996875 0.70722485390625 0.7089331265625 0.67619123515625 0.5477860789062501 0.6559766765624999 0.44158846562500004 0.65312955546875 0.44358145078125 0.6667957359375001 0.5158983234375001 0.69498223359375 0.6602473578125 0.725731140625 0.81484602734375 0.76171875 0.9990234375 0.7647366984375 0.9987700437499999
0 0.8212890625 0.9990234375 0.79064549921875 0.8763438414062501 0.74936224453125 0.7015306125 0.72202988359375 0.583944515625 0.69327396171875 0.46294187343750004 0.6637168140624999 0.33531526562499997 0.65996264609375 0.33254373203125 0.70181532421875 0.51077350546875 0.7268699890625 0.6183946796875001 0.7556259109375 0.73968203359375 0.79491618046875 0.9065233234375001 0.8173828125 0.9990234375 0.8212890625 0.9990234375
0 0.732421875 0.9990234375 0.71519679296875 0.89826667265625 0.7001070515625 0.8114294828125 0.6830243257812499 0.7163356414062501 0.66423332734375 0.59960368046875 0.6505671468750001 0.51988429296875 0.64885887421875 0.52529382265625 0.66688896015625 0.6378206109375 0.690142128125 0.7692920921875 0.7103566875 0.885454628125 0.7294921875 0.9990234375 0.732421875 0.9990234375
0 0.8408203125 0.9990234375 0.79947157421875 0.8464490703124999 0.7710003640624999 0.74139030625 0.74537627578125 0.64003279921875 0.7040930210937499 0.4871424015625 0.6645180390625 0.33254373203125 0.6605320703124999 0.33282844375 0.68644087109375 0.4316235421875 0.72248340703125 0.56519634921875 0.74765397265625 0.66423332734375 0.7778334546875 0.77754874296875 0.80630466484375 0.88403106796875 0.8369140625 0.9990234375 0.8408203125 0.9990234375
0 0.52734375 0.9990234375 0.52200940859375 0.8709677421875 0.5199932796875 0.76672640390625 0.5164425875 0.65634084296875 0.50890456953125 0.4181600953125 0.5068884406249999 0.4133811234375 0.5146169351562501 0.6777180406250001 0.5200763078125 0.8661882265624999 0.52503360234375 0.99820788515625 0.52734375 0.9990234375