2 0.7826791156249999 0.352038871875 0.7926829265625 0.001429115625 0.765625 0 0.7602896343750001 0.17006478671875 0.7498094515625 0.17101753046874998 0.7497051890625 0.18035082578125 0.6402439023437501 0.153868140625 0.6369092984375 0.18149771328125 0.74786261796875 0.20798938671874997 0.7497051890625 0.2301002359375 0.7574314023437501 0.23246951249999998 0.74838033515625 0.5073361281250001 0.73885289609375 0.50685975625 0.73995910234375 0.52301803671875 0.62993808984375 0.4899027125 0.6298500421875 0.5203963929687501 0.738320575 0.543008075 0.73700975234375 0.5629981125 0.746020046875 0.56544811328125 0.73930369140625 0.81565908125 0.72783399765625 0.81598678671875 0.72783399765625 0.830078125 0.6282115140625 0.80681103203125 0.62624528125 0.8258179531250001 0.72914481953125 0.8510512796875 0.729472525 0.86547032265625 0.735371225 0.8667811453125 0.732421875 0.9990234375 0.763671875 0.9990234375 0.77141883359375 0.7140703648437501 0.7826791156249999 0.352038871875
2 0.96875 0.9990234375 0.9765625 0.88509908515625 0.9889481710937501 0.8822408539062501 0.99895198203125 0.8555640242187501 0.9979992375 0.839367378125 0.9784679875 0.83984375 0.995617378125 0.62214176796875 0.9990234375 0.330078125 0.9975228656249999 0.17149390234375 0.9671285375 0.58018867890625 0.93359375 0.9990234375 0.96875 0.9990234375
0 0.9169921875 0.9990234375 0.876524390625 0.67883003046875 0.839367378125 0.3820503046875 0.79411204296875 0.0176257625 0.7912538109375 0.02334222578125 0.83365091484375 0.36680640234375 0.875 0.71653891484375 0.9130859375 0.9990234375 0.9169921875 0.9990234375
0 0.6689453125 0.9990234375 0.6642591234374999 0.8874265937500001 0.65213401875 0.567258284375 0.6449244968750001 0.391935821875 0.639025796875 0.20284972734375 0.6350933304687499 0.20252202187499999 0.6383703859375001 0.30542156015625 0.6514786070312499 0.64623531875 0.66458682890625 0.9988464765625 0.6689453125 0.9990234375
0 0.9746570125 0.43206935937499996 0.9246379570312501 0.24056783515625 0.8631859757812499 0.000476371875 0.8603277437499999 0 0.91796875 0.22722942109375 0.9746570125 0.44636051796875 0.9746570125 0.43206935937499996
0 0.6357487414062499 0.146484375 0.6279296875 0 0.62362363671875 0.00196623359375 0.6324716859375 0.14910601953125 0.6357487414062499 0.146484375
0 0.9922827742187501 0.216272865625 0.95131478671875 0.08574695156249999 0.92578125 0 0.9222560976562499 0.0019054875 0.95417301796875 0.10623094531249999 0.98990091484375 0.2224657015625 0.9922827742187501 0.216272865625
0 0.6298828125 0.9990234375 0.62657298671875 0.8500681625000001 0.62296822578125 0.85137898515625 0.62624528125 0.9972079484374999 0.6298828125 0.9990234375
0 0.625 0.8041158539062501 0.6164141148437501 0.5407141359375001 0.6124816484375 0.39095270546875 0.60723836015625 0.23004928671874997 0.6013396601562501 0 0.5980626046874999 0.00032770546875 0.60297818828125 0.20022808281249999 0.6111708265625 0.464031040625 0.62214176796875 0.8074504570312501 0.625 0.8041158539062501
0 0.6403366187499999 0.80156774296875 0.6324716859375 0.5374370804687499 0.6255898703125 0.38964188359374996 0.61970427890625 0.22838454296875002 0.611328125 0 0.6073742375 0.001429115625 0.61544410625 0.1985633390625 0.6255898703125 0.46075398515625 0.63673185859375 0.8028785656249999 0.6403366187499999 0.80156774296875
0 0.64593303359375 1 0.64099203046875 0.8369599414062501 0.63804268046875 0.8382707632812499 0.6423159609375 0.998859584375 0.64460090859375 1 0.64593303359375 1