2 0.28013939921875003 0.85886437890625 0.29756433828125 0.86022603515625 0.310585171875 0.8496732023437501 0.3130744484375 0.8377587148437501 0.2719056375 0.000680828125 0.23418351718750002 0.000680828125 0.2728630515625 0.8506944445312501 0.28013939921875003 0.85886437890625
2 0.78469669140625 0 0.7732077203125 0.20935457500000001 0.76746323515625 0.21105664453125 0.76650582109375 0.214460784375 0.76669730390625 0.21752451015625002 0.702742034375 0.137867646875 0.69738051484375 0.14059095859374998 0.68780637265625 0.13071895390625 0.68780637265625 0.1477396515625 0.6851256125 0.1473992375 0.683976715625 0.15284586093750002 0.68646599296875 0.15488834453125 0.68799785546875 0.15863289765625 0.68646599296875 0.16067538125 0.68723192421875 0.16748366015625 0.68359375 0.17258986953125 0.682444853125 0.17701525078125 0.68684895859375 0.179057734375 0.68110447265625 0.18722766875000002 0.6826363359375 0.19029139453125 0.69048713203125 0.1824618734375 0.69718903203125 0.18041938984375 0.6920189953125 0.16680283203125 0.693359375 0.16305827890625 0.68991268359375 0.161356209375 0.6918275125 0.15488834453125 0.69259344375 0.15897331171875 0.75865502421875 0.245438453125 0.7630591296875 0.24339596953124998 0.76554840703125 0.24407679765624998 0.76439951015625 0.2730119828125 0.7699525125 0.27539488046875 0.75520833359375 0.5661083875 0.74812346796875 0.57257625234375 0.68857230390625 0.48781318046875005 0.68359375 0.4905364921875 0.67861519609375 0.48338779921875 0.674977021875 0.486451525 0.67631740234375 0.49087690625 0.66980698515625 0.5010893249999999 0.6744025734375 0.51028050078125 0.671913296875 0.51470588203125 0.66980698515625 0.522535403125 0.6717218140625 0.52423747265625 0.67018995078125 0.53274782109375 0.673828125 0.52491830078125 0.6759344359375 0.5164079523437499 0.67976409296875 0.5276416125 0.6853170953125 0.51572712421875 0.73759191171875 0.59232026171875 0.74869791640625 0.5987881265625 0.74735753671875 0.6015114382812501 0.74697457109375 0.62738289765625 0.7525275734375 0.62738289765625 0.7329963234375 0.99843409609375 0.771484375 0.9994553375 0.81782322265625 0.00136165546875 0.78469669140625 0
2 0.92109375 0.9995370367187499 0.96197916640625 0.9995370367187499 0.97196691171875 0.87997004375 0.9763710171875 0.88167211328125 0.97924326015625 0.8786083874999999 0.9865196078125 0.88065087109375 0.98403033125 0.87316176484375 0.9855621937500001 0.8707788671875001 0.9997319242187499 0.8813316992187501 0.9997319242187499 0.8506944445312501 0.99226409296875 0.8435457515625 0.9869025734375001 0.85001361640625 0.9842218140625001 0.8442265796875 0.9870940562499999 0.8391203703125001 0.9861366421875 0.82992919375 0.9882429531250001 0.82414215703125 0.9876685046875 0.8214188453125001 0.9800091914062501 0.81529139453125 0.9800091914062501 0.81086601328125 0.9782858453125 0.81018518515625 0.9995404414062501 0.57495915 0.9997319242187499 0.1742919390625 0.92109375 0.9995370367187499
0 0.9535845585937499 0.37683823515625 0.8586090687500001 0.47283496718749995 0.762867646875 0.56985294140625 0.6631050859375 0.67197712421875 0.53940716875 0.7969090414062501 0.44672947265624996 0.889501634375 0.33932291640625 0.9995370367187499 0.34765625 0.9995370367187499 0.40383731640625 0.9422657953125 0.47583486484375 0.8707788671875001 0.58861826015625 0.755378540625 0.70561427734375 0.63725490234375 0.801930146875 0.5385348585937499 0.9072457109375 0.43130446640625 0.9995404414062501 0.33700980390625 0.9995404414062501 0.32883986953125 0.9535845585937499 0.37683823515625
0 0.79733455859375 0.44832516328125005 0.79771752421875 0.45309095859375 0.9060968140625001 0.3918164484375 0.98307291640625 0.34586056640625 0.98326439921875 0.34075435703125 0.79733455859375 0.44832516328125005
0 0.89154411796875 0.9279684093749999 0.8335248164062501 0.9994553375 0.8400352328125 0.99877451015625 0.9087775734375001 0.9150326796874999 0.9997319242187499 0.8040577343749999 0.99934895859375 0.7958877992187501 0.89154411796875 0.9279684093749999
0 0.81303615234375 0.12288943359375 0.8122702203125 0.12799564296875 0.90399050234375 0.0895288671875 0.99915747578125 0.0483387796875 0.99877451015625 0.04289215703125 0.9294577203125 0.07318899765625 0.81303615234375 0.12288943359375
0 0.7211243875 0.159994553125 0.724571078125 0.1651007625 0.77646292890625 0.143654684375 0.77531403203125 0.13922930312499998 0.7211243875 0.159994553125
0 0.60163909296875 0.249863834375 0.5087699140625 0.32918028359374996 0.39560355390625 0.42585784296874996 0.3017769609375 0.50619553359375 0.1658241421875 0.6209150328125 0.0005744484375 0.7632080609375 0 0.76899509765625 0.11278339453125 0.6726579523437499 0.2225030640625 0.5797249453125 0.324180453125 0.49291938984375 0.45572916640625005 0.38058278828125 0.5658318015625 0.2859477125 0.682444853125 0.18552559921875 0.6857000609375 0.1824618734375 0.6830193015625 0.17735566484375 0.60163909296875 0.249863834375
0 0.62021292890625 0.57291666640625 0.50551470625 0.68559368203125 0.40134803906250005 0.78771786484375 0.26807598046875 0.91809640546875 0.18286611484374998 0.9994553375 0.19140625 0.9995370367187499 0.24797028203125 0.9429466234375001 0.3515625 0.84252451015625 0.44653798984375 0.7492510890624999 0.5587469359375 0.6386165578125 0.67038143359375 0.52900326796875 0.66904105390625 0.5235566445312501 0.62021292890625 0.57291666640625
0 0.7029335171875 0.507897603125 0.75942095625 0.47487745078125 0.7596124390625 0.47079248359375 0.70044423984375 0.50279139453125 0.7029335171875 0.507897603125
0 0.23709577109375002 0.1038787546875 0.15495439453124998 0.161000553125 0.058302239062500004 0.226414225 0.00012956015625 0.266491615625 0.00012956015625 0.27271052109375 0.10727611953125 0.198544315625 0.19045398046875 0.14096185703125 0.29889614453125 0.06633499140625 0.393734453125 0.00046065937499999995 0.38790422890625 0.00023032968749999997 0.23709577109375002 0.1038787546875
0 0 0.16007923359375 0.06698279453125 0.1211534921875 0.17464759531250001 0.0571217984375 0.27065194843749996 0.00046065937499999995 0.26663557187500003 0.00046065937499999995 0.2080742125 0.034549475 0.1024823796875 0.09627786953125 0 0.15570296640625 0 0.16007923359375