1 0.689453125 0.9990234375 0.6659753546875 0.6171472296875 0.72088623046875 0.614120640625 0.71630859375 0.6904145859375 0.73309326171875 0.68888870703125 0.73614501953125 0.60038773046875 0.6614449101562501 0.54214320234375 0.66949903359375 0.429888853125 0.73644893671875 0.4273719390625 0.73040834375 0.51445715234375 0.746826171875 0.51799026953125 0.7540673328125 0.4122704578125 0.675074084375 0.36318196171875 0.684600515625 0.20588353750000002 0.761114690625 0.20185647578125 0.75140380859375 0.3058931015625 0.77276611328125 0.30741898046875 0.78497314453125 0.18534866796875 0.6896343429687499 0.1479945234375 0.6956749359375001 0.10923405312500001 0.78527706171875 0.1077239046875 0.78477367890625 0.09211903984375 0.69952392578125 0.06327835546875 0.624755859375 0.049545445312500005 0.52336165078125 0.057124165625 0.5238357101562501 0.07727169296875 0.6033935546875 0.101425328125 0.59852206796875 0.14145054765625 0.5235180414062499 0.14849790624999998 0.52452480703125 0.26477931718750003 0.5366059921875 0.26628946484375 0.53472900390625 0.17008987890625 0.5972900390625 0.1960298203125 0.5911865234375 0.34709183203125 0.52252197265625 0.357772984375 0.52100112734375 0.3911283828125 0.5235180414062499 0.4580782859375 0.53509584375 0.46059520000000004 0.53472900390625 0.37760941015625 0.5904679445312501 0.41277383984375 0.58660888671875 0.53019730078125 0.52557373046875 0.53630081640625 0.52252197265625 0.56987015234375 0.52099609375 0.6232759140625 0.5362548828125 0.6232759140625 0.533203125 0.56071487890625 0.5850830078125 0.5988618515625 0.5166015625 0.9985200546874999 0.689453125 0.9990234375
0 0.267578125 0.9990234375 0.5310687820312501 0.271826675 0.5280484859375 0.26880637890625 0.2646484375 0.9990234375 0.267578125 0.9990234375
0 0.1953125 0.9990234375 0.34440420234375 0.6492244390625 0.3899139109375 0.5413759101562501 0.42594243046875 0.4572303546875 0.47116623750000003 0.3508577640625 0.518987596875 0.23961018046875 0.5194909796875 0.22954252578125 0.44549371796875 0.4016994203125 0.3921351484375 0.5285518687499999 0.31813788671875 0.701715528125 0.274846971875 0.80390222265625 0.19140625 0.9990234375 0.1953125 0.9990234375
0 0.373046875 0.9990234375 0.45556137265625 0.71681701015625 0.52967463984375 0.46256108515624994 0.525531571875 0.46411887890625003 0.50136920078125 0.548687178125 0.3689795421875 0.9972011921874999 0.373046875 0.9990234375
0 0.4345703125 0.9990234375 0.5295586343750001 0.6262081187499999 0.5250281890624999 0.63073856328125 0.4306640625 0.9990234375 0.4345703125 0.9990234375
0 0.70775612109375 0.9972011921874999 0.73096431875 0.699626865625 0.72659165078125 0.6952541976562501 0.70399953359375 0.99623950546875 0.70775612109375 0.9972011921874999
0 0.6988980875 0.99623950546875 0.7251340953125001 0.699626865625 0.71681016171875 0.69887329921875 0.6904296875 0.9990234375 0.6988980875 0.99623950546875
0 0.1708984375 0.9990234375 0.25370489687500003 0.8144732601562501 0.35136114687500003 0.59248147578125 0.44549371796875 0.3800539625 0.52301465859375 0.19933956171875 0.52301465859375 0.19027867265625 0.447003865625 0.36595924609375 0.37753704921875003 0.5265383375 0.3093238015625 0.68074939296875 0.23407297031250002 0.8502134343750001 0.166015625 0.9990234375 0.1708984375 0.9990234375
0 0.25 0.9990234375 0.27937741640625 0.92421069609375 0.33474951640625 0.78477367890625 0.41277383984375 0.5859375 0.408746778125 0.5874476484375 0.3523679125 0.73040834375 0.2944788984375 0.87638933671875 0.24609375 0.9990234375 0.25 0.9990234375
0 0.6735260953125 0.41428398828125 0.68359375 0.3518645296875 0.69869523203125 0.2637725515625 0.71681701015625 0.15353173359375 0.72270365625 0.11780377734375 0.71983730703125 0.1193017078125 0.7102730351562501 0.16963998046875 0.6926546390625 0.2733368234375 0.67050579921875 0.40371295078124997 0.6735260953125 0.41428398828125
0 0.75356395 0.40522309921875 0.7606113078125001 0.31612435546875 0.75608086328125 0.31813788671875 0.7500402703125 0.40421633359375003 0.75356395 0.40522309921875
0 0.73946923359375 0.597515303125 0.7429929125 0.52150451015625 0.7404759984375 0.52200789296875 0.7349387882812499 0.595501771875 0.73946923359375 0.597515303125
0 0.733428640625 0.5934882406249999 0.7384624679687499 0.52200789296875 0.7349387882812499 0.52049774453125 0.72940157890625 0.5939916234375 0.733428640625 0.5934882406249999
0 0.20103476640625 1 0.349087909375 0.6526376671875 0.39459761796875 0.54478913828125 0.4306261375 0.4606435828125 0.47524461484374997 0.35293727265624997 0.52359868046875 0.24129626796874998 0.52417468671875 0.23295575390624998 0.450177425 0.40511264843749994 0.39681885546875 0.531965096875 0.323782615625 0.70468939609375 0.27953067890625 0.80731545078125 0.19713196171875 1 0.20103476640625 1
0 0.49444402343749994 0.37806242421874997 0.5285763046875 0.3180939015625 0.5501460101562501 0.27945805546875 0.57384898359375 0.23631864375 0.5939965109374999 0.19981606484375 0.592337303125 0.19626061875 0.567923240625 0.2422443875 0.5465905640625001 0.27945805546875 0.51601372890625 0.3346859828125 0.49207372578125 0.37735133515624997 0.49444402343749994 0.37806242421874997
0 0.49349590390625 0.31050895 0.50937689609375 0.28870221484375 0.52454679921875 0.26760656875 0.52288759140625 0.26476221171875 0.50937689609375 0.28419865 0.49349590390625 0.30647944453125 0.49349590390625 0.31050895
0 0.5382945234375 0.25717726015625 0.5617604671875001 0.22067468125 0.58024878671875 0.18986081640625002 0.5790636375 0.187964578125 0.55678284296875 0.22304497890625 0.537583434375 0.2517255765625 0.5382945234375 0.25717726015625
3 0.48225308671875 0.60683513359375 0.48064557578124995 0.49551504609375 0.47823431093749996 0.38540059140625 0.49310378125 0.38660622421875 0.49511316875 0.37977430546875 0.47943994375 0.374951775 0.47662680078125 0.3170814046875 0.49109439296875 0.32069830234375 0.49109439296875 0.31266075078125 0.4778324328125 0.3066325875 0.47622492265625 0.24594907421875 0.47059863671875 0.24474344140625 0.4714023921875 0.29136123984375 0.47300990234375 0.37414801953125 0.47343991093750004 0.49672067890625 0.47823431093749996 0.67475244375 0.48426247421874996 0.67595807578125 0.48225308671875 0.60683513359375
0 0.5883487656249999 0.45050475859374994 0.58674125546875 0.44688786015625004 0.55820794765625 0.52967463984375 0.5622267234375 0.52967463984375 0.5883487656249999 0.45050475859374994