2 0.4345703125 0 0.434441440625 0.035797745312500004 0.40465856484374996 0.027705439843750002 0.3576388890625 0.01866319453125 0.317853009375 0.020471643749999997 0.37934027812500004 0.14163773125 0.43415505859375003 0.05240789921875 0.43043209296875 0.25258889296875 0.39339538984375 0.2444869234375 0.34678819453125 0.23567708359375 0.31061921328125003 0.246527778125 0.37434895859375 0.36153590390625 0.43148825390625 0.271151928125 0.43178530078125005 0.48524305546875 0.41008391171875 0.478009259375 0.34317129609374997 0.4689670140625 0.305193865625 0.48343460625 0.37029803203125 0.6009837960937501 0.4299768515625 0.4997106484375 0.421875 0.9990234375 0.443359375 0.9990234375 0.4426359953125 0.51598668984375 0.49688946796875 0.6208767359375 0.56380208359375 0.50875289375 0.5348668984375 0.4870515046875 0.5041232640625 0.48162615703125 0.44625289375 0.48162615703125 0.44444444453125 0.28088831015625 0.49624612109375 0.37988973828125 0.55656828671875 0.282696759375 0.5312222960937499 0.26665004453124996 0.5035183953125 0.25972406953125 0.44534020390625007 0.255568484375 0.44444444453125 0.062065971875 0.49555352421875 0.16379931328125 0.5551169101562501 0.0727227390625 0.53468528359375 0.057139295312500005 0.51497395859375 0.04940682890625 0.4461831015625 0.038661565625 0.4443359375 0 0.4345703125 0
0 0.88652482265625 0.7016012851562501 0.7424645390625 0.6766677750000001 0.58974678671875 0.6482712765625 0.49035904218750004 0.62749335078125 0.3788508421875 0.5997894500000001 0.37954343984375 0.6032524382812501 0.5194481382812499 0.63718971640625 0.7067957671875 0.67493628125 0.8692098843749999 0.70333277890625 0.99833083984375 0.7255859375 0.99833083984375 0.7197265625 0.88652482265625 0.7016012851562501
0 0.9990234375 0.6943359375 0.8453152703125 0.672165890625 0.700216090625 0.6486175750000001 0.5894004875000001 0.6288785460937499 0.506635084375 0.61190990703125 0.50802027890625 0.6160654921875001 0.6901734265624999 0.65069536796875 0.8543190382812501 0.67736037265625 0.998379321875 0.69986979140625 0.9990234375 0.6943359375
0 0.6333804296875 0.34318207031250003 0.75700908671875 0.30231881640624997 0.9194232046874999 0.24656471640625002 0.9990234375 0.21875 0.9980330234375 0.21470523046875 0.905917553125 0.2476036125 0.7895611703125 0.2881205671875 0.665239915625 0.32933011953125 0.501440603125 0.3802360375 0.49901651171875 0.38335272578125 0.53607047890625 0.3736563609375 0.6333804296875 0.34318207031250003
0 0.5218722296875 0.30162621875 0.5914782804687501 0.2680352390625 0.70991245546875 0.21089594453125 0.8276540335937501 0.15202515546875 0.9055712546875 0.1128933953125 0.9990234375 0.0654296875 0.9990234375 0.0595703125 0.8872174203125001 0.11704898046875001 0.7919852617187499 0.16587710546875 0.7050642734375 0.20812555390625 0.6333804296875 0.244140625 0.5755485375 0.2714982265625 0.48447196328125 0.31409297421875004 0.3857768171875 0.35738031953125 0.380928634375 0.36153590390625 0.45399767265625 0.33106161328125 0.5218722296875 0.30162621875
0 0.7080078125 0 0.62749335078125 0.062680075 0.50732768203125 0.15410294765625 0.50386469453125 0.16068262421875 0.6212599734375 0.07133754453124999 0.712890625 0 0.7080078125 0
0 0.5087890625 0 0.47616079375 0.0353224734375 0.38923980468749997 0.12951573593750002 0.38785461015625 0.13367132109375 0.46023105078125 0.05817819140625 0.513671875 0 0.5087890625 0
2 0.353224734375 0.8754432624999999 0.3553025265625 0.7493905140625 0.379197140625 0.7500831117187501 0.3788508421875 0.7871370789062501 0.38369902499999997 0.7860981828125 0.38439162265625 0.749044215625 0.40967143203124995 0.749044215625 0.4091796875 0.9990234375 0.4130859375 0.9990234375 0.414173315625 0.7493905140625 0.42490857734375 0.7497368132812501 0.42490857734375 0.74523492890625 0.41348071796874997 0.745581228125 0.41348071796874997 0.69259751796875 0.40932513281249994 0.6943290117187499 0.40932513281249994 0.74488863046875 0.35460992890625 0.743849734375 0.354956228125 0.68878823125 0.35080064296875 0.6891345304687501 0.35080064296875 0.74350343515625 0.318248559375 0.7431571367187499 0.31720966328125 0.78540558515625 0.32275044296875 0.78505928671875 0.32240414453125 0.745581228125 0.35080064296875 0.74800531953125 0.34906914921875 0.79406305390625 0.34872285000000003 0.89310449921875 0.34765625 0.9990234375 0.3515625 0.9990234375 0.353224734375 0.8754432624999999
0 0.12228509921875 0.7070770710937501 0.12457615468750001 0.7090817445312501 0.13975439843749998 0.6927579726562499 0.15715071328125002 0.66605355 0.187964578125 0.60703314609375 0.216504765625 0.5464167890625 0.29210960390624996 0.36656891484375 0.35454087265625 0.20877245234375003 0.3800288671875 0.14261821875 0.37773781171875 0.14233183671875 0.34537664921875 0.22309155078125 0.30127382734374997 0.33535328046875 0.243997434375 0.47482129765625 0.21134988984374997 0.54985337265625 0.19934200546875 0.576693340625 0.17682418046874998 0.6233881976562501 0.161519428125 0.65323726171875 0.14490927421875 0.68015716640625 0.13533074218750002 0.6944995242187499 0.12228509921875 0.7070770710937501
0 0.14061354453125 0.764926228125 0.15292796953125 0.7543300953125 0.16185160234375 0.74382336640625 0.172320615625 0.7307626671875 0.19244868046875002 0.7022085773437501 0.21192265390624998 0.6712793257812499 0.22375606796874997 0.6511206765625001 0.27378115859375 0.5638860890624999 0.32905287734375 0.45620647031250006 0.374301228125 0.36800082500000003 0.37286931796875 0.3637050953125 0.34416717265624996 0.41977965703125 0.3180939015625 0.47074105 0.285620828125 0.53402798828125 0.24840716015625 0.6032406703125 0.217830325 0.65657236015625 0.19815685703125002 0.68880840390625 0.17612490859375002 0.7205370234374999 0.16295133828125 0.73829270546875 0.14777309375 0.7554756234375 0.13860887109375 0.7632079359375 0.14061354453125 0.764926228125
0 0.22802982265625 0.77207923515625 0.2295169734375 0.774062103125 0.2357134359375 0.76811349921875 0.26576246328124997 0.73399697578125 0.32332523828125004 0.6632606304687501 0.36857358906250004 0.60369318203125 0.36848553984375 0.600494953125 0.31541149062499996 0.669036296875 0.27807688750000004 0.71509576640625 0.24339704921875 0.7554727156250001 0.22802982265625 0.77207923515625
0 0.18442998515625 0.7609168804687501 0.20161290312500002 0.750034365625 0.22767366171874998 0.72769657265625 0.2611803515625 0.6927579726562499 0.30358356015625 0.64386403359375 0.35511363671875 0.57820518671875 0.35282258046875004 0.5764868953125 0.28523643671875 0.6615423390624999 0.258268559375 0.69251665625 0.23254215546874998 0.71910511328125 0.19932184765625 0.74860245625 0.18638959375 0.75695986640625 0.17669767265625 0.762348790625 0.16495601171875002 0.7675036656249999 0.15378711484375002 0.7689355757812499 0.146484375 0.76892445390625 0.13178853125 0.763235740625 0.130366353125 0.7648949484374999 0.145062196875 0.77153178125 0.16008751796875 0.77094024921875 0.1735474703125 0.7669309015625 0.18442998515625 0.7609168804687501
0 0.274067540625 0.8021558835937499 0.299269153125 0.7844002015625 0.32275247421875003 0.7669309015625 0.35514120703124996 0.7403071625 0.3788833390625 0.7205370234374999 0.3985102875 0.70391352890625 0.424418071875 0.68072993046875 0.42470445390625 0.67614781875 0.39835731328125 0.69905837578125 0.36696913828125 0.72574970859375 0.341796875 0.7475858890625 0.31759759921874997 0.7669309015625 0.2961189515625 0.78296829140625 0.27149010234375004 0.80101035546875 0.274067540625 0.8021558835937499
1 0.1852625125 0.8144969265625001 0.194140353125 0.8119194890625 0.188985478125 0.8087692875 0.1884127140625 0.7981731546875 0.182685075 0.8090556695312501 0.17294808828125 0.8087692875 0.1677932125 0.7981731546875 0.16750683046874998 0.8081965234374999 0.16092004531249998 0.81592883671875 0.1697978859375 0.8156424546875 0.1709434140625 0.84284874140625 0.17966246015625 0.84228515625 0.1852625125 0.8144969265625001
2 0.10023368749999999 0.9880177789062501 0.10252474375000001 0.90868997421875 0.10567494531249999 0.8159022179687501 0.10538856328124999 0.7692219578125 0.1156983140625 0.7918461328124999 0.13116293984375 0.7692219578125 0.11684384140625 0.7643534640625 0.10682047265625001 0.76463984609375 0.1071068546875 0.7311331562500001 0.11741660546874999 0.750034365625 0.131449321875 0.72597828046875 0.11713022343749999 0.72082340546875 0.10796600078125 0.722541696875 0.10853876484375 0.68903500703125 0.11856213359375001 0.706217925 0.13259485 0.68531204140625 0.1177029875 0.6827346039062501 0.10911152890625 0.68330736796875 0.108825146875 0.66612445 0.11512555 0.6618287203125 0.10052006953124999 0.66068319296875 0.1071068546875 0.66440615859375 0.10596132734375 0.68216183984375 0.09880177812499999 0.6810163124999999 0.09021031874999999 0.6804435484375 0.08448267968749999 0.68330736796875 0.09622433984374999 0.704786015625 0.10624770859374999 0.687316715625 0.10424303515625 0.72340084296875 0.09937454140625 0.7231144609375 0.08763288125 0.72196893359375 0.08018695 0.7262646625 0.09536519453125 0.74516587265625 0.10481579921874999 0.72855571875 0.10424303515625 0.76664451953125 0.09794263203125 0.76578537421875 0.0870601171875 0.76463984609375 0.08018695 0.76779004765625 0.09278775624999999 0.78669125703125 0.1033838890625 0.7689355757812499 0.101379215625 0.8144703078125 0.09908816015625001 0.8794790140625001 0.09479243046875 0.9885905421875 0.10023368749999999 0.9880177789062501
0 0.1219987171875 0.70764983515625 0.12171233515624999 0.71108641875 0.1294446484375 0.7171004398437499 0.14204545468750002 0.7179595859375001 0.156364553125 0.7130910921875 0.17469091328125 0.6990006828124999 0.19768279765625002 0.6745866203124999 0.23282853750000002 0.62889479453125 0.27945805546875 0.5553606640625001 0.30442402890625 0.5152011546875 0.32852321015624997 0.4728743171875 0.36570976875 0.40780791796875004 0.3900522359375 0.36399147734375 0.41582661328125 0.3173112171875 0.43043209296875 0.2909640765625 0.429286565625 0.28523643671875 0.41639937656250003 0.309292521875 0.39234329140625 0.35282258046875004 0.35912298359375 0.41210364765624996 0.3387898640625 0.44933330312499997 0.31272910546875 0.49429527109375 0.2961189515625 0.52350623203125 0.27211013359375 0.56247155625 0.24271844687500002 0.608455325 0.22470418671874998 0.6350026546875001 0.20770542500000003 0.65856004140625 0.19803894375 0.67045724921875 0.18559428125 0.68454186875 0.1713533578125 0.6987577640625 0.159868734375 0.7071403078125 0.1531212078125 0.71085216953125 0.14290460078125 0.7142366203125 0.13230846796875 0.71395023828125 0.12629444609375 0.71022727265625 0.1219987171875 0.70764983515625
0 0.686626553125 0.76153678203125 0.8488815023437499 0.78125 0.99839868046875 0.79762713515625 0.99839868046875 0.79429105234375 0.84554541953125 0.7776106367187501 0.69269215859375 0.75941381953125 0.555609471875 0.73939732109375 0.44521544999999996 0.7181677015625 0.44400232890625 0.7212005046875001 0.54772418515625 0.7412170031249999 0.686626553125 0.76153678203125
0 0.62172457265625 0.73909404140625 0.76365974375 0.75668429765625 0.8977096273437499 0.7709384703125 0.9990234375 0.7802734375 0.9990234375 0.77734375 0.8804226515625 0.7660859859375 0.7363645187500001 0.750921971875 0.6420443515625001 0.7387907609375 0.524371603125 0.7202906640625 0.44855153359375005 0.70482336953125 0.4473384125 0.70906929375 0.5365028140625 0.72574970859375 0.62172457265625 0.73909404140625
0 0.386590428125 0 0.36407766953125 0.063988546875 0.3342119234375 0.147897071875 0.29628716640624997 0.2521901546875 0.261680825 0.34652798828125003 0.2287336921875 0.43256978124999995 0.18749051875 0.5326058101562501 0.15691368359375 0.59920168359375 0.146958434375 0.618647603125 0.11898892578125 0.6615499851562501 0.1220703125 0.66178701484375 0.1462473453125 0.62457334609375 0.16852813984374998 0.58072284609375 0.18346101328125 0.5482497726562501 0.19791982734375 0.5143545203125 0.21877844375 0.46315609843749994 0.24153329765625 0.40886680859375 0.26571033046875 0.3434560828125 0.291546571875 0.27328580078125003 0.31975311015624996 0.1964881671875 0.3498558859375 0.1123426125 0.37901054296875 0.02796002734375 0.38855362109375 0 0.386590428125 0
2 0.0739532765625 0.9561779429687499 0.07750872265625 0.8694250609375 0.07845684140625 0.8303151546875001 0.08627882265625 0.8383741656250001 0.0914934765625 0.82462644140625 0.07845684140625 0.8239153515625001 0.07893090078125001 0.8044789140624999 0.08533070390625 0.8137230734375 0.09315268515625 0.79784208125 0.07845684140625 0.797368021875 0.07845684140625 0.77627237578125 0.08533070390625 0.7881238625 0.09338971484375 0.7712947515625 0.079641990625 0.7712947515625 0.0794049609375 0.76062841328125 0.0822493171875 0.7580210859375 0.07608654453125 0.75778405625 0.075138425 0.77034663203125 0.06873862265625 0.76963554296875 0.061627730468749996 0.772005840625 0.07039783046875 0.78646465390625 0.07608654453125 0.77579831640625 0.07561248515624999 0.7980791109375 0.06636832499999999 0.7968939625 0.05949446328125 0.7980791109375 0.06873862265625 0.8123008953124999 0.07537545546874999 0.8040048546874999 0.0744273359375 0.82415238203125 0.064946146875 0.82438941171875 0.06020555234375 0.82628564921875 0.06755347421874999 0.84240367109375 0.075138425 0.8298410953124999 0.0730051578125 0.89739456953125 0.07063486015625 0.9493040804687499 0.0739532765625 0.9561779429687499
0 0.390625 0.13285215703125 0.36484771562499996 0.18936389609374998 0.34727515234375 0.23151676796874998 0.34870426796875 0.234851371875 0.36336056484375 0.20026967031249998 0.37476205546874997 0.174988103125 0.39348323203125 0.13338414609375 0.390625 0.13285215703125
0 0.45035889921875 0.2525678140625 0.47960620234375 0.19803894375 0.49596486328125 0.16854378203125 0.49274270312499996 0.1665609140625 0.4815890703125 0.18812460312499998 0.46275182421874994 0.22307265234375 0.4468888796875 0.25281567265625 0.45035889921875 0.2525678140625
0 0.44837603125000003 0.45209390859375 0.47564046640625 0.41441941640625 0.49646058046875 0.38715498125000003 0.49299056171875 0.38517211328125 0.47787119296874997 0.4069836609375 0.46101681484375 0.4300345015625 0.44639316328125 0.45011104062499996 0.44837603125000003 0.45209390859375
0 0.133100015625 0.65360287109375 0.14623651640625 0.634765625 0.1655694796875 0.60650975546875 0.18366315 0.57280099921875 0.20299611328124997 0.5348786484375 0.21786762343750002 0.50538348671875 0.23496986015625 0.47117901328125 0.2543028234375 0.43028236015625004 0.27239649453125 0.3918642921875 0.2890030140625 0.35468551718749997 0.31230171328125 0.30189165625 0.33064324218749996 0.25901213515625 0.32965180859375 0.25727712578125 0.3165153078125 0.28478941953125003 0.2979259203125 0.327668940625 0.2783450984375 0.37005274453125 0.26173857890624996 0.407479378125 0.24761064375 0.43796597421875 0.22703838828124998 0.47985406093750005 0.2109275859375 0.51207566640625 0.19605607578125 0.5410751109375 0.1772188296875 0.5785017453125 0.16185160234375 0.6067576140625001 0.14524508281249998 0.6325348984375 0.1301257140625 0.65186786171875 0.133100015625 0.65360287109375
3 0.3750099140625 0.9805282359374999 0.37525777265625 0.9086492703125 0.38244566953125003 0.9054271101562501 0.382693528125 0.9002220812499999 0.37550563124999997 0.90319638359375 0.37575348984375 0.893034184375 0.37352276328125 0.893034184375 0.3732749046875 0.90319638359375 0.36757415937500004 0.89947850546875 0.36633486640625 0.904683534375 0.373770621875 0.9081535531249999 0.37228347109375004 0.9805282359374999 0.3750099140625 0.9805282359374999
3 0.25504639921875 0.9800325187500001 0.25529425781250004 0.89501705234375 0.2587642765625 0.893034184375 0.2604992859375 0.8784105328124999 0.25504639921875 0.87964982578125 0.25529425781250004 0.8754362312499999 0.2535592484375 0.87469265546875 0.25306353125 0.8803934007812501 0.2481063609375 0.87865839140625 0.24984137031250003 0.8932820429687499 0.25331138984375 0.8945213359374999 0.252072096875 0.9812718117187501 0.25504639921875 0.9800325187500001
3 0.18391100859375 0.95375951796875 0.18440672578125 0.9093928460937499 0.1878767453125 0.90617068515625 0.18762888671875 0.8989827890625 0.18019313125 0.89947850546875 0.1796974140625 0.9059228265625 0.18267171640625 0.9091449875000001 0.18118456562500002 0.9527680835937501 0.18391100859375 0.95375951796875
0 0.51527319453125 0.83038140546875 0.4876746890625 0.8152173914062499 0.460076184375 0.797930415625 0.44491217031249997 0.78822544609375 0.44339576875000003 0.79065168828125 0.48160908359375 0.81430755078125 0.515576475 0.83402076875 0.51527319453125 0.83038140546875
0 0.3612068125 0.82401251953125 0.38092003124999996 0.8403896546875 0.40821525625 0.8619225546875 0.40760869531250005 0.8567667898437501 0.38546923515625 0.83978309375 0.36514945625 0.8224961179687501 0.34361655703125 0.80460258125 0.3266328609375 0.787012325 0.32299349765624996 0.78792216640625 0.34058375390625 0.80551242265625 0.3612068125 0.82401251953125
0 0.33178862578125 0.82492236015625 0.34210015546875 0.8170370726562499 0.36060025234375004 0.8033894601562499 0.37819050859375 0.7891352875 0.3763708265625 0.78731560546875 0.3609035328125 0.79914353671875 0.344829678125 0.81188130859375 0.32996894375 0.82340595859375 0.33178862578125 0.82492236015625
0 0.42155958828125 0.8130944296875 0.399420128125 0.7970205742187499 0.38668235625 0.78822544609375 0.3842561140625 0.78974184765625 0.40760869531250005 0.8070288234375 0.42155958828125 0.81825019375 0.42155958828125 0.8130944296875
0 0.40123981015625 0.813397709375 0.42186286875 0.8003566578125 0.42155958828125 0.79671729453125 0.40063324921875 0.80975834609375 0.38092003124999996 0.8218895578125001 0.3569608890625 0.8343240492187499 0.3569608890625 0.8376601320312499 0.38061675078125 0.8258322007812501 0.40123981015625 0.813397709375
0 0.47069099375 0.8479716617187499 0.4546171390625 0.8376601320312499 0.44582201093749996 0.83129124609375 0.44369904921875003 0.8334142078125 0.45492041953125 0.8409962148437501 0.47008443359375 0.850701184375 0.47069099375 0.8479716617187499
0 0.44491217031249997 0.66175756953125 0.47433035703125004 0.634765625 0.49404357499999996 0.61747864921875 0.49192061328125 0.6138392859375 0.46674835000000003 0.63749514765625 0.44339576875000003 0.65933132734375 0.44491217031249997 0.66175756953125
0 0.3642483921875 0.56631204765625 0.37461063125 0.5526527328124999 0.40083023515624994 0.51701291171875 0.4179436296875 0.49361937265625 0.415431571875 0.49330536562500005 0.38434485546874997 0.53412630625 0.36267835625 0.564113996875 0.3642483921875 0.56631204765625