1 0.18385416640625002 0.47361111093749997 0.177593428125 0.2925735015625 0.192236328125 0.29113867421875 0.191015625 0.32730765546875 0.19549153671875 0.32658427578125 0.19630533828125002 0.2846282578125 0.17638530937500002 0.25701603671875 0.17853307578125 0.20379916015625002 0.1963863828125 0.20260595625 0.19477555859375 0.24389079765625002 0.19915364609375 0.24556575781249998 0.20108462187499998 0.19544673515625 0.18001975546875 0.17217515234375 0.1825601375 0.09760404765625 0.2029639171875 0.095694921875 0.20037434921875003 0.1450159890625 0.20607096328125 0.14573936875 0.209326171875 0.0878689984375 0.18390249140624998 0.07016036640625 0.18551331640625 0.0517850328125 0.20940721640625 0.05106911015625 0.20927298125 0.0436712484375 0.18653971328125002 0.029998628125 0.1666015625 0.0234882109375 0.13956310703125002 0.0270810859375 0.13968952265625 0.03663250625 0.16090494765625002 0.04808311875 0.15960588515625002 0.0670580375 0.1396048109375 0.07039900703125 0.13987328203125 0.125525009375 0.14309493125 0.12624093203125 0.14259440078125002 0.08063520156250001 0.15927734375 0.09293265546875 0.15764973984375 0.1645472390625 0.13933919296875 0.16961089609375 0.138933634375 0.18542382578125 0.1396048109375 0.21716303906249998 0.142692225 0.21835624296875 0.14259440078125002 0.17901483125 0.15745811875 0.19568537578125 0.15642903671875 0.25135279453125003 0.14015299453125002 0.25424631328124997 0.13933919296875 0.27016066484375 0.13893229140625002 0.2954789515625 0.14300130234375 0.2954789515625 0.1421875 0.26582038671874997 0.15602213515625002 0.283904878125 0.13776041640625 0.47337247031249996 0.18385416640625002 0.47361111093749997
0 0.07135416640625 0.47361111093749997 0.1416183421875 0.1288659796875 0.1408129296875 0.12743413515625 0.07057291640624999 0.47361111093749997 0.07135416640625 0.47361111093749997
0 0.05208333359375 0.47361111093749997 0.0918411203125 0.307780475 0.10397704296875002 0.25665228359375003 0.1135846484375 0.21676105703125 0.1256443296875 0.16633256953125 0.1383966921875 0.11359297421875 0.138530928125 0.10882016015625 0.11879832500000001 0.19043528046875 0.10456937265624999 0.25057273750000003 0.08483676953125 0.3326651390625 0.07329252578124999 0.38110920234375 0.05104166640625 0.47361111093749997 0.05208333359375 0.47361111093749997
0 0.09947916640625 0.47361111093749997 0.12148303281249999 0.33982436015625 0.1412465703125 0.21928821796875 0.14014175234374998 0.220026728125 0.13369845390625 0.260118365625 0.09839454453125 0.47274723203124996 0.09947916640625 0.47361111093749997
0 0.11588541640625001 0.47361111093749997 0.1412156359375 0.29686903359375 0.14000751718749999 0.2990168 0.11484375 0.47361111093749997 0.11588541640625001 0.47361111093749997
0 0.188734965625 0.47274723203124996 0.19492381875 0.33167495859375 0.1937577734375 0.32960198984375 0.18773320859375 0.47229132109374994 0.188734965625 0.47274723203124996
0 0.1863728234375 0.47229132109374994 0.1933690921875 0.33167495859375 0.1911493765625 0.33131771250000003 0.18411458359375 0.47361111093749997 0.1863728234375 0.47229132109374994
0 0.045572916406250004 0.47361111093749997 0.0676546390625 0.38612065703125 0.09369630546874999 0.28088010703125 0.11879832500000001 0.18017373046875002 0.13947057578125 0.09450171796875 0.13947057578125 0.0902061859375 0.11920103124999999 0.173491790625 0.10067654609375001 0.249618175 0.082486346875 0.32272563828125 0.06241945859375 0.403064146875 0.044270833593749996 0.47361111093749997 0.045572916406250004 0.47361111093749997
0 0.06666666640624999 0.47361111093749997 0.07450064453125001 0.4381443296875 0.08926653749999999 0.37204085546875 0.11007302421875001 0.27777777812500004 0.108999140625 0.2784937 0.09396477656249999 0.346267659375 0.07852770625 0.41547346328124996 0.065625 0.47361111093749997 0.06666666640624999 0.47361111093749997
0 0.17960695859375 0.1964012984375 0.18229166640625 0.16680985078125 0.18631872890625 0.125047728125 0.191151203125 0.0727854140625 0.19272097500000002 0.055847716406250004 0.19195661484374998 0.056557846875 0.18940614296875 0.08042191640625 0.18470790390625 0.1295819015625 0.17880154609375 0.19138984375 0.17960695859375 0.1964012984375
0 0.20095038671875 0.19210576562499998 0.20282968203124999 0.1498663609375 0.20162156328125 0.15082092421874999 0.20001073906250003 0.191628484375 0.20095038671875 0.19210576562499998
0 0.1971917953125 0.28326651406250003 0.19813144296875002 0.24723176796875 0.19746026640625 0.24747040859374997 0.19598367734375 0.28231195078125004 0.1971917953125 0.28326651406250003
0 0.19558097109375 0.28135738828125 0.196923325 0.24747040859374997 0.19598367734375 0.24675448671875003 0.1945070875 0.28159602890625 0.19558097109375 0.28135738828125
0 0.053332321875 0.475229234375 0.093090109375 0.30939859765625 0.10522603125 0.25827040625 0.11483363671874999 0.21837918046875 0.126731896875 0.1673184109375 0.13962631484375002 0.11439230468749999 0.13977991640625 0.11043828359375 0.12004731328125 0.19205340390625 0.10581836171875 0.2521908609375 0.08634203046875 0.33407497265625 0.07454151406250001 0.382727325 0.05229065546875 0.475229234375 0.053332321875 0.475229234375
0 0.13185173984375 0.17922959375 0.14095368125000002 0.150800071875 0.146705603125 0.13248381874999998 0.1530263953125 0.1120325421875 0.15839906953125 0.094727615625 0.1579566140625 0.09304207109375 0.15144619765625 0.11484178359375 0.14575748359375001 0.13248381874999998 0.1376036609375 0.15866594765625 0.13121966015625 0.178892484375 0.13185173984375 0.17922959375
0 0.1315989078125 0.14720424296875 0.1358338390625 0.13686623515625002 0.13987914609375002 0.1268653359375 0.139436690625 0.12551690078125 0.1358338390625 0.13473121171875 0.1315989078125 0.145293959375 0.1315989078125 0.14720424296875
0 0.14354520625 0.12192107187500001 0.14980279140625 0.1046161453125 0.154733009375 0.09000809062500001 0.15441697031249998 0.08910913359375 0.148475425 0.10573984140624999 0.1433555828125 0.11933656953125 0.14354520625 0.12192107187500001
3 0.12860082265625 0.28768480390625 0.12817215390625 0.23491083671875002 0.12752914921875 0.18270842890625 0.13149434140625 0.18327998750000002 0.132030178125 0.18004115234375 0.1278506515625 0.177754915625 0.12710048046875 0.1503200734375 0.1309585046875 0.15203475078125 0.1309585046875 0.14822435625 0.12742198203125 0.14536656015625 0.1269933125 0.1165980796875 0.12549296953125 0.1160265203125 0.1257073046875 0.13812681015625 0.12613597421875 0.17737387578125 0.12625064296875 0.23548239609375 0.12752914921875 0.31988263984375 0.12913666015625 0.32045419921875 0.12860082265625 0.28768480390625
0 0.15689300390625 0.21357262578124997 0.156464334375 0.2118579484375 0.14885545234375 0.25110501484375003 0.1499271265625 0.25110501484375003 0.15689300390625 0.21357262578124997