0 0 0.08702042109375 0.31327351484375 0.0009668937500000001 0.2958984375 0 0 0.0810546875 0 0.08702042109375
0 0 0.2548828125 0.30167079218750004 0.18370977734375 0.68456064375 0.09282178203125 0.99880105234375 0.01353651015625 0.9990234375 0.005859375 0.7087329828125 0.07735148515625 0.32874381171875 0.16727258671875 0 0.243657178125 0 0.2548828125
0 0.001992984375 0.43513499140625 0.37960542343750003 0.36668591953125 0.7398315906249999 0.29600863359375 0.99783415859375 0.245590965625 0.99783415859375 0.24172339140625 0.8382478109375 0.27320950859375 0.6759940421875 0.30588825390625 0.27586940625 0.38226532109375 0.00037998515625000003 0.43242339531249996 0.001992984375 0.43513499140625
0 0 0.7632625117187499 0.1331499890625 0.75296822890625 0.37695845 0.7317097257812499 0.72573077109375 0.6971646578125 0.9986434523437501 0.66856532734375 0.9986434523437501 0.66172938984375 0.8160794109375 0.68387809296875 0.5403831945312499 0.7111155499999999 0.25339339921875 0.7376886796875 0 0.75935315234375 0 0.7632625117187499
0 0 0.9716796875 0.2823394984375 0.96327593515625 0.546742134375 0.95463966875 0.78523596953125 0.9453390734375 0.9990234375 0.9365234375 0.9990234375 0.9267578125 0.69820897109375 0.93936011875 0.48894557812499995 0.9479963859374999 0.2416578390625 0.95804091640625 0.00132865625 0.9639402632812499 0 0.9716796875
0 0.0007599710937500001 0.636475559375 0.09765625 0.6244685375000001 0.25975233828125 0.60055272109375 0.4597151359375 0.5699936226562501 0.60121704921875 0.545413478125 0.7185524078125 0.52475984921875 0.8390465562499999 0.5042251273437499 0.83786782578125 0.50006079765625 0.65768494921875 0.53279124140625 0.48334143984375 0.56313837578125 0.27852930468750003 0.5946771640625 0.13071498046875002 0.61671631796875 0.0007599710937500001 0.6341956468750001 0.0007599710937500001 0.636475559375
0 0 0.6845703125 0.15313411953125 0.66725437734375 0.28802893984375 0.6512949906250001 0.5331195281250001 0.6186162453125 0.70297300546875 0.59315722265625 0.8374878406249999 0.572258025 0.83900778203125 0.56883815625 0.629635821875 0.6007569312500001 0.50223214296875 0.61981823984375 0.37504559843749996 0.63723553046875 0.2591500484375 0.65167497578125 0.12691512656249998 0.66649440625 0 0.68055386640625 0 0.6845703125
0 0.00113995625 0.75123115234375 0.148194309375 0.7398315906249999 0.29296875 0.72653210078125 0.45636247578125 0.70981274296875 0.63974808671875 0.6902370320312501 0.7542710359375 0.6759940421875 0.8420476656250001 0.6657344359375 0.8416676796875 0.66155459609375 0.76719053984375 0.6710542312500001 0.6037968140625 0.6904334875 0.3302073203125 0.72007234921875 0.17023346328125 0.73451179453125 0.001992984375 0.74736926015625 0.00113995625 0.75123115234375
0 0.8599069796875 0.66497446484375 0.91082502421875 0.66383450859375 0.99822166796875 0.66269455234375 0.99708171171875 0.65965466953125 0.9397039156250001 0.66041463984375 0.8587670234375 0.66079462578125 0.8599069796875 0.66497446484375
0 0.8580070523437501 0.57073808359375 0.94236381328125 0.56883815625 0.9990234375 0.56640625 0.9986016539062501 0.56427833203125 0.9305842656250001 0.56617825859375 0.8564871109375 0.5669382296875 0.8580070523437501 0.57073808359375
0 0.8545871835937501 0.5008207687499999 0.92792436796875 0.49854085625 0.9990234375 0.494140625 0.9989816390625 0.49170111875 0.9180447468749999 0.49588095781249997 0.85496716953125 0.4974009 0.8545871835937501 0.5008207687499999
3 0.86495535703125 0.92215401796875 0.8621651789062501 0.76171875 0.85379464296875 0.55106026796875 0.8510044640625001 0.48130580390625 0.8370535710937499 0.47712053593750003 0.8426339289062501 0.62220982109375 0.8510044640625001 0.84542410703125 0.8523995539062501 0.9946986609374999 0.8677455359374999 0.99609375 0.86495535703125 0.92215401796875