0 0 0.04125412578125 0.08353960390625001 0.00045837890625 0.07890625 0 0 0.038425925781249995 0 0.04125412578125
0 0 0.12083333359375 0.08044554453125 0.0870920421875 0.1825495046875 0.04400440078125 0.266346946875 0.00641730859375 0.26640625 0.002777778125 0.18899546171874998 0.03667033359375 0.08766501640624999 0.079299596875 0 0.11551155078125 0 0.12083333359375
0 0.0005314625 0.20628621796875 0.1012281125 0.1738362875 0.19728842421874998 0.14033001875 0.26608910859375 0.116428309375 0.26608910859375 0.11459479296875 0.22353275 0.12952154453125 0.18026507812499998 0.145013690625 0.07356517500000001 0.181222078125 0.00010132968750000001 0.2050007203125 0.0005314625 0.20628621796875
0 0 0.36184296875 0.0355066640625 0.35696271562500004 0.100522253125 0.3468846109375 0.19352820546875 0.33050768984375 0.26630492031249997 0.31694948828124997 0.26630492031249997 0.31370874765625 0.21762117656250002 0.3242088734375 0.14410218515625 0.33712144609375 0.0675715734375 0.34971907734375 0 0.3599896421875 0 0.36184296875
0 0 0.4606481484375 0.0752905328125 0.456664146875 0.14579790234375 0.4525699171875 0.20939625859375002 0.44816074609375 0.26640625 0.44398148125 0.26640625 0.4393518515625 0.18618905859374998 0.44532627890625004 0.1303854875 0.44942050859375 0.064442090625 0.45418236015625 0.00035430859375 0.45697908828125 0 0.4606481484375
0 0.00020265859375 0.30173656171875 0.026041666406250004 0.29604434375 0.069267290625 0.284706475 0.122590703125 0.27021919843750003 0.160324546875 0.25856638984375 0.191613975 0.24877503984375 0.2237457484375 0.23904006015624998 0.2234314203125 0.237065859375 0.175382653125 0.25258251484375 0.12889105078125002 0.26696930390625 0.07427448125 0.28192102578125 0.034857328124999996 0.2923692171875 0.00020265859375 0.3006557140625 0.00020265859375 0.30173656171875
0 0 0.32453703671875 0.040835765625 0.31632800078125 0.0768077171875 0.30876206953124996 0.1421652078125 0.29326992343749997 0.18745946796875 0.2812004609375 0.22333009062500003 0.27129269375 0.22373540859375002 0.26967142265625 0.1679028859375 0.2848032859375 0.13392857109375 0.2938397578125 0.100012159375 0.30209684375 0.06910667968749999 0.3089422109375 0.03384403359375 0.31596771874999996 0 0.32263294453125 0 0.32453703671875
0 0.00030398828125 0.35613921328125003 0.0395184828125 0.35073497656249997 0.078125 0.3444300328125 0.12169666015625 0.33650381875 0.17059948984375 0.32722348203124996 0.20113894296875 0.32047124921875 0.22454604374999998 0.31560743593749996 0.22444471484375 0.3136258828125 0.20458414375 0.31812941328125 0.16101248359375 0.32731661640625 0.08805528515625 0.34136763203125 0.04539558984375 0.34821299921875004 0.0005314625 0.35430838984375 0.00030398828125 0.35613921328125003
0 0.22930852812500002 0.31524715390625 0.2428866734375 0.3147067296875 0.26619244453125 0.31416630625 0.26588845625 0.3127251765625 0.2505877109375 0.313085459375 0.22900453984375 0.3132656 0.22930852812500002 0.31524715390625
0 0.22880188046875 0.27057212890625004 0.2512970171875 0.26967142265625 0.26640625 0.26851851875 0.26629377421875 0.26750972734375 0.24815580390625 0.26841043359375 0.22839656328125 0.26877071640625 0.22880188046875 0.27057212890625004
0 0.227889915625 0.2374261421875 0.2474464984375 0.23634529453125 0.26640625 0.234259259375 0.26639510390625 0.23310275234375002 0.24481193281250002 0.23508430625 0.2279912453125 0.23580487109375 0.227889915625 0.2374261421875
3 0.23065476171875 0.4371693125 0.2299107140625 0.3611111109375 0.22767857109374998 0.26124338593749996 0.22693452343749998 0.228174603125 0.2232142859375 0.22619047656250002 0.22470238125000003 0.29497354531250003 0.22693452343749998 0.40079365078125007 0.22730654765625 0.471560846875 0.231398809375 0.47222222187499996 0.23065476171875 0.4371693125