1 0.15911458359375 0 0.15661193515625 0.056348085156250005 0.13895656796875 0.06105618359375 0.13895656796875 0.10421374765625 0.14248764140625 0.10342906484375 0.14157863828125 0.069770475 0.15572916640625 0.092443503125 0.1408129296875 0.23362924765624998 0.12748057890625 0.37257532968749996 0.15263947734375 0.33098713125 0.17338453359375 0.41024011328125 0.18132944921875 0.290183615625 0.1822122171875 0.25722693046875 0.17752347421875 0.10085202578125001 0.19207257421875 0.098678490625 0.1897157484375 0.13324701796875 0.1931729265625 0.13454181875 0.1957345546875 0.09977650078125 0.19488458515625 0.091505825 0.17691560703125 0.06262554921874999 0.17956391249999998 0.0084824234375 0.19986758437500002 0.00769773984375 0.19635172109375001 0.04999130625 0.20050860703125 0.0510780734375 0.20364583359375002 0 0.15911458359375 0
0 0.0390625 0.47361111093749997 0.060137457031249994 0.35867697578125 0.08255476796875 0.23792478046875 0.0993341921875 0.14652539140625 0.12630208359375 0 0.1252416234375 0.000238640625 0.11275773203124999 0.067773959375 0.10134772343750001 0.12934326093749998 0.0892247265625 0.194292653125 0.07396941484375 0.27777777812500004 0.05522310859375 0.37890727578125 0.0375 0.47361111093749997 0.0390625 0.47361111093749997
0 0.06953125 0.47361111093749997 0.0889980671875 0.35199503593750003 0.10819372890625001 0.22957235625 0.12282538671875001 0.13793432578125 0.1410814 0.02267086640625 0.14000751718749999 0.021239022656250002 0.12551009453125 0.11550210000000001 0.10564325625 0.23887934296875 0.097857603125 0.28875525 0.082286296875 0.385404734375 0.06822916640625 0.47361111093749997 0.06953125 0.47361111093749997
0 0.0875 0.47361111093749997 0.10107925234375 0.3799159984375 0.12161726796875001 0.23792478046875 0.14024077890625 0.10853066171875 0.1392021046875 0.10738831640624999 0.11973797265625 0.24365215703124998 0.10322701875 0.35772241328125 0.08645833359375 0.47361111093749997 0.0875 0.47361111093749997
0 0.12552083359375 0.47361111093749997 0.13933633984375 0.35414280234375 0.13785975078124998 0.35557464687499996 0.12421875 0.47361111093749997 0.12552083359375 0.47361111093749997
0 0.1664959015625 0.47282938671875 0.17119193984375 0.40831815390625004 0.16884392109375 0.40224650859375 0.16393442656249999 0.47282938671875 0.1664959015625 0.47282938671875
0 0.01432291640625 0.47361111093749997 0.03503543828125 0.37657502890625 0.046819592187499995 0.3207906484375 0.07060781796875 0.21024245859375 0.097336065625 0.08614146953125 0.115625 0 0.11436855703125 0.000715921875 0.10416666640625001 0.04939862578125 0.0812124140625 0.15583237890624999 0.0569158078125 0.2691867125 0.0324135640625 0.38350407109375 0.01328125 0.47361111093749997 0.01432291640625 0.47361111093749997
0 0.1830304375 0.25774888359375 0.192080378125 0.13954557421875 0.19060283671875 0.13741134765625002 0.18181573281250002 0.24904214531250002 0.1830304375 0.25774888359375
0 0.030474290625 0.47346992343750005 0.04829713359375 0.38613081171874997 0.07720153671874999 0.24527186796875 0.11127733437500001 0.07486209609375 0.11007683203125 0.07880220624999999 0.09779476953125 0.13872471796875002 0.07073729296875 0.2718676125 0.04672724609375 0.38925006562500003 0.029427083593749997 0.47361111093749997 0.030474290625 0.47346992343750005
0 0.00677083359375 0.47361111093749997 0.0229942375 0.40336879453124996 0.04321808515625 0.31258208593750003 0.0658429375 0.21112424453125 0.0868979015625 0.116561596875 0.10767582734375 0.021834778125000003 0.10647532500000001 0.021834778125000003 0.08837544296875 0.1049054375 0.0644577421875 0.2126017859375 0.03222887109375 0.35674415546875 0.00627955078125 0.47297741015624994 0.00677083359375 0.47361111093749997
0 0.01616060859375 0.47330575234375 0.01726876484375 0.468052271875 0.0229942375 0.4416206984375 0.03305998828125 0.39499606015625 0.040078309374999996 0.36314683515625 0.0473736703125 0.32899921171875 0.06002511796875 0.270882584375 0.06852098125 0.23148148124999998 0.07609338046875 0.19634883125 0.08551270703125 0.1523509328125 0.0949320328125 0.10900971875000001 0.10518247656249999 0.060415025 0.104351359375 0.059594168749999996 0.09576314999999999 0.099816128125 0.092531028125 0.11557656953124999 0.08080304375 0.1699172578125 0.07055260078125 0.21736275312500003 0.05716238203125 0.278598634375 0.04802009453125 0.3209548203125 0.0352763 0.37989230390625 0.025118203125 0.42668111406250003 0.015329491406250001 0.47330575234375 0.01616060859375 0.47330575234375
0 0.15025919375000002 0.0562945578125 0.15735035234375 0.018040340625 0.157228090625 0.014127978125000001 0.1487920578125 0.05694661796875 0.15025919375000002 0.0562945578125
0 0.1961071984375 0.0888975828125 0.19867468671875 0.05086071953125 0.1974520734375 0.05042601249999999 0.1945178015625 0.08802816875 0.1961071984375 0.0888975828125