2 0.2952637890625 0.46429523046875004 0.3005095921875 0.47928323984375 0.29882344140625 0.48794297890625 0.355965228125 0.603850253125 0.36514538359375004 0.60818012265625 0.36121103125 0.63382627265625 0.3688923859375 0.63316013828125 0.36776828515625 0.6091793234375 0.3737634890625 0.6011857179687501 0.3786345921875 0.6055155875 0.4367131296875 0.5062616570312499 0.43596372890625 0.4989341859375 0.44064748203125 0.48827604609374997 0.44252098359375003 0.47928323984375 0.415355215625 0.4599653609375 0.39980515625 0.45430322421874997 0.29170413671875 0.44197974921874994 0.29957284140625 0.15620836640625 0.30425659453125 0.15620836640625 0.30912769765625 0.1711963765625 0.30744154687499997 0.17918998125000002 0.36046163046875 0.294431121875 0.36458333359375 0.29209965390625003 0.36945443671875 0.30009325859375 0.3690797359375 0.3114175328125 0.366269484375 0.324407140625 0.3683303359375 0.3280708765625 0.3735761390625 0.32140953906249997 0.3717026375 0.3127498 0.37226468828125003 0.30275779375 0.37694844140625 0.2964295234375 0.38200689453125 0.3007593921875 0.43821193046875007 0.21915800703125 0.43764988046875003 0.21149746875000003 0.44115538984375 0.203024125 0.44345773359375 0.19484412499999998 0.41441846484375 0.16953104218749998 0.39624550390625 0.16153743671875 0.29971808125 0.134641521875 0.303103375 0.000854625 0.28627098359375 0.00099920078125 0.2804631296875 0.1265654140625 0.16655425625 0.08426592031249999 0.14500899296875 0.0816013859375 0.10697691875 0.08526512109375 0.10791366875 0.09792166249999999 0.1195293765625 0.12290167890624999 0.1195293765625 0.13755662109375 0.17498501171875 0.24413802265625 0.1807387234375 0.239339109375 0.18706995390625 0.248895684375 0.184919725 0.26206252109375 0.1834157671875 0.273780975 0.1882868703125 0.27544630937500003 0.18978567109375 0.26745270468750004 0.19125095546874998 0.24783384296875002 0.19671762578125002 0.24380495624999998 0.20158872890625 0.2484678921875 0.2611660671875 0.17685851328125 0.2611660671875 0.16786570781250001 0.27484262578125 0.14654942734375 0.27896432890625 0.148547828125 0.26772332109375 0.43731681328125005 0.15006744609375 0.41366906484375 0.12533723046875 0.41466826562500003 0.102855215625 0.41966426874999996 0.08412020390625 0.42532640546874995 0.0859937046875 0.43565147890624994 0.09910821328125 0.46296296328125 0.0996702640625 0.47162270156249997 0.09835881328125 0.4782840390625 0.1583108515625 0.58320010625 0.16280725390625 0.5785371703125 0.170675959375 0.5881961101562501 0.16599220625 0.61317612578125 0.1688024578125 0.6158406609375 0.17292416093750002 0.612176925 0.1734862109375 0.5868638421875 0.180980215625 0.5778710367187501 0.18528926875 0.5825339726562501 0.24786420859375 0.49393818281249996 0.24730215859375 0.48494537734375004 0.2611660671875 0.45963229453125 0.2662245203125 0.46029842812500005 0.24430455625 0.9988675726562499 0.27428057578125 0.99953370625 0.27746552734374996 0.9725552890625 0.2877723625 0.55088345234375 0.2904004203125 0.46402480468749996 0.2952637890625 0.46429523046875004
0 0.16652331796875 0.4162419296875 0.16747897578124998 0.41645429843750004 0.1871894109375 0.2758664625 0.18468081015624999 0.274592253125 0.16652331796875 0.4162419296875
0 0.23329988515625 0.0008494734375 0.22923834062499998 0 0.21323107812500003 0.10108732578124999 0.21597859296875002 0.10193679921875001 0.23329988515625 0.0008494734375
0 0.20236047421875 0.00042473671875 0.1998518734375 0.00042473671875 0.19029529843749998 0.09259259296875 0.19172878437500002 0.09301732890625 0.20236047421875 0.00042473671875
0 0.33555523671875 0.14356099218750001 0.33686926640625 0.14398572890625 0.37198967890625 0.0435355078125 0.37031727812500004 0.040774719531249996 0.33555523671875 0.14356099218750001
0 0.71315940390625 0 0.60457282109375 0.1021491671875 0.50972381484375 0.190282025 0.41845852421874996 0.27416751640625 0.37294533671874996 0.31388039453125 0.37342316484375 0.31770302421875 0.47460340234375 0.22702174687499999 0.5677800078125 0.14143730859375 0.6686018734375 0.048632347656250005 0.72116303515625 0 0.71315940390625 0
0 0.30198776796875004 0.44300033984375 0.30318233906250003 0.44278797109375 0.3673308484375 0.32704723046875 0.36565844765625 0.32492354765625 0.30198776796875004 0.44300033984375
0 0.8792048929687499 0.864551478125 0.75747801953125 0.80933571171875 0.63885703359375 0.75560652421875 0.5188025609375 0.7006031257812501 0.40364583359374995 0.64538736015625 0.3688837921875 0.6275484203125 0.36912270625 0.6322205234375 0.45405676640625003 0.67384471640625 0.5790089828125 0.734582059375 0.7087394875 0.7934080867187501 0.8298690750000001 0.8481991164062499 0.943472859375 0.90065409453125 0.9993788226562501 0.9263506625 0.99973719453125 0.91806829765625 0.8792048929687499 0.864551478125
0 0.28478593281250003 0.67851681953125 0.28502484687499996 0.680640503125 0.3613579890625 0.632857628125 0.36183581796875003 0.62797315703125 0.28478593281250003 0.67851681953125
0 0.17015360156249998 0.6151914625 0.248057909375 0.9047394851562499 0.2487199859375 0.88080665390625 0.19331543984375 0.6893319703125 0.17236052265625 0.6144067796875 0.17015360156249998 0.6151914625
0 0.15577070546875 0.41439445546875 0.156889059375 0.41411042968749995 0.17542177890625 0.24596682578125 0.17414366015625 0.24568279921874997 0.15577070546875 0.41439445546875
0 0.23613241328124998 0.429447853125 0.23677147265624998 0.43001590546874996 0.27128067499999997 0.33231083828124997 0.27128067499999997 0.33089070703125 0.23613241328124998 0.429447853125