0 0.4984445703125 0.9986598234375 0.50078125 0.9989510078125001 0.49874736249999996 0.3568917015625 0.4964398734375 0.35806376015625 0.4984445703125 0.9986598234375
0 0.447303921875 0.6305513656249999 0.44789309921875003 0.635788503125 0.44860011328124993 0.9992458523437501 0.4508389890625 0.99882688125 0.45060331796875 0.63725490234375 0.45131033203125004 0.62761856875 0.4509493671875 0.32524613203124997 0.44765295390625 0.324660103125 0.447303921875 0.6305513656249999
0 0.43281014296875 0.5832924968750001 0.43328148593750004 0.59020551875 0.43387066328125 0.9982832796875 0.43681655390624996 0.9978643085937501 0.436463046875 0.5887391203125001 0.43693438906250004 0.5818260984375 0.43644514765625003 0.32876230624999997 0.4324894515625 0.33052039375 0.43281014296875 0.5832924968750001
0 0.41266025624999997 0.5304172953124999 0.41383861250000004 0.536492375 0.41395644765624995 0.9992458523437501 0.417491515625 0.9994553375 0.417138009375 0.53293112109375 0.418669871875 0.5272750125 0.41798523203125004 0.26957337109375 0.4127109703125 0.26781528359375 0.41266025624999997 0.5304172953124999
0 0.63466251875 0.82579185546875 0.6352516968749999 0.8327048765624999 0.6361943812499999 0.9992458523437501 0.6399651203125 0.9990363664062499 0.634889240625 0.3527894984375 0.63093354453125 0.35630567265625 0.63466251875 0.82579185546875
0 0.72127168203125 0.62887548203125 0.72221436640625 0.63327467734375 0.72645644765625 0.9986173953125 0.7294023375 0.9994553375 0.72445324296875 0.63788335859375 0.72492458515625 0.6299229093750001 0.7202663499999999 0.2936005625 0.717299578125 0.29477262109375 0.72127168203125 0.62887548203125
0 0.7583898945312499 0.58697838125 0.75945041484375 0.5943103734374999 0.76051093515625 0.67328640859375 0.7629854828125 0.8549103398437501 0.7649886875 0.9992458523437501 0.7684059203125 0.9992458523437501 0.7673454000000001 0.9252974695312499 0.76439951015625 0.7369700015625 0.7626319757812501 0.60331825 0.76310331796875 0.58886375078125 0.7588343882812499 0.30649320234375 0.7548786921875 0.30707923125000003 0.7583898945312499 0.58697838125
0 0.79291572421875 0.76210826171875 0.796875 0.9995370367187499 0.79947916640625 0.9995370367187499 0.79668646328125 0.8412937828124999 0.79291572421875 0.6106502429687499 0.7868923609375 0.163580246875 0.78255208359375 0.1643518515625 0.79291572421875 0.76210826171875
0 0.81495098046875 0.52559912890625 0.81660067890625 0.53439751953125 0.8188395546875 0.68543656796875 0.8193108976562501 0.713507625 0.82261029375 0.89890229609375 0.8239583335937499 0.9995370367187499 0.828125 0.9995370367187499 0.8250848414062499 0.8268392828125 0.8214319382812499 0.61148818515625 0.820135746875 0.52685604140625 0.82096059609375 0.5165912515625 0.81718090703125 0.24144397578125001 0.8112473625 0.240857946875 0.81495098046875 0.52559912890625
0 0.7502604164062501 0 0.7532051281250001 0.21241830078124999 0.7569758671875 0.21241830078124999 0.75260416640625 0 0.7502604164062501 0
0 0.7131076390625 0 0.71620475078125 0.21451315546875 0.71891496953125 0.2143036703125 0.71640625 0 0.7131076390625 0
2 0.56607295234375 0.651782328125 0.57691623984375 0.6309252937500001 0.58100469296875 0.6072241179687501 0.5825156429687499 0.60374794609375 0.5822490046875 0.6009038046875 0.5982472984375 0.5087852359375 0.59966936875 0.5049930476562501 0.60029152421875 0.49962078125 0.60482437421875 0.47639362890625003 0.6063353242187499 0.47260144140625 0.6081129125 0.46501706484375005 0.630866040625 0.46375300234375 0.63042164375 0.4680192140625 0.6318437140625 0.47196940937500004 0.633887940625 0.47512956640625 0.6365543234375 0.47923777031250003 0.67472662109375 0.48998659296874997 0.71041311171875 0.49693464765625006 0.7121907000000001 0.49582859296875004 0.7139682875 0.49472253828125 0.7149459609375 0.49282644453125 0.71610139375 0.489982303125 0.71770122265625 0.48445202890625005 0.71734570546875 0.49251042890625 0.71867889609375 0.49677663984375 0.71938993203125 0.50609910234375 0.7194788109375 0.4920364046875 0.72365614296875 0.49266843671875 0.72481157578125 0.50420300859375 0.72525597265625 0.49709265546875 0.72587812890625 0.4907723421875 0.7281001140625001 0.48713816171874996 0.7281001140625001 0.48540007578125 0.7266780429687499 0.48366198984375003 0.7308553757812499 0.48160788749999994 0.73129977265625 0.48381999765624994 0.7316552898437501 0.48682214609374996 0.73272184296875 0.4898242953125 0.7335217578125001 0.49219441249999996 0.73476606953125 0.49440652265624996 0.7363658984375 0.49519656171875 0.7543195390624999 0.49156238124999996 0.8315557453125001 0.46975730000000004 0.83280005703125 0.46912526874999994 0.83413324765625 0.46659714296875 0.8349331624999999 0.46454304140625 0.8351998007812499 0.462014915625 0.83582195703125 0.45664264921875003 0.83715514765625 0.44969030468750004 0.8636412117187501 0.45032233593750004 0.8644411265624999 0.44763620312499997 0.8652410406250001 0.4422639359375 0.8634634531250001 0.43673366171875 0.6154829546875 0.44343434375 0.6154829546875 0.390824915625 0.64152462109375 0.38872053906250004 0.6628314390625001 0.409764309375 0.70071022734375 0.41607744140624997 0.75397727265625 0.4265993265625 0.8195570249999999 0.41966881562499997 0.89439348671875 0.40465807109374996 0.896171075 0.40323600078125 0.89785978359375 0.4005498671875 0.8989263367187499 0.39928580468749997 0.90043728671875 0.39580963203124997 0.90132608046875 0.39012135 0.9027481515625 0.38711920078125 0.9060366890625 0.38206295 0.9375 0.3815889265625 0.9380332765625001 0.377954746875 0.9391887085937499 0.3703703703125 0.9383887937500001 0.36721021328125 0.93678896484375 0.36436607265625 0.9161689421875 0.36278599453125 0.8698627703125 0.35725571953125 0.818552928125 0.3547297296875 0.6358781648437499 0.35513361484375 0.63686708828125 0.27777777812500004 0.6454377640625 0.25785278984375004 0.67906118125 0.2537505859375 0.67906118125 0.26488513828125 0.6823575953125001 0.27777777812500004 0.70576213046875 0.287740271875 0.78428819453125 0.31481481484375 0.7990506328125 0.31528363828125 0.815530303125 0.31717171718750004 0.83964377109375 0.31301352578124997 0.86968501171875 0.30685121953125 0.9396331054687501 0.28552016171875 0.9962492890625001 0.26561117421875 0.9982046359375 0.26450511953125 0.9997395835937499 0.26203703671875 0.9997395835937499 0.20416666640624997 0.9390998296875 0.20367210234375 0.85964163828125 0.20762229843750002 0.78844923203125 0.2114144859375 0.6512773375 0.21849338046875003 0.6534414109375 0.2114144859375 0.653796928125 0.2084123375 0.6527303757812499 0.20699026640625 0.6520193398437499 0.2014599921875 0.65415244609375 0.19592971796875 0.6545079632812499 0.19308557734375 0.6538858078125 0.19118948281249998 0.65370804921875 0.18850335000000001 0.65699658671875 0.18328909140625 0.6577965015625 0.177600809375 0.6597518484375 0.17475666796875 0.6606406429687499 0.16606623671875 0.6615294367187501 0.16021994687500002 0.7598300625000001 0.12324611328124999 0.7788502562499999 0.11550372890625 0.7776948234375001 0.11929591718749999 0.7780503414062501 0.12688029296875 0.776272753125 0.1308304890625 0.77751706484375 0.148685375 0.78293870859375 0.1616420171875 0.78240543203125 0.14520920234375 0.78658276484375 0.14536721015625 0.7874715585937501 0.16259006484375 0.7887158703125 0.16527619765624998 0.78951578515625 0.1581658453125 0.79093785546875 0.1501074453125 0.79156001171875 0.14078498281250001 0.79191552890625 0.131620528125 0.79004906171875 0.12340412109375001 0.7902268203125 0.11929591718749999 0.7915016968749999 0.11207474453124999 0.79126602578125 0.0948969328125 0.79055901171875 0.0904977375 0.7882714734375 0.09275060078125 0.7872049203125 0.090222475 0.78658276484375 0.09338263203125 0.7328996015625 0.1087093921875 0.6940592999999999 0.12040197187499999 0.6603740046875 0.132252559375 0.6602851249999999 0.12293009765625 0.6555194195312499 0.11500754140625 0.65015287265625 0.10823536874999999 0.6494418375000001 0.09606876484375 0.6409094140625 0.09606876484375 0.6404650171874999 0.09891290625 0.64162044921875 0.102389078125 0.64055389609375 0.10381114921875001 0.63522113203125 0.10428517265625 0.6350433734375 0.09749083515625 0.6268664671875 0.09780685156249999 0.62784414140625 0.101757046875 0.626955346875 0.10412716484375 0.626955346875 0.1093414234375 0.6254443968750001 0.11076349375000001 0.6244667234375 0.111711540625 0.62464448203125 0.11423966640625001 0.61840120625 0.12715770078125 0.61780076796875 0.13335861484375 0.61604449453125 0.137422490625 0.590002828125 0.13511815 0.5365054671875 0.1336517515625 0.5317655007812501 0.130356465625 0.5264327359375 0.12451017578125001 0.52163324765625 0.1183478703125 0.51727815703125 0.111079509375 0.51336746328125 0.10396915703125001 0.5101678046875 0.09701681171875 0.50740007578125 0.08777442578125 0.510699471875 0.08630802734375001 0.50940328046875 0.07520529609375 0.50581271328125 0.07078751093749999 0.50430176328125 0.06462520546875 0.5042128835937499 0.06051700156249999 0.50465728125 0.05719883671875 0.505990471875 0.056724813281249994 0.50776806015625 0.0518265703125 0.50687926640625 0.048824421875 0.50234641640625 0.047876375 0.5016353812500001 0.0412400453125 0.50136874296875 0.0203830109375 0.50287969296875 0.018960940625 0.503590728125 0.01690683828125 0.5040351249999999 0.01422070546875 0.5035018484375 0.01248261875 0.50234641640625 0.0110605484375 0.50145762265625 0.0104285171875 0.5012798632812501 0.00505625078125 0.5030574515625 0.00474023515625 0.5041240046875 0.0023701171875 0.503590728125 0 0.49132536953125 0.0004740234375 0.49102092734375 0.02073906484375 0.49361331093749994 0.02220546328125 0.49230304296874994 0.05514473515625 0.49043657578125 0.059568954687499995 0.49132536953125 0.06351915078125 0.49283631953124996 0.06588926796875 0.49470278749999996 0.068733409375 0.49396681718749996 0.12778615703125001 0.49248080234374997 0.1305144734375 0.49381399296875 0.13414865390625 0.49219928359375 0.143288084375 0.492747440625 0.14852736718749998 0.49576933984375 0.1523195546875 0.49479166640625005 0.15405764140625 0.49301407812500003 0.15721779765625 0.49292519921875 0.1603779546875 0.49141424921875 0.158955884375 0.49185864609375 0.17286057421875 0.4931029578125 0.17412463671875 0.4937251140625 0.17665276171875 0.49496942578125 0.17665276171875 0.49532494296875 0.16448615859375 0.4987023609375 0.16385412734375 0.49888011953125 0.17665276171875 0.50074658671875 0.1790228796875 0.5004799484375 0.16464416640625 0.501190984375 0.15484768046875 0.57185614609375 0.16088486640625 0.57807167265625 0.16322209609375 0.5831355484375 0.16291608046875 0.59071729921875 0.163502109375 0.59665084375 0.16584622578125 0.6039029539062499 0.16584622578125 0.61247362890625 0.165260196875 0.60446885703125 0.19308557734375 0.60224687109375 0.19529768671875 0.6019802335937501 0.2001959296875 0.605535409375 0.20383011015625 0.60378959296875 0.21912183671875002 0.60166855234375 0.2218451484375 0.56125094296875 0.22519691640625 0.5334417421875 0.22666331484375002 0.5294546359375001 0.22563519140625 0.52234428359375 0.221210971875 0.516567121875 0.21726077578125 0.51132323671875 0.21536468203124998 0.5072347835937501 0.21441663515624998 0.50394624609375 0.21552268984374998 0.501013225 0.21757679218749998 0.49888011953125 0.2207369484375 0.49888011953125 0.22958538750000002 0.49231711953125 0.22938662656250003 0.4918457765625 0.23148148124999998 0.4259990046875 0.23732777109374997 0.37951507421874997 0.24206800624999997 0.33427545468750003 0.24601820234375 0.27179323125 0.25597269609375 0.2333973265625 0.26466312734374997 0.20175625703125002 0.27287953515624996 0.198023321875 0.270351409375 0.19651237187499998 0.27935785625 0.1966012515625 0.28457211484375 0.19828996015625 0.29436860078125 0.20468927734375 0.297686765625 0.2050447953125 0.29610668671874996 0.21633248046875 0.29326254609375 0.21846558593749998 0.29831879687499996 0.21917662109374997 0.30226899218750003 0.21979877734375003 0.30653520390625 0.22095420937500002 0.310169384375 0.222465159375 0.31364555703125 0.22459826484374998 0.31617368203125 0.22726464765625 0.3180697765625 0.3667164390625 0.3318164578125 0.39302474374999996 0.33355454453125 0.39693543828125 0.328182278125 0.41188446953125 0.32769360234375 0.4296401515625 0.33190235703125 0.4734375 0.31927609453125 0.51013257578125 0.30875420859374997 0.542092803125 0.2982323234375 0.5823390148437501 0.27718855234375 0.59772727265625 0.25824915859375 0.5894412875 0.31296296328125 0.5823390148437501 0.35715488203125 0.355581975 0.367451690625 0.33033288046875 0.3703703703125 0.2974411234375 0.37469806796875 0.2955240328125 0.37305650390625 0.293657565625 0.37195044843749997 0.291524459375 0.371792440625 0.28939135390625 0.37305650390625 0.28736413046875 0.37590579687500003 0.27134284453125 0.3788244765625 0.26894908984375 0.37763873124999997 0.26788253671875 0.3815889265625 0.26717150156249997 0.38522310703125 0.268326934375 0.39486158515625 0.27481513046875 0.39928580468749997 0.276148321875 0.39596763984375 0.283080915625 0.39438756171875 0.2836141921875 0.398495765625 0.2842363484375 0.40244596093749996 0.28556953906250004 0.40687018046874995 0.2870804890625 0.409714321875 0.2892135953125 0.4117684234375 0.29196885703125003 0.41319049453125 0.3392527015625 0.41872076874999997 0.434375 0.42449494921875 0.5551136367187499 0.403451178125 0.57760416640625 0.390824915625 0.56813446953125 0.4455387203125 0.3676941125 0.45711667265625 0.34991823125 0.4586967515625 0.3483184015625 0.45727468046875 0.34502986328124996 0.45996081406249995 0.3418302046875 0.45616862578125 0.33969709921875 0.45632663359375 0.33765287265625 0.4586967515625 0.33560864609375 0.45632663359375 0.33391993750000004 0.45522057890624995 0.33107579609375 0.45616862578125 0.32876493203125 0.4586967515625 0.32778725859375 0.4609088609375 0.31427758828124996 0.46264694765625 0.312944396875 0.46991530781249996 0.3140998296875 0.47734167578125 0.32618742890624997 0.47528757421875 0.3264540671875 0.47749968359375006 0.3268984640625 0.4801858171875 0.32778725859375 0.48381999765624994 0.32912044921875 0.48619011484375 0.33054251953125 0.48777019375 0.3324089875 0.48903425624999997 0.40991183124999997 0.49835671875000004 0.43737556875 0.4994627734375 0.43808660390625 0.49519656171875 0.43906427734375003 0.49172038906250004 0.43941979531250003 0.48777019375 0.4398641921875 0.48587409921875 0.44484143906250007 0.48666413828125005 0.44493031875 0.49914675781250006 0.44653014765625 0.50436101640625 0.44670790703124996 0.4907723421875 0.4508852390625 0.4920364046875 0.45115187734375006 0.5013588671875 0.4523961890625 0.5045190242187501 0.45257394765625003 0.488718240625 0.45355162109374997 0.49187839687499996 0.45461817421874995 0.49456453046875 0.45639576249999997 0.4977246875 0.45879550625 0.49883074218749995 0.509012371875 0.48903425624999997 0.54900810546875 0.47939577812499995 0.55051905546875 0.4779737078125 0.551852246875 0.47702566015625003 0.5532743171875001 0.47418151953125004 0.55407423203125 0.471337378125 0.55469638828125 0.4684932375 0.56642846953125 0.46786120625 0.55247440234375 0.55555555546875 0.5411867179687501 0.6015358359375 0.5413644765625001 0.6121223609374999 0.54314206484375 0.6222348625 0.542786546875 0.63455947421875 0.55380759375 0.6522563515625001 0.56607295234375 0.651782328125
0 0.78054298671875 0.00041897109375 0.78195701328125 0.0944779625 0.78584558828125 0.09322104921874999 0.7834888765625 0.00041897109375 0.78054298671875 0.00041897109375
0 0.49655920078125 0.22938662656250003 0.49856240546875 0.22896765546875 0.4978553921875 0.1650745765625 0.4957343515625 0.1652840625 0.49655920078125 0.22938662656250003
0 0.4524886875 0.00041897109375 0.45024981171875 0.00020948515625 0.44883578437500005 0.23504273515625 0.45142816718749995 0.23420479296875 0.4524886875 0.00041897109375
0 0.43881975859375 0.00041897109375 0.43587386875 0.00020948515625 0.43445984140625005 0.23692810468749997 0.43717006015625 0.23567119140625 0.43881975859375 0.00041897109375
0 0.41996606328124997 0.10076252734374999 0.41890554296875004 0.0965728171875 0.41961255625 0.00041897109375 0.41643099531249994 0.00062845625 0.41560614609375 0.0995056140625 0.4143099546875 0.1064186359375 0.41324943437500006 0.23776604687499997 0.41914121406250004 0.23713758984375 0.41996606328124997 0.10076252734374999
0 0.813536953125 0.093430534375 0.8118872546875 0.08567957109374999 0.810473228125 0.00020948515625 0.8062311460937501 0.00020948515625 0.80858785859375 0.09112619375 0.80729166640625 0.10788503437500001 0.80835218671875 0.11689291093750001 0.8097662140624999 0.209904475 0.81565799375 0.20948550390624998 0.813536953125 0.093430534375
0 0.038395904687499996 0.792409303125 0.04452858359375 0.62033876875 0.052349971875 0.39296549140625003 0.0615934296875 0.12624826171875 0.06568188281250001 0.0001580078125 0.06363765625 0.0004740234375 0.056171785937499996 0.22373909765625002 0.04612841328125 0.5051510554687499 0.03901806015625 0.7091391734375 0.028796928125 0.9992415625 0.0314633109375 0.9990835546874999 0.038395904687499996 0.792409303125