2 0.41332799140625004 0.71818613515625 0.3115425859375 0.69716775625 0.22302350390624998 0.66951566953125 0.165491615625 0.65045167109375 0.15469385156249998 0.6380307132812499 0.14199059921874999 0.6357723578125001 0.125476371875 0.66287262890625 0.12865218515625002 0.6967479671875 0.14072027421875 0.71142728125 0.14756944453125 0.70868945859375 0.24172008515625 0.7288698953125 0.2060355390625 0.90652233125 0.22212009765625 0.9136710242187499 0.26175213671875 0.7324311492187501 0.28445512812499996 0.738366571875 0.2554381125 0.8840550109375 0.26941636015625 0.8935866015625 0.29447115390625 0.740740740625 0.31517093984375 0.7454890789062499 0.29124540468750004 0.87656590390625 0.302351409375 0.8830337687500001 0.32609528203125 0.7448257078125 0.34455128203125 0.74786324765625 0.33119658125 0.83808167109375 0.35857371796875 0.8262108265625001 0.3705929484375 0.7537986703125 0.42717860781250006 0.75433604375 0.42735042734375 0.71937321953125 0.41332799140625004 0.71818613515625
0 0.21063112734375 0.951456971875 0.27291666640625 0.9995370367187499 0.28177083359375 0.9995370367187499 0.21197150703125 0.9449891070312499 0.16027113984375002 0.924904684375 0.08540134765625 0.8966503265625001 0.00076593125 0.8649918296875001 0 0.86898148125 0.09076286796875001 0.90379901953125 0.21063112734375 0.951456971875
0 0 0.82268518515625 0.0775505515625 0.8506944445312501 0.16122855390625 0.8833741828124999 0.20354626250000002 0.90039488046875 0.25026807578125 0.91843681953125 0.26769301484375 0.9306917210937501 0.310585171875 0.96677559921875 0.34635416640625 0.9995370367187499 0.35052083359375 0.9995370367187499 0.30771292890625 0.9589460781250001 0.2623314953125 0.9194580609375 0.25811887265625 0.9167347492187499 0.21637561249999998 0.8997140523437499 0.145335478125 0.87316176484375 0.08233762265625 0.8493327882812499 0 0.81898148125 0 0.82268518515625
0 0 0.7879629632812499 0.07659313749999999 0.8163126359374999 0.13097426484375002 0.8363970585937499 0.21235447265625 0.8673747273437501 0.28779380312499997 0.89981006640625 0.3419883578125 0.9375 0.4122625609375 0.9919662312499999 0.42401175234375 0.9947768281249999 0.36764705859375 0.95213779921875 0.3033088234375 0.9000544664062501 0.23705576015625002 0.87282135078125 0.16199448515624998 0.84456699375 0.069508271875 0.80950435703125 0 0.78379629609375 0 0.7879629632812499
0 0 0.727777778125 0.059551164062499995 0.74720860546875 0.12446384765625 0.7683142703125 0.14380361484374998 0.77512254921875 0.19090839453125 0.8173338781249999 0.24069393359375 0.86022603515625 0.3033088234375 0.9153730937500001 0.39790134765624996 0.99843409609375 0.40143995078124994 0.99987745078125 0.284352021875 0.8949482570312499 0.19837622578125 0.8197167757812499 0.14322916640625 0.7713779953125 0.106272978125 0.7587826796875 0.0471047796875 0.7404003265625 0 0.72542211328125 0 0.727777778125
0 0.00287224296875 0.789419934375 0.07889093124999999 0.8163126359374999 0.12446384765625 0.8340141609374999 0.1736749390625 0.8520561000000001 0.243757659375 0.8796296296874999 0.29067095625 0.8980119828124999 0.2914368875 0.8929057734375 0.255821078125 0.8796296296874999 0.24299172812499997 0.874863834375 0.1970358453125 0.8575027234375 0.147633271875 0.8391203703125001 0.09689031875000001 0.8200571898437501 0.03504136015625 0.7969090414062501 0.0005744484375 0.7853349671875 0.00287224296875 0.789419934375
0 0.49115349296875 0.9694989109375 0.46626072265624996 0.9473720046875 0.441367953125 0.92422385625 0.4088158703125 0.89460784296875 0.3793275125 0.8690767976562499 0.35558363984375 0.84763071875 0.3423713234375 0.8350354031249999 0.340647978125 0.83707788671875 0.3619025734375 0.8554602398437501 0.40441176484375 0.89426742890625 0.4584099265625 0.942606209375 0.49766390937500005 0.9790305007812499 0.52005208359375 0.9995370367187499 0.5231770835937499 0.9995370367187499 0.49115349296875 0.9694989109375
0 0.49000459531249996 0.94975490234375 0.4674096203125 0.9296704796874999 0.44404871328124995 0.90924564296875 0.4214537375 0.89052287578125 0.39656096796875 0.8694172117187501 0.3720511640625 0.848311546875 0.351179534375 0.8316312632812499 0.34888173984375 0.83231209140625 0.36688112734375 0.84694989140625 0.3921568625 0.8683959695312501 0.42413449765625 0.8959694992187501 0.4605162375 0.92626633984375 0.49134497578124997 0.95281862734375 0.49000459531249996 0.94975490234375
0 0.40843290468750004 0.8745234203125 0.4291130515625 0.893927015625 0.45209099296875 0.9143518515625001 0.47679227968750004 0.9364787578125 0.50034466875 0.9609885617187499 0.51393995078125 0.97188180859375 0.54453125 0.9995370367187499 0.54895833359375 0.9995370367187499 0.52140778203125 0.9759667757812499 0.49383425234375 0.9511165578125 0.48023897031249996 0.9375 0.45936734062499995 0.9187772328125 0.43485753671875005 0.8949482570312499 0.4099647671875 0.87282135078125 0.38583792890625 0.8506944445312501 0.361328125 0.82856753828125 0.3592218140625 0.82890795234375 0.3823912375 0.8506944445312501 0.40843290468750004 0.8745234203125
0 0.39407169140625 0.9739242921875 0.3689874390625 0.95383986953125 0.33605238984375 0.92626633984375 0.30101102968750004 0.8990332242187501 0.300819546875 0.90311819140625 0.31518076015625 0.9136710242187499 0.351179534375 0.942606209375 0.38660386015625 0.97086056640625 0.42087928906250005 0.99877451015625 0.42708333359374995 0.9995370367187499 0.39407169140625 0.9739242921875
0 0.07218903203125 0.74244281015625 0.1173789828125 0.7581018515625 0.14188878671875 0.7669526140625 0.14188878671875 0.763548475 0.1169960171875 0.7546977125 0.08386948515625 0.74346405234375 0.047679228125 0.7315495640624999 0.0181908703125 0.72201797421875 0.000382965625 0.71589052265625 0.0009574140624999999 0.7192946625000001 0.03408394609375 0.73018790859375 0.07218903203125 0.74244281015625
0 0.061274510156249996 0.731889978125 0.09229473046875 0.7417619828124999 0.13959099296875 0.7584422656250001 0.13959099296875 0.75605936796875 0.10397518359374999 0.74346405234375 0.07065716875 0.731889978125 0.04308363984375 0.7223583875 0.00268076015625 0.70908224375 0.0005744484375 0.71112472734375 0.026041666406250004 0.7196350765624999 0.061274510156249996 0.731889978125
0 0.0591681984375 0.7240604578125 0.0955499390625 0.7369961875000001 0.11948529375000001 0.745166121875 0.14112285546875 0.75265522890625 0.14169730390625 0.7499319171875001 0.11623008593749999 0.7410811546875 0.08099724296875001 0.72882625234375 0.0503599875 0.7186138343749999 0.027573529687499997 0.7107843140625 0 0.7018518515625 0.001148896875 0.705337690625 0.02623314921875 0.71282679765625 0.0591681984375 0.7240604578125
0 0.15146292890625 0.7550381265625 0.16927083359375 0.76116557734375 0.20986519609375 0.77478213515625 0.25945925234375 0.79248366015625 0.29833026953125 0.8047385617187499 0.333946078125 0.8173338781249999 0.33432904375 0.81529139453125 0.3021599265625 0.8040577343749999 0.2634803921875 0.79146241796875 0.21867340703125 0.7758033765625 0.1834405640625 0.764229303125 0.15012254921874998 0.75231481484375 0.15146292890625 0.7550381265625
0 0.1545266546875 0.7632080609375 0.17022824765625 0.7686546843750001 0.21063112734375 0.7819308281249999 0.25620404375 0.798270696875 0.29373468125 0.81052559921875 0.3326056984375 0.824822984375 0.333180146875 0.8220996734374999 0.29679840703125 0.80950435703125 0.2630974265625 0.7979302835937501 0.22690716875 0.7860157953125 0.19033394609375 0.7723992375 0.15242034296875 0.76014433515625 0.1545266546875 0.7632080609375
0 0.14954810078125 0.76933551171875 0.17731311249999998 0.7785266882812499 0.21809895859375 0.79214324609375 0.2533318015625 0.8040577343749999 0.29526654375 0.81835511953125 0.33203125 0.83129085 0.33203125 0.82788671015625 0.28569240234375004 0.8125680828125 0.25045955859375 0.8009940085937499 0.21369485312499997 0.78805827890625 0.17903645859375 0.77682461875 0.14954810078125 0.7666122007812499 0.14954810078125 0.76933551171875