0 0.57379943515625 0.40332705625000004 0.3853738 0.29092363984374997 0.15204973125000001 0.1448626046875 0.0499399859375 0.07696997421875 0.0001071671875 0.042866940625 0.000214334375 0.04572473671875 0.04843964296875 0.0792562109375 0.16269329921875 0.15511645703125002 0.288144484375 0.23581135078124998 0.37188998828125 0.287769784375 0.54525659140625 0.39364929921875 0.72410821328125 0.5005995203125 0.99973516953125 0.6639725882812499 0.9997395835937499 0.6518518515625 0.76318884375 0.515232975 0.57379943515625 0.40332705625000004
0 0.6366157078125 0.08792965625 0.571792565625 0.06927791093749999 0.39752866328124997 0.018953517187499998 0.35833804687500004 0.00565610859375 0.34328324375 0.0003330671875 0.340114653125 0.00031071328124999997 0.37271043046874996 0.01211782265625 0.41666666640625005 0.026099925781249998 0.553238121875 0.0657784484375 0.7985718328125 0.13469917890625 0.8592571640625 0.15145801875 0.9994815234375001 0.1887464390625 0.99912801640625 0.1853946703125 0.8109445703124999 0.13553712109375 0.6366157078125 0.08792965625
0 0.8764435078125 0.03849355 0.72614310234375 0.052538493750000005 0.6765956617187501 0.053925648437499994 0.61583177265625 0.053752253906250005 0.5640410421875 0.05115133828125 0.52551498125 0.04889721171875 0.5028856984375001 0.04629629609375 0.4444639515625 0.037106394531249996 0.41969023125 0.0320779578125 0.397257334375 0.025662366406249998 0.397452403125 0.027222915625 0.41936063203125 0.03352490390625 0.43771831328125 0.037425150000000004 0.45674276484375 0.04047460625 0.5014970062499999 0.04740518984375 0.53174900234375 0.050731869531249994 0.5925210671875 0.05409904296875 0.6529923531249999 0.05583298671875 0.7107326781250001 0.05461922578125 0.72370474375 0.053925648437499994 0.7490636703125 0.052018310156250004 0.8839536515624999 0.03918712734375 0.9221871101562501 0.03398529609375 0.96120084296875 0.0280898875 0.9997395835937499 0.021759259375 0.9997395835937499 0.0203703703125 0.93515917578125 0.030690803125 0.8764435078125 0.03849355
0 0.494581653125 0.01157407421875 0.47169018828125 0.00933393046875 0.45257896484375 0.006347072656249999 0.4388632546875 0.0037285609375 0.42233702968750003 0.00037335703125000003 0.41394927499999995 0 0.42333587421874996 0.0022583562500000003 0.4362416109375 0.00512677109375 0.44751468125000005 0.007457121875 0.4610906859375 0.0098720046875 0.481071728125 0.01258389296875 0.5013586953125 0.01449275390625 0.52188199140625 0.016157096875 0.53940217421875 0.017310789062500002 0.55298913046875 0.017310789062500002 0.59878355703125 0.01739995 0.6515625 0.01481481484375 0.699279921875 0.009787471875 0.7461349921875 0.00356125390625 0.75892857109375 0.00110229296875 0.75546875 0 0.73278356484375 0.003858025 0.6527650125 0.012595315625 0.5997448265624999 0.01522495625 0.57195925234375 0.015318627343749999 0.5451272375 0.01522495625 0.5169882546875 0.01382674609375 0.494581653125 0.01157407421875
0 0.3017022359375 0.05359154687499999 0.268837325 0.05932579296875 0.24466691640625 0.06292969609375 0.21956087812499997 0.06487025937499999 0.20071138203125 0.0643187375 0.18244760468750001 0.062098025781249996 0.16778942109375 0.05932579296875 0.16747754453125002 0.06126635625 0.1832444109375 0.0643187375 0.20039380078125002 0.06657709375000001 0.21976626015625 0.0671416828125 0.24517276406250002 0.06544791562499999 0.26899136171875 0.06206038203125001 0.30201981718750004 0.055849903125 0.33123729687500003 0.04907483515625 0.3727762171875 0.03693300078125 0.37253617734375 0.03493013984375 0.32996506953125004 0.04712796640625 0.3017022359375 0.05359154687499999
0 0.36875 0 0.34734987734375 0.008850762500000001 0.33030790468750004 0.0142973859375 0.3125 0.019403594531250002 0.29296875 0.02450980390625 0.27171415468750004 0.02825435703125 0.2435661765625 0.030296840624999998 0.21809895859375 0.030296840624999998 0.19704861093749998 0.027777778125000003 0.17286481874999998 0.02241494921875 0.17262914765624998 0.024090832812499997 0.19537141796875 0.02953745625 0.21714154375 0.032679738281249995 0.24433210781249998 0.032679738281249995 0.2734375 0.030296840624999998 0.29305116015625 0.026957336718750002 0.3126914828125 0.021446078125 0.33063027421875 0.0164088140625 0.3521369484375 0.008850762500000001 0.36458333359375 0.0034041390625 0.371875 0 0.36875 0
0 0.17302259921875002 0.00470809765625 0.17993218671875 0.0060589109375 0.1933899609375 0.00854461875 0.2070225109375 0.00994282890625 0.21768386484375002 0.01009818515625 0.241437146875 0.010200878906249999 0.25788241015625 0.00885533203125 0.27564442109375 0.00549278125 0.29030341171875 0.0015535671875 0.29010416640625 0 0.28191415000000003 0.0026410640625 0.27011675078124997 0.0049714140625 0.2575328578125 0.00730176484375 0.2445994125 0.00854461875 0.22729656015625 0.00838926171875 0.20967371328125 0.008510348437499999 0.19391428984375 0.0069910515625000004 0.185163909375 0.0054466234375 0.17329197265625002 0.00306372578125 0.17302259921875002 0.00470809765625
1 0.37395833359375 0 0.37217881953125 0.49254115234375 0.37615740703125 0.49575617265625 0.39496527812500004 0.49575617265625 0.40075231484374996 0.48932613203124997 0.39583333359375 0 0.37395833359375 0
2 0.21086516171874997 0 0.212743615625 0.22326762265625 0.21988407265625 0.22326762265625 0.21614583359375 0 0.21086516171874997 0
2 0.14453125 0 0.146484375 0.22569444453125 0.1485906859375 0.2273965140625 0.15088848046875 0.227736928125 0.15395220625 0.2273965140625 0.14973958359375 0 0.14453125 0
3 0.17078859921875 0.1971142921875 0.16615541953125 0.03010679375 0.16855189140625 0.028686662499999998 0.17110812890625 0.0278345828125 0.173185071875 0.02755055703125 0.17398389609375 0.02499431953125 0.17494248437499998 0.02215405625 0.17270577734375 0.0218700296875 0.1722264828125 0.02499431953125 0.16983001015625002 0.025562371875 0.1659956546875 0.028118609375 0.16551636015625 0.01391729140625 0.16615541953125 0.010508975 0.16855189140625 0.010508975 0.17126789375 0.0088048171875 0.173185071875 0.0065326062500000006 0.17366436640625 0.00284026328125 0.17238624765625 0.00284026328125 0.17110812890625 0.0062485796875 0.168694690625 0.007374631249999999 0.16569874609375 0.007374631249999999 0.16523783203125 0 0.162933259375 0.00040970156250000003 0.16727377265625 0.19768234453125 0.17078859921875 0.1971142921875
3 0.15965448046875 0.06842989296874999 0.15470177031250001 0.066725734375 0.1516662390625 0.06786183984375001 0.15182600390625 0.0695659984375 0.15625 0.0692482734375 0.159494715625 0.0709861296875 0.16033280390625 0.20852950390624997 0.16348883593750002 0.20930696640625 0.16141189296875 0.08149510546875 0.16269001171875 0.0800749734375 0.16460718984375 0.08149510546875 0.16460718984375 0.0780867890625 0.16173142265625 0.0778027625 0.1615716578125 0.07127015625000001 0.16892083984375 0.07127015625000001 0.169400134375 0.0695659984375 0.16860131015625 0.06842989296874999 0.162530246875 0.06842989296874999 0.16141189296875 0.06729378750000001 0.1615716578125 0.0599091015625 0.16748295625 0.06104520703125001 0.16732319140625002 0.0579209171875 0.16154661015625 0.058066541406250005 0.1618911875 0.05564870625 0.15933495078124998 0.0559327328125 0.15965448046875 0.06842989296874999
3 0.06080067109375 0.22853892031249998 0.0637800140625 0.22853892031249998 0.060248940625000004 0.074937225 0.0616834390625 0.07454488359375 0.06190413125000001 0.07317168828125001 0.06344897578125 0.07219083515625 0.06532485859375001 0.07140615156249999 0.06675935703125 0.067875078125 0.0658765890625 0.066894225 0.0646627828125 0.067875078125 0.06400070625 0.06885593203125 0.06190413125000001 0.07062146875 0.06046963281249999 0.07062146875 0.060248940625000004 0.06944444453125001 0.0600282484375 0.058262711718750006 0.06267655390625 0.05688951640624999 0.06488347421875 0.0557124921875 0.065655896875 0.054927809375000004 0.06620762734374999 0.05237758984375 0.0652145125 0.05159290625 0.06455243671875 0.05355461406249999 0.059917902343749996 0.054731638281249995 0.059917902343749996 0.0437460765625 0.060690325 0.04139202734375 0.0627869 0.0415881984375 0.06433174453125 0.04060734453125 0.065655896875 0.0372724421875 0.0658765890625 0.0351145640625 0.06499382031249999 0.03491839296875 0.06355932187499999 0.038057125000000004 0.061352400781250004 0.03923414921875 0.059807556250000005 0.03903797890625 0.059807556250000005 0.0366839296875 0.056497175 0.03688010078125 0.06080067109375 0.22853892031249998