2 0.36302083359375004 0 0.3628849640625 0.02012882421875 0.31031650625 0.028169515625000002 0.3130661234375 0.10265700468750001 0.3193309296875 0.102955840625 0.318871896875 0.03496847890625 0.36431760234375 0.02669123203125 0.36264406015625 0.2117809296875 0.35939503203125 0.78137464375 0.37081068828124997 0.7799919484375 0.3696784421875 0.5173107890625 0.36911231875 0.3130032203125 0.36923363125 0.0269274375 0.41043931171875 0.021135265625 0.41043931171875 0.08957326875 0.42006340546875 0.08957326875 0.42006340546875 0.01912238359375 0.46591938437499997 0.01409017734375 0.46422101484375 0.49013687578125 0.46535326093749996 0.8011272140625 0.4745793265625 0.802742165625 0.47152038984375 0.0137903859375 0.516646634375 0.006801994531249999 0.5172318265625 0.07683215156249999 0.5238807624999999 0.07732466484375 0.52291666640625 0 0.37081068828124997 0.01912238359375 0.36927083359375 0 0.36302083359375004 0
0 0 0.23472222187499997 0.12200556953125 0.26719943828125003 0.26806535234375 0.30443776328125 0.41695575078124997 0.33966320625 0.5516930695312501 0.37388220781250003 0.6937899898437501 0.40709476796875005 0.8172048453125 0.43426868125 0.9225037578125 0.45942971171874997 0.9966658960937499 0.47251344765625003 0.9955336492187501 0.46446191796875 0.93269397578125 0.45439750546875 0.8489077437500001 0.43426868125 0.75832803359375 0.41413985703125 0.6643515843750001 0.39199815 0.568676765625 0.365830678125 0.47809705546875003 0.3446954125 0.33316951875 0.30645064609375 0.22900285234375 0.2792767328125 0.15427459140625 0.261160790625 0.0462655140625 0.23148148124999998 0 0.21990740703124997 0 0.23472222187499997
0 0 0.06527777812499999 0.1232823578125 0.08126477578124999 0.21609042578125 0.09259259296875 0.3133311171875 0.10244286875 0.311945921875 0.098995271875 0.1795212765625 0.084712371875 0.08061835078125 0.072892040625 0 0.06203703671875001 0 0.06527777812499999
0 0.0024933507812499997 0.03595350703125 0.13076241171875 0.05565405859375 0.20556294296875 0.06599684765625 0.310837765625 0.08027974765625 0.311945921875 0.0763396375 0.23797650703125 0.06698187578125 0.156804078125 0.05565405859375 0.06815159609375 0.0423561859375 0.0019392734375000002 0.03250591015625 0.0024933507812499997 0.03595350703125
0 0.045988475 0.0004925140625000001 0.09862588671875 0.01182033125 0.1651152484375 0.025118203125 0.2252327125 0.03595350703125 0.31111480468749997 0.049743892968749995 0.31028368828124997 0.04629629609375 0.21082668437500002 0.029058313281249998 0.11829565625 0.01182033125 0.061141304687499995 0 0.045988475 0.0004925140625000001
0 0.9994153914062499 0.27234504921874997 0.957961309375 0.25108654609375003 0.8815381203125 0.2117809296875 0.8203125 0.17681245078125002 0.73806866484375 0.1299130765625 0.6543633078125 0.0803099015625 0.59812721640625 0.04531126875 0.52604166640625 0 0.5260970742187501 0.006402678906250001 0.546875 0.01822301015625 0.62943262421875 0.06895193046875 0.705383715625 0.11267006796875001 0.7809729609375 0.15809692656250002 0.86519281953125 0.206363278125 0.94254889453125 0.24589002265625 0.9991496601562501 0.27447089921875 0.9994153914062499 0.27234504921874997
0 0.584275265625 0.020193065625 0.62943262421875 0.043833727343750004 0.6736288265625 0.06590136015625 0.71774022109375 0.08739606953125 0.76570471953125 0.1095993953125 0.8066273382812501 0.1275510203125 0.85379464296875 0.1466836734375 0.8840880101562499 0.15825774765625 0.936569940625 0.1759731671875 0.98187712578125 0.18801965234375 0.98014987265625 0.18542139062500002 0.95291241484375 0.17786281171875 0.9075797874999999 0.1640070921875 0.87173150546875 0.15211640234374998 0.8277529765624999 0.13416477734375 0.78616602890625 0.11692176875 0.74843218515625 0.09944255468749999 0.70711096953125 0.07960128515625 0.662866709375 0.05810657578125 0.623538478125 0.037792895312500005 0.58886054453125 0.0196050640625 0.5505208335937499 0 0.549133715625 0.0011810281250000001 0.584275265625 0.020193065625
0 0.99051339296875 0.02456538203125 0.96692708359375 0 0.96548093984375 0.00197005546875 0.9886532734375001 0.02551020390625 0.99051339296875 0.02456538203125
0 0.89583333359375 0 0.9300595234375001 0.02102229765625 0.9578284437500001 0.0366118671875 0.98121279765625 0.049603174218750004 0.99968112265625 0.0590513984375 0.9983524656249999 0.05598072578125 0.96075148828125 0.03590325 0.9372342687499999 0.021967120312499998 0.90026041640625 0 0.89583333359375 0
0 0.87267287265625 0.040386130468749996 0.9053465132812499 0.056216931250000005 0.9497236398437501 0.075349584375 0.99131058671875 0.091175359375 0.9922406460937501 0.08904950859375 0.9560616132812501 0.0758471234375 0.9199617343750001 0.0607048375 0.8863467265624999 0.044406651562499996 0.84582270390625 0.02338435390625 0.80450148828125 0.00023620546875 0.79869791640625 0 0.8302774234375001 0.0174792140625 0.87267287265625 0.040386130468749996
0 0.90494791640625 0.1939247921875 0.86282950703125 0.18471277421875001 0.8142006804687499 0.171957671875 0.77321586875 0.15908195390625 0.7326211734375 0.14573885078124998 0.68053783984375 0.12778722578124999 0.62234268671875 0.10605631171875 0.567602040625 0.0836167796875 0.52415497421875 0.06542894921875 0.52428783984375 0.06873582734375 0.5564413265625 0.0814909296875 0.5918994921875 0.095567778125 0.6362935796875 0.11314247890625 0.68811118203125 0.13274754375 0.7323554421875 0.14857331796875 0.7815157312500001 0.165343915625 0.839445153125 0.18116968984374998 0.899367559375 0.19557823125 0.9608843539062499 0.20384542734375 0.9906462585937501 0.20549886640624998 0.98958333359375 0.20313681015625 0.9557025937500001 0.2007747546875 0.90494791640625 0.1939247921875
0 0.47706117031249995 0.22704885703125002 0.57374778359375 0.2964933015625 0.64633200390625 0.34574468046875 0.7017895296875001 0.38105413125 0.7513297875 0.4107565015625 0.75326906015625 0.40927896015625 0.70423315625 0.37923561875 0.6418993796875 0.3393420015625 0.5837211882812501 0.3004334125 0.50365691484375 0.24231678515625 0.4374445921875 0.19306540546875 0.375110815625 0.14578408203124998 0.321088209375 0.10392041015625 0.3185948578125 0.10589046484375 0.38840868828124997 0.16006698203125 0.47706117031249995 0.22704885703125002
0 0.5679299648437499 0.224093775 0.641622340625 0.2831954296875 0.71614583359375 0.3418045703125 0.789838209375 0.39450354609375 0.84635416640625 0.43144208046875 0.84940159609375 0.4299645390625 0.7793107265625 0.38317572890624996 0.70644946796875 0.33146178125 0.63552748203125 0.27531520859374997 0.56460549609375 0.21670606796874997 0.5008865250000001 0.16252955078125 0.4526817375 0.12066587890625 0.41777482265625 0.08914499609375 0.41528147187500003 0.09210007890625001 0.48980496484374997 0.15711189921875 0.5679299648437499 0.224093775
0 0.66904920234375 0.22507880234375 0.75243794296875 0.3024034671875 0.8136635640625001 0.35460992890625 0.8607601953125 0.39204097734375 0.94830452109375 0.4550827421875 0.95135195 0.45606776953125 0.87876773046875 0.40287628046875 0.84607712734375 0.37825059140625 0.8017508867187499 0.34131205703125 0.73138297890625 0.2797478328125 0.66821808515625 0.22113869218749999 0.6044991132812501 0.15957446796875 0.5236037234375 0.07880220624999999 0.5219414890625 0.0817572890625 0.59591090390625 0.15514184375 0.66904920234375 0.22507880234375