0 0.00078125 0.80601851875 0 0.81481481484375 0.12683603125 0.8413269382812499 0.32407407421875 0.88168724296875 0.90338541640625 0.9995370367187499 0.95651041640625 0.9995370367187499 0.8516936453125 0.9792166265625 0.5983962828125 0.92958966171875 0.27229975703125 0.8629989210937501 0.029166666406250003 0.8111111109375001 0.00078125 0.80601851875
0 0 0.475 0.093988409375 0.48741523203125 0.17909787734375 0.49790356406249997 0.3805522796875 0.5206149546875001 0.6106037265625 0.5447965570312501 0.93375299765625 0.57920330390625 0.9997395835937499 0.584259259375 0.9997395835937499 0.5796296296875 0.8480738992187501 0.56472746328125 0.764544025 0.5564290703125 0.57144261015625 0.53546471015625 0.17836084921875 0.49222571640624996 0 0.47083333359374996 0 0.475
0 0 0.10601851874999998 0.08504993749999999 0.11773477578125 0.31301824218749996 0.14349548515625 0.5734787171875 0.16686650703125 0.83857913671875 0.19417799062500002 0.9413038390624999 0.20321819921875 0.99962936953125 0.2073796640625 0.9997395835937499 0.20648148125 0.9413038390624999 0.20165765000000002 0.84055087421875 0.19316132578125 0.66565497578125 0.1755262453125 0.5649188515625 0.16472465 0.4798689140625 0.1574420859375 0.35443976250000003 0.1459980578125 0.20055970156249997 0.13013635546875 0.10131633515625 0.11815920390625001 0.000097534375 0.1047301984375 0 0.10601851874999998
0 0.7517946320312501 0.01820640859375 0.63065699140625 0.00762935234375 0.5793072593749999 0.0025562375 0.578827965625 0.0042603953125 0.65008307734375 0.0113610546875 0.8571586882812501 0.028073285937499998 0.9775199140625 0.036083878125 0.9997395835937499 0.0375 0.9996485171874999 0.035787321093750005 0.8977185585937499 0.029538741406250003 0.7517946320312501 0.01820640859375
0 0.9997395835937499 0.09305555546875 0.94516871171875 0.0906044078125 0.85697852734375 0.08605998671875001 0.7609598671875 0.07981140625000001 0.710633946875 0.07498295859375001 0.66765720859375 0.07242672109375001 0.6291263203125 0.06862936875 0.6294014085937499 0.07042253515625 0.7569505578125 0.08101851875 0.80949237109375 0.0846048515625 0.8764698367187499 0.08890025 0.9443698875000001 0.093444671875 0.9997395835937499 0.09583333359375 0.9997395835937499 0.09305555546875
0 0.7761150234375 0.07857329140625 0.67829713984375 0.07160232265625 0.63128972421875 0.06728656640625 0.6314000703125 0.068463590625 0.67829713984375 0.072779346875 0.79647775390625 0.081999371875 0.90682379921875 0.08827683593749999 0.9997395835937499 0.09305555546875 0.9997395835937499 0.09074074062500001 0.8543317195312501 0.08378977578124999 0.7761150234375 0.07857329140625
3 0.5642361109375 0.68111672265625 0.5746400125 0.067061546875 0.63131893359375 0.06910403046875 0.62736742421875 0.05681818203125 0.62844669140625 0.04255174296875 0.62576593125 0.034722221875 0.61947601015625 0.036475869531249996 0.61006433828125 0.03710511953125 0.60278798984375 0.03438180859375 0.6001420453125 0.036475869531249996 0.5962775734375 0.03710511953125 0.59461805546875 0.031565656250000004 0.57942708359375 0.031658496875 0.57962436875 0.013327721875 0.5800189390625 0.000701459375 0.5780460859375001 0.00140291796875 0.55989583359375 0 0.56117657109375 0.013661202343750001 0.56778724765625 0.0154320984375 0.56620896484375 0.025252524999999998 0.56302083359375 0.025701459375000003 0.5546875 0.0247755328125 0.5505208335937499 0.03125701484375 0.537109375 0.027233115625 0.53059895859375 0.030296840624999998 0.5294500609375 0.0411900875 0.5283011640625 0.0619553375 0.53040747578125 0.0619553375 0.53098192421875 0.036083878125 0.53347120078125 0.031658496875 0.54304534296875 0.032679738281249995 0.55364583359375 0.037738496093750004 0.55357689921875 0.05446623125 0.5579810046875 0.054806644531250004 0.56041666640625 0.0618125703125 0.5665977328125 0.067061546875 0.556344696875 0.68181818203125 0.5642361109375 0.68111672265625
2 0.85807291640625 0 0.8571300289062499 0.0981800765625 0.8491731101562501 0.5331233296875 0.84140625 0.9995370367187499 0.86588541640625 0.9995370367187499 0.8709192437500001 0.54600992734375 0.878125 0 0.85807291640625 0
2 0.9476023703124999 0 0.93986742421875 0.32407407421875 0.9333570078125 0.5965909093749999 0.9251526578125 0.95665708828125 0.9289691093749999 0.962643678125 0.9408674570312501 0.96384099609375 0.94805136484375 0.9578544062500001 0.95748024453125 0.4230523625 0.96536458359375 0 0.9476023703124999 0
0 0 0.009722221875000001 0.0373981828125 0.01538568671875 0.07009711796875 0.0197716515625 0.099797259375 0.0233035046875 0.14960850078125001 0.029207059375 0.19120525703125 0.034489187500000004 0.22021812109375 0.036974894531250004 0.24310776953125002 0.04079643515625 0.296405075 0.04587858515625 0.32781171640625 0.048663325 0.36772930625 0.053442704687499995 0.44375699140625 0.0599676859375 0.48133389296875 0.061521253124999994 0.52660095078125 0.0643176734375 0.52660095078125 0.059656972656249994 0.50178271796875 0.059656972656249994 0.4587877515625 0.056239125 0.41002516796875 0.05313199140625 0.34395973125 0.04784986328125 0.31494686796875004 0.044432015625 0.28138982109375 0.0416355953125 0.22965604062499997 0.0363534671875 0.1950503359375 0.03262490703125 0.17582494375 0.030139199218750003 0.13420269453125 0.02520189375 0.07864932890625001 0.01802137734375 0.038276007031249996 0.012739249218750002 0 0.00740740703125 0 0.009722221875000001
0 0.0401804109375 0.021889175 0.07452224296875 0.025967696875 0.10444078984375 0.02958785859375 0.13962811796875002 0.0333855703125 0.17477286953124999 0.03710665546875 0.20097459453125 0.0399105515625 0.23715328593749999 0.0436391125 0.26144718984375 0.0451926796875 0.28713930390625003 0.04705696015625 0.31492873359375 0.050164093750000006 0.34866055625 0.052339087500000006 0.349010109375 0.0504748078125 0.31318097031250003 0.0479891 0.27577884531249997 0.0436391125 0.24449388984375 0.04115340546875 0.1985277265625 0.03742484453125 0.16760651640625 0.03411306015625 0.1459200640625 0.03183200390625 0.12180093671875 0.0290355828125 0.0945358359375 0.025617735937500004 0.06639685390625 0.021889175 0.03109204453125 0.0175391875 0.00015664140625 0.014028125781250001 0.00015664140625 0.016847675 0.014567669531249999 0.018727374218750002 0.0401804109375 0.021889175