0 0.20565878359375 0.8513513515625 0.3873873875 0.9124124124999999 0.5510979726562499 0.9674674671875 0.64329954921875 0.99899899921875 0.72786458359375 0.9995370367187499 0.6544200453125 0.9762262265625001 0.50056306328125 0.92592592578125 0.3626126125 0.8808808812500001 0.20974099062499998 0.8298298296875 0.10613738749999999 0.7955455453125 0.00028153125 0.7595095093750001 0 0.778278278125 0.20565878359375 0.8513513515625
0 0.1480855859375 0.99949949921875 0.1800394140625 0.99949949921875 0.10402590078125 0.9689689687499999 0.000140765625 0.9229229226562501 0 0.93518518515625 0.1480855859375 0.99949949921875
0 0.16638513515625 0.31456456484375 0.34755067578125 0.340590590625 0.49014639609375 0.36136136171875 0.64175112578125 0.38213213203124996 0.75112612578125 0.396646646875 0.8864020273437501 0.4144144140625 0.9997395835937499 0.42916666640625 0.99929617109375 0.41866866875 0.93454391875 0.41066066093750003 0.80264639609375 0.39389389375 0.57432432421875 0.36336336328124996 0.39710022500000003 0.33983983984375 0.25197072109374996 0.31931931953125 0.10838963984375001 0.29729729765625 0 0.28078078046875 0.00042229765625000006 0.2890390390625 0.16638513515625 0.31456456484375
3 0.55898085546875 0.5893393390624999 0.55729166640625 0.5765765765624999 0.559403153125 0.5703203203125 0.56278153125 0.5668168171875 0.5643299546875 0.13388388359375 0.56475225234375 0.04004003984375 0.5657376125 0.0330330328125 0.56503378359375 0.022022021875 0.55954391875 0.02252252265625 0.5581362609375 0.030280280468749997 0.5527871625 0.5963463460937499 0.5592623875 0.597097096875 0.55898085546875 0.5893393390624999
0 0.96607545078125 0.1706706703125 0.96635698203125 0.1734234234375 0.99169481953125 0.17442442421874998 0.9921171171875001 0.171921921875 0.96607545078125 0.1706706703125
0 0.92959104921875 0.16889574765624998 0.92919481953125 0.17167167187500001 0.959600225 0.1731731734375 0.9590371624999999 0.1706706703125 0.92959104921875 0.16889574765624998
3 0.37750771640625 0.66512345703125 0.37682291640625 0.9995370367187499 0.39708719140625004 0.9993141289062499 0.39785879609374997 0.82047325078125 0.3971836421875 0.7635459531250001 0.3984375 0.61676954765625 0.402391975 0.027263374218750004 0.39486882734375 0.026577503125000002 0.39293981484375 0.02400548671875 0.38416280859374996 0.024519890625 0.38011188281249997 0.39283264765625 0.37934027812500004 0.5192043898437501 0.37750771640625 0.66512345703125
0 0.390142746875 0.1133401921875 0.4094328703125 0.11676954765625 0.40962577187500004 0.11419753125000001 0.3899498453125 0.1105967078125 0.390142746875 0.1133401921875
0 0.42814428984374997 0.12019890234375 0.42804783984375006 0.11779835390625 0.41358024687499995 0.114711934375 0.41319444453125 0.1176268859375 0.42814428984374997 0.12019890234375
0 0.45225694453125 0.1241426609375 0.45216049375 0.1217421125 0.4328703703125 0.11779835390625 0.43190586406250003 0.1208847734375 0.45225694453125 0.1241426609375
0 0.47694830234375 0.12808641953125 0.47694830234375 0.12585733906250002 0.45650077187500004 0.1217421125 0.45601851875 0.1236282578125 0.47694830234375 0.12808641953125
0 0.49980709843750004 0.13168724296875 0.4997106484375 0.1296296296875 0.48109567890625 0.12534293515625 0.48022762343750003 0.12791495234375 0.49980709843750004 0.13168724296875
0 0.5256558640625 0.13580246875 0.5256558640625 0.13271604921875 0.5051118828125001 0.12894375859375 0.50472608046875 0.13185871093749998 0.5256558640625 0.13580246875
0 0.550733025 0.13820301796875 0.55044367265625 0.135288065625 0.53125 0.1328875171875 0.53086419765625 0.13460219453125 0.550733025 0.13820301796875
0 0.5793788578125 0.14214677656250002 0.57928240703125 0.13957476015625 0.5554591046875 0.13631687265625 0.55555555546875 0.138545953125 0.5793788578125 0.14214677656250002
0 0.604938271875 0.1448902609375 0.6034915125 0.1426611796875 0.5853587960937501 0.13957476015625 0.584490740625 0.1416323734375 0.604938271875 0.1448902609375
0 0.63580246875 0.14797668046875 0.6352237656249999 0.14523319609375002 0.609857253125 0.14283264765624998 0.6111111109375 0.14523319609375002 0.63580246875 0.14797668046875
0 0.66618441328125 0.15174897109375002 0.6657986109375 0.14900548671875 0.642071759375 0.1459190671875 0.64178240703125 0.1481481484375 0.66618441328125 0.15174897109375002
0 0.69627700625 0.15414951953125 0.69646990703125 0.1524348421875 0.6731288578125 0.14934842265624998 0.6725501546875 0.15123456796875 0.69627700625 0.15414951953125
0 0.72540509296875 0.157578875 0.72550154296875 0.15552126171875 0.70322145078125 0.15277777812499999 0.7034143515625 0.1551783265625 0.72540509296875 0.157578875
0 0.7517361109375 0.15980795625 0.75154321015625 0.157578875 0.730902778125 0.1551783265625 0.730902778125 0.157064471875 0.7517361109375 0.15980795625
0 0.78163580234375 0.1622085046875 0.7820216046875 0.15980795625 0.7576195984375 0.1562071328125 0.7572337960937501 0.15963648828125002 0.78163580234375 0.1622085046875
0 0.8142361109375 0.16478052109375002 0.81413966015625 0.16186556953125 0.7883873453125 0.1594650203125 0.78771219140625 0.16203703671875 0.8142361109375 0.16478052109375002
0 0.84673996875 0.166838134375 0.8479938273437501 0.16460905312500002 0.82021604921875 0.16203703671875 0.8200231484374999 0.1644375859375 0.84673996875 0.166838134375
0 0.87905092578125 0.169067215625 0.87982253125 0.16649519921875 0.8543595679687501 0.1644375859375 0.8542631171874999 0.16700960234375 0.87905092578125 0.169067215625
0 0.92071759296875 0.17112482890625 0.9201388890625 0.1682098765625 0.8878279320312499 0.16632373125 0.8861882718749999 0.16855281171875 0.92071759296875 0.17112482890625
0 0.6032986109375 0.14094650234375 0.6042631171874999 0.13888888906250002 0.566454475 0.10459533593749999 0.56548996875 0.1073388203125 0.6032986109375 0.14094650234375
0 0.652295525 0.18021262031250002 0.652391975 0.17781207109375 0.61024305546875 0.14420438984375 0.61024305546875 0.14677640625 0.652295525 0.18021262031250002
0 0.66589506171875 0.19015775 0.6659915125 0.18827160468749998 0.6581790125 0.18192729765625 0.65788966015625 0.18415637890625 0.66589506171875 0.19015775
0 0.67717978359375 0.19770233203125 0.6779513890625 0.19684499296875 0.6712962960937501 0.19135802500000001 0.67100694453125 0.19324417031250002 0.67717978359375 0.19770233203125
0 0.69106867265625 0.20781892968750001 0.6911651234375 0.2057613171875 0.68344907421875 0.199417009375 0.68248456796875 0.20078875156249998 0.69106867265625 0.20781892968750001
0 0.7013888890625 0.214677640625 0.7018711421875 0.21296296328125003 0.69810956796875 0.21004801093749997 0.69733796328125 0.21176268828125 0.7013888890625 0.214677640625
0 0.7165316359375 0.224451303125 0.71711033984375 0.22307956093749998 0.70910493828125 0.217421125 0.70842978359375 0.21913580234375002 0.7165316359375 0.224451303125
0 0.7319637343750001 0.23456790156250001 0.7319637343750001 0.2323388203125 0.7220293210937501 0.22565157734375002 0.7220293210937501 0.2280521265625 0.7319637343750001 0.23456790156250001
0 0.7439236109375 0.2415980796875 0.74450231484375 0.24005486953125002 0.73697916640625 0.23491083671875002 0.7363040125 0.236454046875 0.7439236109375 0.2415980796875
0 0.7584876546875 0.25034293515625 0.75916280859375 0.2481138546875 0.75096450625 0.24228395078124998 0.7501929015625 0.24434156406250002 0.7584876546875 0.25034293515625
0 0.77449845703125 0.25874485625 0.7742091046875 0.25582990390625 0.76427469140625 0.25102880625 0.7634066359375 0.25308641953125 0.77449845703125 0.25874485625
0 0.7873263890625 0.2654320984375 0.78771219140625 0.2633744859375 0.77922453671875 0.25874485625 0.77912808671875 0.2606310015625 0.7873263890625 0.2654320984375
0 0.8042052468750001 0.27417695468750003 0.8044945984374999 0.272290809375 0.796392746875 0.2681755828125 0.796392746875 0.2704046640625 0.8042052468750001 0.27417695468750003
0 0.8185763890625 0.28137860078125 0.8189621914062499 0.2793209875 0.81066743828125 0.27503429375 0.8103780867187499 0.27726337421874997 0.8185763890625 0.28137860078125
0 0.8327546296874999 0.28806584375 0.83285108046875 0.2861796984375 0.8248456789062499 0.282064471875 0.8248456789062499 0.28412208515625 0.8327546296874999 0.28806584375
0 0.8470293210937501 0.2942386828125 0.84780092578125 0.29303840859374997 0.8400848765625 0.288580246875 0.8395061726562499 0.29046639218750003 0.8470293210937501 0.2942386828125