3 0.590569071875 0.75037285625 0.6050755031249999 0.7643549593750001 0.5963366890625 0.9986328609375 0.627971196875 0.9992542875 0.6277964203125 0.93493661484375 0.64055508984375 0.67176236640625 0.6426524046875 0.66958737265625 0.64649748359375 0.66834451875 0.6508668906249999 0.6509445687500001 0.6430019578125 0.6459731546875 0.63845777421875 0.6503231421875 0.6409046421875 0.6385160328125 0.6437010625 0.6189410890625 0.64649748359375 0.5487198609374999 0.66782018984375 0.16561024140625 0.6732382546875 0.00031071328124999997 0.6424776289062499 0.0006214265624999999 0.6267477625 0.31754909296875 0.61189177890625 0.31879194609375 0.61154222578125 0.47010937109375 0.60350251640625 0.5033557046875 0.5993078859375001 0.5552448421875 0.596511465625 0.63354461875 0.5856753359375 0.65964454375 0.585500559375 0.7394978875 0.590569071875 0.75037285625
0 0.574489653125 0 0.5725671140624999 0.30077056953125003 0.56994546953125 0.6099304 0.56627516796875 0.9989435742187499 0.5713436804687501 0.9992542875 0.5723923375 0.7798906289062499 0.574489653125 0.47445935859375005 0.57815995546875 0 0.574489653125 0
0 0.71868008984375 0.12677106640625 0.7289918906249999 0.474770071875 0.7454208609374999 0.9986328609375 0.75031459765625 0.9992542875 0.7457704140625 0.8727939351562499 0.7282927851562501 0.33650261015625 0.7181557609375 0.00031071328124999997 0.71473817578125 0.0012512515625 0.71868008984375 0.12677106640625
0 0.64609375 0 0.6482263515625 0.17079579609375 0.652614653125 0.4567486953125 0.66117869140625 0.9992542875 0.66397511171875 0.9989435742187499 0.6545608109375001 0.41353853828125003 0.6484375 0 0.64609375 0
0 0.6200731984375001 0.24336836874999998 0.617657034375 0.13483701796875 0.61620213984375 0.14201701718749998 0.6190174546875 0.3203203203125 0.6207770273437501 0.32157157187499996 0.6200731984375001 0.24336836874999998
0 0.6180089484375 0.00093213984375 0.61451342265625 0.00093213984375 0.61486297578125 0.0773676359375 0.61870805390625 0.0804747703125 0.6180089484375 0.00093213984375
0 0.615212528125 0.1298782 0.61853327734375 0.12148893828125 0.618183725 0.09321401953125 0.61468819921875 0.0904175984375 0.615212528125 0.1298782
0 0.5764121921875 0.24080288359375 0.57713963984375 0.2483733734375 0.64576295078125 0.05693193203125 0.6440033781250001 0.053178178124999996 0.5764121921875 0.24080288359375
0 0.5141918343749999 0.40299527734374996 0.4537192390625 0.5595948296875 0.3617869125 0.79138702421875 0.3173937359375 0.905108128125 0.2778942953125 0.9992542875 0.2820889265625 0.9986328609375 0.29205117421875004 0.9803007703125 0.40827740468749996 0.68978374375 0.4876258390625 0.4871986078125 0.57291666640625 0.2622421078125 0.5723923375 0.254163559375 0.53866051484375 0.33712403671875 0.5141918343749999 0.40299527734374996
0 0.8868148773437501 0.9986328609375 0.87894994375 0.87403678828125 0.8532578296875 0.46513795703125 0.8446937921875 0.32655978124999996 0.82407018984375 0.00031071328124999997 0.82109899296875 0.00093213984375 0.830886465625 0.1615709671875 0.85343260625 0.53442704453125 0.8656669460937501 0.7342157593749999 0.8828125 0.9995370367187499 0.8868148773437501 0.9986328609375
0 0.6246480859375 0.6418918921875 0.6235923421875 0.52427427421875 0.6218327703125001 0.39914914921875 0.61972128359375 0.39977477499999997 0.62112894140625 0.465465465625 0.62288851328125 0.6393893890625 0.6246480859375 0.6418918921875
0 0.6271701390625 0.998585390625 0.6271701390625 0.8513374484374999 0.6257233796875 0.7497427984375 0.623553240625 0.7516718109375 0.62536168984375 0.8680555554687499 0.62552083359375 0.9995370367187499 0.6271701390625 0.998585390625