3 0.9227300992187499 0.7351529390625 0.9141791046875 0.5967247101562501 0.9045916249999999 0.41735765625 0.9034255804687501 0.39363368359375 0.8964293117187501 0.24685369453125 0.894745025 0.21437718828125002 0.89137645078125 0.21368619843749997 0.88710095390625 0.21414685859375 0.8833436984375 0.21529850781249998 0.8799751242187501 0.21691081640625 0.876865671875 0.2203657640625 0.8780317164062501 0.23188225546875 0.8760883085937501 0.23464621328125 0.8758291874999999 0.23787083125000003 0.87660655078125 0.24086511875 0.8742744609375 0.24593237499999998 0.83631322578125 0.2500783125 0.8387748757812499 0.23994379921875 0.8350176203125 0.22727565859375 0.8324264093749999 0.22589367968750002 0.8276326703124999 0.2284273078125 0.8241345359375 0.2431684171875 0.8258188226562501 0.24639303515625 0.8300943203125 0.26458909140625 0.832037728125 0.2659710703125 0.8339811359375 0.26435876171875 0.83436981796875 0.26182513359375 0.83436981796875 0.25906117578125 0.8360541046875 0.25652754765624997 0.872719734375 0.25376358984374997 0.8740153398437499 0.25514556875 0.87699523203125 0.255606228125 0.87699523203125 0.25883084609375 0.87958644296875 0.270807996875 0.88438018203125 0.37123180390625 0.8821776531250001 0.37330477265625 0.88204809296875 0.37704993515625 0.88282545625 0.38096554296875 0.8811411695312501 0.38419016015624996 0.87854995859375 0.3855721390625 0.8399409203125 0.38389994453125 0.8383861937500001 0.3822876359375 0.8429208125000001 0.373134328125 0.8376088304687499 0.36392113515625 0.83216728828125 0.36230882656249996 0.83087168359375 0.36340058984375 0.82879871484375 0.37152201953124997 0.82776223046875 0.37606873046875 0.8294465171875001 0.37814169921874996 0.8339811359375 0.39795006484375 0.8354063015625 0.4000230328125 0.8383861937500001 0.39939192890625 0.839033996875 0.39616731171874997 0.8383861937500001 0.3928828078125 0.83981136015625 0.3903491796875 0.8753109453125001 0.3919614890625 0.8832141375000001 0.3974894046875 0.8861940296874999 0.41436336796875006 0.8903399671875001 0.5121936609375 0.88852611953125 0.51541827890625 0.8883965585937499 0.5193338859375001 0.8886556796875 0.52209784375 0.88710095390625 0.5234798234375 0.88593490859375 0.52578312109375 0.884639303125 0.5269946562500001 0.8446050992187499 0.52100608046875 0.8483623546875 0.5094895890625 0.84525290234375 0.5036714578125 0.84227301015625 0.5014280453125 0.83579498359375 0.4993550765625 0.8373497101562499 0.5039616734375 0.8346289382812501 0.5058043117187501 0.8335924546875001 0.5117330015625 0.83475849921875 0.514496959375 0.8395522390625001 0.5354569742187499 0.8409774046875 0.5366086234375 0.8436981757812501 0.535917634375 0.84421641796875 0.53338400625 0.84525290234375 0.52739543046875 0.88360281953125 0.533844665625 0.8858053484375 0.53522664453125 0.8881374375 0.53568730390625 0.8922833750000001 0.55526533984375 0.9127617125 0.9994771515625 0.9372408789062501 0.9993412570312501 0.9227300992187499 0.7351529390625
0 0.9051098671875 0.41367237890624997 0.99955949453125 0.48115901953125 0.9996890546874999 0.476782753125 0.9755907960937501 0.459968675 0.9044620648437499 0.40929611171875 0.9051098671875 0.41367237890624997
0 0.99942993359375 0.39455500312499997 0.9996890546874999 0.39086972578125 0.9040733828124999 0.2978164734375 0.905239428125 0.30380504921874996 0.99942993359375 0.39455500312499997
0 0.91145833359375 0.53712916875 0.99942993359375 0.5808918375000001 0.99955949453125 0.5765155703125 0.9111992125 0.5322922421875 0.91145833359375 0.53712916875
0 0.9996890546874999 0.7002026906250001 0.9996890546874999 0.6972084023437499 0.91923196484375 0.6732541000000001 0.9194910859375 0.6755573984375001 0.9996890546874999 0.7002026906250001
0 0.99955949453125 0.8377095999999999 0.99955949453125 0.8344849828124999 0.9284307625 0.82665376796875 0.9288194445312501 0.8298783859375 0.99955949453125 0.8377095999999999
0 0.7289075453125 0.8545236781250001 0.5981809703125001 0.8770960015625 0.48364946093750005 0.8957527179687499 0.2541977609375 0.931684171875 0.09691127656250001 0.95563847421875 0.00012956015625 0.9696885937499999 0.00038868125 0.9812050859375001 0.11530887265625 0.96047540078125 0.3946413765625 0.91579141328125 0.64806177421875 0.8724894046875 0.7953720976562499 0.8478441125 0.90498030703125 0.8298783859375 0.90485074609375 0.8245808 0.7289075453125 0.8545236781250001
0 0.8285395937500001 0.66219826796875 0.65402155859375 0.65022111640625 0.39878731328125 0.6274184632812501 0.1751658375 0.606688778125 0.00012956015625 0.58987470078125 0.00025912109375 0.5940206375 0.09380182421875 0.60323383046875 0.2920294359375 0.62235120703125 0.5095615671875 0.64077759375 0.7239842453125 0.6582826609375 0.8911173296875001 0.6684171734375 0.8907286484375 0.665653215625 0.8285395937500001 0.66219826796875
0 0.71504456875 0.46756955937500005 0.616578565625 0.444306246875 0.39438225546875 0.38649345859375 0.19680244609375 0.33420858671875 0.05208333359375 0.29436152578125 0.0005182421875 0.278699096875 0.00025912109375 0.28745163046875 0.128264925 0.32177077578125 0.29177031484375 0.3657637734375 0.4990671640625 0.41920029453124996 0.6897802656249999 0.46618758046875 0.77697450234375 0.48576561640625 0.84330949453125 0.5011977148437501 0.886712271875 0.524461028125 0.88800787734375 0.52100608046875 0.8420138890625 0.49590012890625 0.71504456875 0.46756955937500005
0 0.7498963515625 0.1888704625 0.6204653812500001 0.12737239765625 0.4468542703125 0.042841348437499996 0.361214759375 0.00023032968749999997 0.3494247515625 0 0.502694859375 0.07577851484375 0.6627021140625 0.15293900859375 0.82737354921875 0.2291781828125 0.83087168359375 0.226414225 0.7498963515625 0.1888704625
0 0.8379975125 0.35931453828125004 0.7898009953125 0.34365211015625 0.6430089140625 0.2927492171875 0.571361940625 0.2662612859375 0.34216936171875 0.18057858828125 0.08823072109374999 0.0815367609375 0 0.04583563671875 0.00012956015625 0.055279159375 0.18889925390625 0.12806338671875 0.48416770312499996 0.24023401484375 0.71543325078125 0.32315275468750004 0.83631322578125 0.36346047578124996 0.8650756632812501 0.38442048984375 0.8702580843750001 0.3846508203125 0.8379975125 0.35931453828125004
0 0.81431313984375 0.71988370625 0.706591296875 0.74453292890625 0.50945676875 0.78450891171875 0.338275028125 0.81563645546875 0.21366609765625003 0.83617747421875 0.086124146875 0.8584565796874999 0.0000888796875 0.87109720625 0 0.87457337890625 0.0243529578125 0.87236126875 0.14051834453125 0.8537163445312499 0.27810366875 0.8300151687499999 0.41142278125000004 0.8074200476562501 0.569361490625 0.7769245351562499 0.675216865625 0.75448742265625 0.78907138828125 0.7296801921875 0.85182025 0.71372140078125 0.89652659296875 0.7010807734375 0.89643771328125 0.6980786250000001 0.882750284375 0.7007647578125 0.81431313984375 0.71988370625