3 0.5828125 0 0.605955615625 0.11682769687500001 0.6025588765625 0.21747181953125 0.57708333359375 0.534259259375 0.5666666664062501 0.6731481484375 0.58125 0.6768518515624999 0.6025588765625 0.46908212578124997 0.62633605078125 0.1953301125 0.64445199296875 0.2657809984375 0.6874773546874999 0.2557165859375 0.684080615625 0.21747181953125 0.6886096015625001 0.20136876015625 0.684080615625 0.18929146562500002 0.6738903984375 0.18929146562500002 0.66143568828125 0.126892109375 0.66596467421875 0.10877616718750001 0.7010643117187499 0.09871175546875 0.71125452890625 0.09669887265625 0.7055932968749999 0.058454106250000006 0.7089900359375 0.04637681171875 0.7089900359375 0.030273752343749998 0.7033288046874999 0.016183575 0.69427083359375 0.024235104687500002 0.692006340625 0.00209339765625 0.64765625 0 0.5828125 0
0 0 0.4546296296875 0.1017504296875 0.4176212296875 0.20591709609375003 0.3789614359375 0.34256872890625 0.32741504374999997 0.48109965624999995 0.2744368078125 0.5997637460937499 0.22766323046874998 0.5997637460937499 0.22193585312500003 0.42713702734375003 0.28923253125000004 0.25075171796875 0.356051928125 0.12000644296875 0.40473463125000003 0.00026847109375 0.4476899578125 0 0.4546296296875
0 0 0.4078703703125 0.0738294671875 0.37657502890625 0.201743659375 0.32214170703125 0.32243341953125004 0.2691867125 0.44163445 0.2162084765625 0.6029853953125001 0.143184421875 0.60244845390625 0.1384116078125 0.4249892609375 0.21954944609375 0.29021692421875 0.279209621875 0.1299398625 0.34936998828125 0.00053694140625 0.40330278750000004 0 0.4078703703125
0 0 0.34861111093749997 0.14873281796875 0.29495990859375 0.2974656359375 0.239595265625 0.43787585937499995 0.18613974765625002 0.6005691578125 0.12266132109375001 0.6005691578125 0.11597938125 0.44995704453125 0.17516227578125002 0.2904853953125 0.2357770140625 0.11759020625000001 0.30116456640625 0 0.34305555546875 0 0.34861111093749997
0 0.00053694140625 0.279209621875 0.14900128828125 0.22623138593749997 0.2810889171875 0.18041237109375 0.3895511171875 0.14127529609375 0.49559707890625004 0.1021382203125 0.59385738828125 0.066819396875 0.59224656328125 0.060137457031249994 0.47143470781249996 0.105479190625 0.30713058437499996 0.16513936640625 0.1358462203125 0.2252768234375 0 0.2734822453125 0.00053694140625 0.279209621875
0 0.45026041640625003 0 0.24994630546875 0.07016036640625 0.1063144328125 0.1197976328125 0 0.15601851875 0 0.16203703671875 0.2008161515625 0.09402443671875 0.34632731953125 0.042478045312500004 0.46614583359374995 0 0.45026041640625003 0
0 0.38333333359375 0 0.2974656359375 0.031500572656249996 0.22793170078124997 0.055841924218750005 0.1342353953125 0.08877434140625 0 0.134722221875 0.00053694140625 0.1398434515625 0.162424828125 0.08447880859375 0.2835051546875 0.041523482031249996 0.39765625 0 0.38333333359375 0
0 0.68970146015625 0.19520809453125001 0.8373603953125001 0.16132111484375 0.9511920101562501 0.13459335625 0.9997395835937499 0.12361111093749999 0.9997395835937499 0.11805555546874999 0.8961554984375001 0.14222985859374998 0.79037800703125 0.16704849140625 0.6856743984375 0.19138984375 0.68970146015625 0.19520809453125001
0 0.66312285234375 0.13029782343750002 0.82823238828125 0.10404734609374999 0.9366945875000001 0.085910653125 0.9997395835937499 0.07453703671875 0.99951675234375 0.0715922109375 0.9463595359375001 0.0806605578125 0.8443406359375001 0.09831996953125 0.73936855703125 0.11454753749999999 0.6644652062499999 0.12600229062499999 0.66312285234375 0.13029782343750002
0 0.711716065625 0.08972890390625 0.75816151171875 0.0806605578125 0.85293170078125 0.062046582812499994 0.939110825 0.0443871703125 0.9997395835937499 0.03194444453125 0.9997395835937499 0.0268518515625 0.95092353984375 0.03675066796875 0.87279853984375 0.0534555171875 0.79413659765625 0.067773959375 0.71144759453125 0.08400152734375001 0.711716065625 0.08972890390625
0 0.7090313570312501 0.02720503984375 0.746348796875 0.0195685375 0.78876718203125 0.01193203515625 0.84166666640625 0 0.79118341953125 0.0042955328125 0.76138316171875 0.010022909375 0.7084944156249999 0.02052310078125 0.7090313570312501 0.02720503984375