3 0.32682291640625 0.9995370367187499 0.3009532234375 0.8870545070312501 0.2609375 0.709259259375 0.31614583359375004 0.640740740625 0.2796875 0.56851851875 0.2921875 0.50740740703125 0.2734375 0.45555555546875004 0.24427083359375001 0.41481481484374993 0.21510416640625 0.34444444453125 0.20989583359375003 0.32592592578125 0.20677083359375 0.3018518515625 0.16822916640625002 0.23518518515625 0.18385416640625002 0.21851851875 0.1734375 0.2 0.14947916640625 0.21851851875 0.14114583359375 0.190740740625 0.09739583359375001 0.00555555546875 0.053645833593750004 0.00555555546875 0.08802083359375 0.13518518515625 0.11302083359375 0.2703703703125 0.04739583359375 0.1111111109375 0.0390625 0.06481481484375 0.0234375 0.06666666640624999 0.0140625 0.09629629609375 0.0734375 0.23518518515625 0.0671875 0.27407407421875 0.1338088765625 0.41473429921875005 0.19310141484375 0.56734800859375 0.29817708359375 0.9995370367187499 0.32682291640625 0.9995370367187499
0 0.09900746875000001 0.8276554859375 0.20145440234374998 0.6957547171875 0.32380110078125 0.54682040546875 0.4390231921875 0.4179769390625 0.53409984296875 0.31053459140625 0.6517786953125 0.17819706484375 0.72670990546875 0.09302935 0.8085200468749999 0.0004367578125 0.80182291640625 0 0.6923152515625 0.12360237578125 0.59551886796875 0.23322851171874998 0.5004422171875 0.33979734453125 0.42501965390625 0.42409154453125 0.30611242109375 0.55599231328125 0.19826061328125 0.69007686953125 0.08868907265625 0.8298392734375 0 0.94351851875 0.00024567578125 0.95344164921875 0.09900746875000001 0.8276554859375
0 0 0.53194444453125 0.06092767265625 0.459468903125 0.13905267265625001 0.36731306796875 0.13684158828124998 0.35770440234375 0.05183765703125 0.45990566015625 0 0.5212962960937501 0 0.53194444453125
0 0.4987505609375 0 0.45794025156249996 0.039308175781249996 0.3156937890625 0.1799440953125 0.20391116328124997 0.28957023046875 0.20833333359375 0.29393780546875 0.255994496875 0.247641509375 0.33706761015625003 0.16771488437499998 0.441479953125 0.06507686953125 0.50709696015625 0 0.4987505609375 0
0 0.33098958359375 0 0.26238207578125 0.061582809375000006 0.19654088046875 0.12229210312500001 0.14003537734375 0.17339273203125 0.1422464625 0.18125436718750002 0.23388364765624997 0.09696016796875 0.295056996875 0.04018169140625 0.33958333359375004 0 0.33098958359375 0
0 0.0004913523437500001 0.71890286484375 0.0624017296875 0.638976240625 0.109571540625 0.57739343125 0.16927083359375 0.5005241093749999 0.16656839609375002 0.4957197765625 0.08844339609375 0.59835779140625 0.029235456250000003 0.6743535992187499 0 0.7134259257812501 0.0004913523437500001 0.71890286484375
0 0.00024567578125 0.3345562546875 0.039308175781249996 0.28957023046875 0.06534984296875 0.25987071953125 0.0631387578125 0.25288259921875 0.017443003125000002 0.30485674375 0 0.32363731640625 0.00024567578125 0.3345562546875
0 0.0001719734375 0.74210342421875 0.0624017296875 0.6651816914062499 0.10883451250000001 0.60752969921875 0.177869496875 0.5214884695312499 0.17492138359375 0.5153738640625 0.0889347484375 0.62194269765625 0.0282527515625 0.69662823203125 0 0.73148148125 0.0001719734375 0.74210342421875
0 0 0.7602688546875 0.062043042187499994 0.6835779171875 0.10932586484375 0.6267470296875 0.183520046875 0.53546471015625 0.1795892296875 0.52891334765625 0.0885760609375 0.64033892421875 0.0275157234375 0.7162823203124999 0 0.74944540390625 0 0.7602688546875
0 0.26813271640625 0.43295610390625 0.28597608046875 0.4149519890625 0.33709490703125 0.36351166015624997 0.391107253125 0.30435528125 0.45235339531249996 0.24091220859375 0.5102237656249999 0.17918381328125 0.5618248453125 0.12345678984375 0.629340278125 0.05144032890625 0.67660108046875 0.0017146773437499998 0.66888503125 0.0008573390625 0.62789351875 0.0454389578125 0.589795525 0.08659122109375 0.543016975 0.13631687265625 0.48321759296875 0.19804526718749998 0.41425540156249996 0.27177640625 0.36361882734375 0.32407407421875 0.314911265625 0.375514403125 0.26379243828125 0.42866941015625004 0.26813271640625 0.43295610390625
0 0.25270061718750003 0.41066529531249996 0.29176311718750003 0.375514403125 0.32455632734375 0.34122085078125003 0.37953317890625 0.28549382734375 0.42390046328125 0.24176954765624997 0.48080632734375 0.18432784609375 0.5304783953125 0.13545953359375001 0.50684799375 0.1611796984375 0.4504243828125 0.21947873828125003 0.39158950625 0.28034979453125 0.32696759296875 0.34550754453125 0.28549382734375 0.38923182421875 0.2536651234375 0.42181069921875 0.26089891953125 0.42524005468750004 0.34239969140625004 0.33779149531249997 0.388213734375 0.2923525375 0.43451003125 0.24434156406250002 0.49864969140625004 0.17489711953125 0.55169753125 0.12002743515625 0.59268904296875 0.0780178328125 0.63319830234375 0.034293553125 0.66502700625 0.0025720164062499997 0.659722221875 0 0.6399498453125 0.01800411484375 0.58015046328125 0.08144718828125 0.51070601875 0.14746227734375 0.44897762343750003 0.20919067187499998 0.3727816359375 0.28463648828125 0.2907986109375 0.36779835390625004 0.24546682109375 0.41237997265625 0.25270061718750003 0.41066529531249996