0 0 0.77870370390625 0.05255114765625 0.70691949453125 0.13221153828125 0.59740028515625 0.18696981015625 0.5228432023437499 0.18494261484375002 0.51868485234375 0.09902070859374999 0.635950321875 0.033682634375 0.7254934578125 0 0.772222221875 0 0.77870370390625
0 0 0.8138888890624999 0.027912924218750003 0.772898646875 0.08576596796875 0.69084054140625 0.1551584328125 0.5949212687500001 0.1843188625 0.5547238859375 0.21254366249999998 0.5170215125000001 0.25402320390625 0.45741849609375 0.25324351328125 0.45464626328125 0.15141591796875 0.59658460859375 0.09465444140625 0.675316034375 0.042067307812499996 0.7487535609375 0 0.8083333335937499 0 0.8138888890624999
0 0 0.846759259375 0.035553892187500005 0.794799290625 0.0957460078125 0.7077511640624999 0.15281936093749998 0.6237524953125 0.1983173078125 0.55733618203125 0.238273453125 0.49955644296874996 0.23687001015625003 0.49567531640625007 0.17823727578124998 0.5816145484375 0.133638971875 0.647316478125 0.0840506484375 0.71939454453125 0.0405439125 0.78315591015625 0 0.8421296296874999 0 0.846759259375
0 0 0.9555555554687499 0.038204840625 0.89848081640625 0.09636976015625 0.80976935 0.1593687625 0.71412730078125 0.21613023984375 0.6273563984375 0.25841346171875 0.5626780625000001 0.25854540937500003 0.55666444921875 0.19819735546875 0.64981148828125 0.13551022968749998 0.7454535375 0.0877931640625 0.8186404968750001 0.04537799375 0.882956309375 0 0.95046296328125 0 0.9555555554687499
0 0.06875 0.9995370367187499 0.1627994015625 0.8505211796875001 0.21238772421875002 0.77151253046875 0.26462699609375 0.6880683078125001 0.300804640625 0.6304058546875 0.299245259375 0.6268019515625001 0.2398838140625 0.722044159375 0.1886851296875 0.80367043671875 0.13940868281250002 0.88212463984375 0.065625 0.9995370367187499 0.06875 0.9995370367187499
0 0.11302083359375 0.9995370367187499 0.17215568828125 0.9006986031249999 0.22517465078124999 0.8108782437500001 0.27289171640625 0.729374584375 0.31468313359375 0.65757374140625 0.3145271953125 0.65424706171875 0.2417040921875 0.7784431140625 0.18993263437500002 0.8666001328125 0.11118388203125 0.99939010859375 0.11302083359375 0.9995370367187499
0 0.12760416640625 0.9995370367187499 0.22335737187500002 0.8422364671875 0.27193509609375 0.76210826171875 0.32294785390624997 0.67753382109375 0.32201522421875 0.6730769234375 0.26852544921875 0.7612552671875 0.2094249 0.859115103125 0.12421875 0.9995370367187499 0.12760416640625 0.9995370367187499
0 0.15 0.9995370367187499 0.24513473046874998 0.8422044796874999 0.2969061875 0.7565424703125 0.33542290390625 0.6925038812500001 0.33323977031249996 0.68945442421875 0.28037674687499997 0.77761144375 0.227357784375 0.86604568671875 0.146875 0.9995370367187499 0.15 0.9995370367187499
0 0.19557291640625002 0.9995370367187499 0.19869791640625 0.9995370367187499 0.23297155703125 0.941173209375 0.27024076875 0.87796628984375 0.3081337328125 0.81309603046875 0.34836576875 0.74434464375 0.347742015625 0.73990907109375 0.30860154687499997 0.8064426703124999 0.2660304390625 0.87935240625 0.22688997031249997 0.94588600546875 0.19557291640625002 0.9995370367187499
0 0.81875 0 0.77657185625 0.06736526953125001 0.7146434296875 0.165598290625 0.66663547890625 0.24146152109375 0.6087824351562501 0.33211355078125 0.533620259375 0.44910179609374995 0.47919785390624997 0.533100465625 0.38064496015625 0.68529607421875 0.38189246484375 0.68834553125 0.45622996796875004 0.57425213671875 0.5434443609375 0.43829008671874997 0.5947480039062499 0.358726990625 0.6543163671875 0.265302728125 0.72292914140625 0.15718562890625 0.7826534429687501 0.062098025781249996 0.82135416640625 0 0.81875 0
0 0.36894960078125 0.6387225546875 0.45502744531249995 0.5095364828125 0.521145209375 0.4113994234375 0.58461202578125 0.31603459765625 0.65322480078125 0.2115214015625 0.7081150203125001 0.12779995546875 0.76144585859375 0.045187403125 0.79045034921875 0.0002772234375 0.78828125 0 0.7511539421875 0.0568307828125 0.6753680140625 0.17326458203125 0.6288984531249999 0.24395653125 0.5707335328124999 0.33183632734375 0.50681089765625 0.428240740625 0.42976546875 0.54280328203125 0.3683258484375 0.63345531171875 0.36894960078125 0.6387225546875
0 0.77526041640625 0 0.7531811375 0.034098469531249995 0.67801896171875 0.1474828125 0.6284306390625 0.22122421796874997 0.5746319859375 0.3013417609375 0.5011851296875001 0.40918163671874996 0.41495134765625 0.53448658203125 0.35351172656249996 0.6226436015625 0.356162675 0.62486138828125 0.39904565859374996 0.5619316921874999 0.4682491984375 0.4611823359375 0.5237961578125 0.38035041015625 0.5799338820312501 0.2977378578125 0.6338884734375 0.21762031484375002 0.67708333359375 0.15302727890625 0.735092315625 0.06487025937499999 0.7776041664062501 0 0.77526041640625 0
0 0.7734375 0 0.74055015 0.0490685296875 0.7193425648437499 0.07956309609375 0.68410054921875 0.13168108203125 0.6334206585937501 0.20459081875 0.56979790390625 0.29579729453125003 0.50380608984375 0.38817663828125004 0.44738647734375 0.4673985359375 0.38411458359375 0.5546652421875 0.34524700625000004 0.6087824351562501 0.34665044921875 0.610445775 0.46235653671875 0.44937901953125003 0.5312811875000001 0.35290530078125004 0.6176709078125 0.23064981171875001 0.71591192578125 0.08815701953125 0.7753243515625 0 0.7734375 0
0 0.7380208335937499 0 0.71825099765625 0.0288312265625 0.671157684375 0.0975826125 0.6112774453125 0.18435351484375 0.5518650203125001 0.2691838546875 0.47327220546875 0.38090485703125 0.39935753515625 0.4845863828125 0.33589071875 0.57302062578125 0.33620259453125 0.5774561984375 0.39358782421875 0.4976158796875 0.46344810390625 0.399201596875 0.544535928125 0.2841539140625 0.63544785390625 0.1538589484375 0.7004740515625001 0.05932579296875 0.74068509609375 0 0.7380208335937499 0
0 0.67708333359375 0 0.6039483531250001 0.09924595234375 0.53439995 0.19294743828125 0.45689870234374996 0.29524284765625 0.3761017625 0.40064102578125 0.29285179609375 0.5084275890625001 0.29425523984375 0.51175426953125 0.42352794375 0.34292526093750003 0.4957272953125 0.24756043437500003 0.57400823359375 0.14387890859375002 0.64433632734375 0.04740518984375 0.6794270835937499 0 0.67708333359375 0
0 0.62760416640625 0 0.55155314375 0.09869150625 0.47030938125 0.20154136171874998 0.37160054921875 0.32490574375 0.27335953125 0.44660678671875004 0.27538672656249996 0.44937901953125003 0.36816991015625 0.333776890625 0.42992140703125 0.25587713437500004 0.50258857265625 0.16522510546875 0.5715132234375 0.07623641640625 0.6296875 0 0.62760416640625 0
0 0.60052083359375 0 0.56589945078125 0.04574185 0.510073603125 0.11920603203124999 0.43419471171875 0.21901709375 0.34228418125000004 0.33959858046875 0.2699288921875 0.43191395000000005 0.27086452109375003 0.43524062968750005 0.330432884375 0.3592814375 0.3948353296875 0.27445109765625003 0.45471556875 0.195719671875 0.5063310875 0.12724550859375 0.55607534921875 0.061820803125000004 0.60260416640625 0 0.60052083359375 0
0 0.57604166640625 0 0.5144398703124999 0.0812264359375 0.44551521953125006 0.17215568828125 0.382048403125 0.25587713437500004 0.3817365265625 0.26225327109375 0.45596307421875004 0.1638389890625 0.52033253203125 0.07923789140625001 0.57942708359375 0 0.57604166640625 0
0 0.30849358984375 0.12286324765625001 0.35807291640625 0.0641025640625 0.41015625 0.0017806265625000001 0.40314503203124996 0.0017806265625000001 0.34955929453125 0.06143162421875 0.30598958359375 0.1112891734375 0.30849358984375 0.12286324765625001
0 0 0.48425925937500003 0.06861277421874999 0.40058771328125 0.11468349375 0.34366096874999996 0.11617390234375 0.3301729875 0.052707085937499995 0.40668662656250004 0 0.4703703703125 0 0.48425925937500003
3 0.36708733984375 0.75231481484375 0.37009214765625 0.75231481484375 0.389845309375 0.7166223109375001 0.38345184609375 0.7038700375 0.38111277421875 0.6886227546875 0.37471931171875 0.68612774453125 0.37050898203125 0.6803060546874999 0.37783807421875004 0.67060323828125 0.371132734375 0.65674207109375 0.37459935859375004 0.649928775 0.36558493593749997 0.6339031335937501 0.36107772421875 0.63835470078125 0.3370392625 0.59472934453125 0.3400440703125 0.59116809140625 0.33303285234375 0.571581196875 0.3270232375 0.5795940171875 0.31450320546875 0.5608974359375 0.32001201953125 0.55110398828125 0.31600560859375004 0.5386396007812501 0.30548878203125 0.550213675 0.26392227578125 0.41577635312499994 0.3240184296875 0.3356481484375 0.33303285234375 0.3329772078125 0.3660857375 0.29291310546875 0.3595753203125 0.27777777812500004 0.3034855765625 0.35523504296874997 0.29847756406250003 0.3498931625 0.29847756406250003 0.33653846171875 0.28645833359375 0.31160968671875 0.27894631406250003 0.32763532734375 0.28545673046875 0.34722222187499996 0.279447115625 0.3579059828125 0.26642628203125 0.33653846171875 0.24439102578125 0.290242165625 0.2228565703125 0.2234686609375 0.22485977578125 0.21011396015625 0.24539262812499998 0.1860754984375 0.25390625 0.18518518515625 0.2959735578125 0.14334045546875002 0.286959134375 0.12108262109375001 0.259915865625 0.14957264921875 0.23287259609375002 0.18518518515625 0.22435897421875 0.14957264921875 0.21334134609375002 0.128205128125 0.19130608984375 0.15847578359375 0.18229166640625 0.134437321875 0.169771634375 0.13087606875 0.16326121796874998 0.14601139609375 0.169771634375 0.16648860390625 0.16326121796874998 0.16826923046875 0.1612580125 0.1798433046875 0.16626602578125 0.18963675234375 0.169771634375 0.2110042734375 0.1847956734375 0.24394586875000002 0.17177483984375 0.26264245 0.16075721171875 0.26353276328124997 0.12670272421875 0.29736467265625 0.13772035234375 0.3267450140625 0.1677684296875 0.28846153828125 0.1923076921875 0.246616809375 0.24639423046875 0.42646011406250006 0.20633012812499998 0.4736467234375 0.21434294843749999 0.49501424531250005 0.24138621796874998 0.45851139609375 0.24939903828125 0.43625356093749995 0.2979767625 0.58493589765625 0.25240384609375 0.5048076921875 0.24739583359375 0.48522079765625004 0.24188701953125 0.4861111109375 0.23537660234375002 0.49323361796875 0.26241987187500004 0.54309116796875 0.25791266015625 0.55110398828125 0.3363585328125 0.69472166796875 0.3343313375 0.69915724140625 0.38711939140624996 0.8698361820312501 0.39813701953125 0.871616809375 0.40064102578125 0.8636039882812501 0.36708733984375 0.75231481484375