0 0.702433628125 0.0807112421875 0.7916205749999999 0.294165846875 0.87389380546875 0.49246148828124997 0.9188329648437501 0.60021304453125 0.99949299375 0.7919534578125 0.99949299375 0.7542608984375 0.975064528125 0.6969026546875 0.8612186578125 0.4256801046875 0.7646570796875001 0.1950180265625 0.68376659296875 0.0008194031250000001 0.668556415625 0 0.702433628125 0.0807112421875
0 0.44916113593749996 0 0.48073377578125004 0.080301540625 0.57130346640625 0.31219272343750004 0.6565726398437499 0.52933464453125 0.75013827421875 0.7677810554687501 0.84140625 0.9995370367187499 0.8612186578125 0.99926253671875 0.82526733046875 0.9078990492187501 0.74898598828125 0.71779744375 0.6353705749999999 0.42936742031249997 0.5443399703125 0.19788593906250002 0.46713679921875 0 0.44916113593749996 0
0 0.43325958671875 0.0741560140625 0.521063790625 0.30317928515625 0.61532079609375 0.54736152109375 0.6777747046875 0.7079646015625001 0.7916205749999999 0.99844313359375 0.8 0.9995370367187499 0.72916666640625 0.8181743687499999 0.6588772125 0.6407735171875 0.5738384953125 0.41666666640625005 0.49317846640624996 0.20894788593750002 0.41136615078125 0 0.4049133484375 0.00040970156250000003 0.43325958671875 0.0741560140625
0 0.37495390859375 0.10734185546875 0.43856010312500004 0.2740904625 0.5155328171875 0.47812192734375003 0.6233867992187501 0.7624549328125 0.71211283203125 0.99926253671875 0.7203125 0.9995370367187499 0.6570335546875 0.8325139296874999 0.5703816374999999 0.60881678125 0.47520280234375 0.3527531953125 0.4109052359375 0.18354637812500002 0.341998525 0 0.33439343671875 0.00040970156250000003 0.37495390859375 0.10734185546875
0 0.21386430703124998 0.06842018984375 0.29498525078125 0.294165846875 0.40007374609374996 0.5850540804687501 0.4772769171875 0.80014749296875 0.5505208335937499 0.9995370367187499 0.55770648984375 0.99885283515625 0.45377028046875 0.7108325140625 0.35467367265625 0.43756145546875 0.27170907109375003 0.2081284828125 0.1961191 0.00040970156250000003 0.18897492656249998 0.00040970156250000003 0.21386430703124998 0.06842018984375
0 0.1403484515625 0 0.1587850296875 0.052441822656250005 0.22861356953124998 0.25073746328125 0.304433996875 0.46337266484375006 0.404682890625 0.74729596875 0.49433075234375 0.99926253671875 0.50260416640625 0.9995370367187499 0.4477783921875 0.8480825960937499 0.35743915937500004 0.5952966242187501 0.27724004453125 0.36832186171875 0.2023414453125 0.15650606328125 0.14726216796875 0 0.1403484515625 0
0 0.10969763984375 0.07579482109374999 0.193814528125 0.3150606359375 0.27654867265625 0.5502294328125 0.35375184375 0.770239265625 0.43255208359374997 0.9995370367187499 0.43958333359374996 0.9995370367187499 0.40790929218749994 0.9078990492187501 0.34061578203125 0.71370042578125 0.24774151953125 0.44985250703124996 0.16247234531250002 0.20730907890625 0.08941740390625 0.00040970156250000003 0.083195059375 0.0008194031250000001 0.10969763984375 0.07579482109374999
0 0.02442846640625 0.18846279921875 0.0924133484375 0.3924942640625 0.18482669609375 0.6739593578124999 0.24520648984375 0.8542281218750001 0.29322916640624996 0.9995370367187499 0.29869791640625 0.9995370367187499 0.22146939531249998 0.7690101609375 0.1456489671875 0.5408062929687499 0.0633757375 0.29211733828124997 0.00023045703125 0.10078662734374999 0 0.114306784375 0.02442846640625 0.18846279921875
0 0.00023045703125 0.41502785937500003 0.03410766953125 0.52032120625 0.10232300859375001 0.73459521484375 0.1875921828125 0.99926253671875 0.20372418906249998 0.99926253671875 0.14979719765625 0.8341527367187499 0.0652193953125 0.57030481796875 0.00023045703125 0.37118977421875 0.00023045703125 0.41502785937500003
0 0.0442477875 0.99844313359375 0.05286458359375 0.9995370367187499 0 0.829236315625 0.00046091484375000003 0.8538184203125001 0.0442477875 0.99844313359375
0 0.00023045703125 0.9275647328125001 0.022354350781249997 0.99844313359375 0.030650810937500002 0.99926253671875 0.00023045703125 0.9005244179687499 0.00023045703125 0.9275647328125001