0 0.25 0.9995370367187499 0.28673537265625 0.70626477578125 0.32468971640625 0.40238376640625007 0.359042553125 0.11081560312500001 0.35738031953125 0.11130811640625 0.3421431734375 0.23837667421875 0.300043403125 0.5785493828125 0.246875 0.9995370367187499 0.25 0.9995370367187499
0 0.29296875 0.9995370367187499 0.3105607265625 0.8220055164062501 0.336048315625 0.55900315234375 0.35571808515625 0.3477147359375 0.35377881171875003 0.34869976328124996 0.34103501796875 0.48315602812499997 0.31388519531250003 0.76191883359375 0.29010416640625 0.9995370367187499 0.29296875 0.9995370367187499
0 0.47369791640625003 0 0.47207446796874997 0.12362096171875 0.46822916640625 0.320061728125 0.46822916640625 0.40493827187500003 0.46597961015625 0.6821316000000001 0.46354166640625005 0.9995370367187499 0.46666666640625004 0.9995370367187499 0.46819592187500003 0.7461583921875 0.47124335078125 0.4265169421875 0.47401374140624997 0.1758274234375 0.4765625 0 0.47369791640625003 0
0 0.34401041640624996 0.9995370367187499 0.3607047875 0.7663514578124999 0.3662455671875 0.69690701328125 0.380928634375 0.5087667453125 0.38702349296875 0.42208431874999996 0.38536125859375 0.4245468875 0.3742796984375 0.5718085109375 0.34114583359375 0.9995370367187499 0.34401041640624996 0.9995370367187499
0 0.38567708359375 0.9995370367187499 0.390625 0.88307722578125 0.40059840390624996 0.65455082734375 0.41057180859375003 0.44621749375 0.40863253515625003 0.44276989765624997 0.40503102812499997 0.5294523250000001 0.39367242890625 0.7806343578125 0.38385416640625 0.9995370367187499 0.38567708359375 0.9995370367187499
0 0.40833333359374996 0.9995370367187499 0.41067708359375 0.9995370367187499 0.41777482265625 0.8067375882812501 0.42470079765625 0.62352245859375 0.4316267734375 0.42700945625 0.42913342187500003 0.42897951171875004 0.42482638906250003 0.5611882718750001 0.41611258828125 0.7949172578125 0.41195700390625 0.90327029140625 0.40833333359374996 0.9995370367187499
0 0.31901041640625 0.9995370367187499 0.32856826250000004 0.8904649328125 0.3438054078125 0.7185776203125 0.35516400703125 0.5801812453124999 0.36929299609375 0.42208431874999996 0.3667996453125 0.42208431874999996 0.35682624140625 0.53536248984375 0.3424202125 0.6983845546875 0.32856826250000004 0.8545114265624999 0.31484375 0.9995370367187499 0.31901041640625 0.9995370367187499
0 0.44215425546875 0.31717888125 0.44603280156249997 0.21128841640624998 0.45046542578125 0.12066587890625 0.44714095781249996 0.12066587890625 0.44326241171875 0.21916863671875003 0.439383865625 0.3166863671875 0.44215425546875 0.31717888125
0 0.31128656953125 0.99811859765625 0.32084441484375004 0.88904649296875 0.33660239375 0.71365248203125 0.347440159375 0.5787628054687499 0.36156914921875 0.42066587890624996 0.35907579765625003 0.42066587890624996 0.34910239375 0.5339440507812501 0.33549423749999996 0.69936958203125 0.3213652484375 0.86140661953125 0.30911458359375 0.9995370367187499 0.31128656953125 0.99811859765625
0 0.41302083359374997 0.9995370367187499 0.41796875 0.9995370367187499 0.42386968046874995 0.8092001578125 0.43055186171875004 0.623089046875 0.43747783671875 0.42657604375 0.43498448593749994 0.42854609921875 0.43067745234375004 0.560754859375 0.42082225156249997 0.7890070921875 0.41638962734374996 0.9037628054687501 0.41302083359374997 0.9995370367187499
3 0.42553191484374997 0.51073680078125 0.4230385640625 0.418636721875 0.45545212734374996 0.41912923593749996 0.478446365625 0.42109929062499996 0.48010859921875 0.3225965328125 0.47401374140624997 0.32358156015625 0.4748448578125 0.30880614687499996 0.46597961015625 0.30732860546874996 0.46570257109375 0.32062647734375 0.43966090390624996 0.32111899140625 0.43993794296875005 0.30141843984375 0.43218085078125 0.3024034671875 0.43190381171875 0.31964145 0.41943705703124995 0.31717888125 0.41749778359375 0.23886918828125 0.41445035468749997 0.11623325468750001 0.41167996484374997 0.048758865624999995 0.44686391875 0.05171394765625 0.44492464531250003 0.11623325468750001 0.45157358125 0.11672576796875 0.45489805 0.040386130468749996 0.45434397187500003 0.00443262421875 0.44824911328125 0.005910165625 0.4438164890625 0.0398936171875 0.4127881203125 0.038416075781249996 0.40946365234375 0.0004925140625000001 0.400321365625 0.00147754140625 0.40142952109375 0.0172379828125 0.40170656015625 0.0334909375 0.39865913124999997 0.0364460203125 0.37317154218750004 0.03299842421875 0.3748337765625 0.02413317578125 0.3684618796875 0.022655634375 0.36375221640625 0.020193065625 0.36319813828125 0.0428487 0.3609818265625 0.067966903125 0.35682624140625 0.11081560312500001 0.36264406015625 0.11081560312500001 0.368184840625 0.04728132421875 0.40087544296875005 0.049743892968749995 0.40503102812499997 0.20439322265625 0.40780141875 0.31717888125 0.36430629453124996 0.31619385312500004 0.36402925546875 0.3024034671875 0.35571808515625 0.30338849453125 0.35544104609375 0.31373128437500003 0.3515625 0.31471631171875003 0.34906914921875 0.3344168640625 0.34851507109375 0.3427895984375 0.40918661328125 0.34574468046875 0.41029476953125005 0.38810086718750003 0.3679078015625 0.385145784375 0.3684618796875 0.37677305 0.36181294296875 0.373325453125 0.360150709375 0.38416075625 0.35738031953125 0.38563829765625 0.35460992890625 0.40632387734375 0.35460992890625 0.41617415312499995 0.41112588671875 0.41814420781250006 0.41500443281250005 0.52206461796875 0.419991134375 0.63485027578125 0.423315603125 0.67671394765625 0.43245788984375 0.6781914890625 0.43495124140624997 0.6712962960937501 0.42553191484374997 0.51073680078125
0 0.3609818265625 0.2999408984375 0.3748337765625 0.19306540546875 0.38619237578125 0.1049054375 0.3839760640625 0.10539795078125 0.3737256203125 0.18420015781250001 0.3587655140625 0.299448384375 0.3609818265625 0.2999408984375
0 0.37898936171875 0.31471631171875003 0.3823138296875 0.28073286015625 0.3897938828125 0.1891252953125 0.3972739359375 0.10638297890625 0.39450354609375 0.10638297890625 0.39201019531250003 0.13938140234375002 0.3839760640625 0.22655634375 0.37621897187500003 0.3166863671875 0.37898936171875 0.31471631171875003
0 0.4368905140625 0.2974783296875 0.44187721640625 0.19700551640625 0.4465868796875 0.11721828203125 0.4438164890625 0.11820330937500001 0.43799867031249995 0.23246650937500002 0.43467420234375 0.301910953125 0.4368905140625 0.2974783296875
0 0.37234042578125004 0.3142237984375 0.383144946875 0.21966115078124998 0.3914561171875 0.15514184375 0.3897938828125 0.152679275 0.37982047890625 0.23591410546875 0.37067819140624997 0.31225374296875 0.37234042578125004 0.3142237984375
0 0.39422650703125 0.31570133984375 0.39755097500000003 0.27334515390625 0.40309175546875 0.19552797500000002 0.40198359921875 0.19651300234375 0.3972739359375 0.25413711562499997 0.392287234375 0.31816390859375 0.39422650703125 0.31570133984375