3 0.49010416640625004 0.872222221875 0.48367300703125 0.756924315625 0.60989583359375 0.78703703671875 0.6234375 0.63333333359375 0.5828125 0.627777778125 0.6057291664062501 0.39074074062499997 0.61995967734375 0.09856630859375 0.60260416640625 0.1 0.5828125 0.3481481484375 0.48697916640625005 0.31666666640624996 0.5203125 0.01296296328125 0.49114583359374997 0.009259259374999999 0.47135416640625005 0.20555555546874998 0.44427083359374997 0.1981481484375 0.4421875 0.22592592578124998 0.4671875 0.23148148124999998 0.45989583359374997 0.31481481484375 0.3859375 0.28703703671874997 0.40572916640625 0.0296296296875 0.38385416640625 0.0388888890625 0.36614583359375 0.27592592578124997 0.34010416640624996 0.259259259375 0.33697916640625 0.290740740625 0.3578125 0.29629629609374997 0.35989583359375 0.3518518515625 0.35783178984375 0.37074759921875 0.35590277812500004 0.39475308671875 0.350115740625 0.43762002734375 0.34432870390625003 0.48563100156249994 0.3337191359375 0.56450617265625 0.33802083359375 0.57592592578125 0.32552083359375 0.6388888890625 0.33489583359375 0.71481481484375 0.4609375 0.759259259375 0.46510416640625 0.86851851875 0.47760416640625003 0.977777778125 0.49114583359374997 0.972222221875 0.49010416640625004 0.872222221875
0 0.3296875 0.9995370367187499 0.34322916640625 0.85370370390625 0.35677083359375 0.72592592578125 0.35052083359375 0.72592592578125 0.3359375 0.88148148125 0.32552083359375 0.9995370367187499 0.3296875 0.9995370367187499
0 0.30416666640625 0.996759259375 0.31770833359375 0.85092592578125 0.33125 0.7231481484375 0.325 0.7231481484375 0.31041666640625 0.8787037039062501 0.3 0.996759259375 0.30416666640625 0.996759259375
0 0.3125 0.9986111109375001 0.32604166640625 0.852777778125 0.33958333359375004 0.725 0.33333333359375 0.725 0.31875 0.88055555546875 0.30833333359375004 0.9986111109375001 0.3125 0.9986111109375001
0 0.42400132265624996 1 0.4375 0.8546296296874999 0.44739583359374996 0.75370370390625 0.44114583359375 0.7481481484375 0.43020833359375 0.88240740703125 0.41983251640625 1 0.42400132265624996 1
0 0.43697916640625 0.9995370367187499 0.45052083359374995 0.85370370390625 0.46041666640625 0.752777778125 0.45416666640625003 0.747222221875 0.44322916640625004 0.88148148125 0.4328125 0.9995370367187499 0.43697916640625 0.9995370367187499
0 0.41510416640625003 0.99444444453125 0.42916666640625 0.847222221875 0.4390625 0.74629629609375 0.4328125 0.740740740625 0.421875 0.875 0.41197916640625004 0.9962962960937499 0.41510416640625003 0.99444444453125
0 0.4984375 0.9995370367187499 0.50677083359375 0.8796296296874999 0.5176403984375 0.7589371984375 0.50885416640625 0.7648148148437499 0.49947916640625 0.8870370367187499 0.49322916640625003 0.9995370367187499 0.4984375 0.9995370367187499
0 0.5531571750000001 1 0.56145833359375 0.88055555546875 0.57083333359375 0.7675925929687499 0.56354166640625 0.765740740625 0.55416666640625 0.88796296328125 0.5479423867187501 1 0.5531571750000001 1
0 0.57763634140625 1 0.5859375 0.88055555546875 0.59114583359375 0.7814814812499999 0.58697916640625 0.7814814812499999 0.57864583359375 0.88796296328125 0.5724215539062499 1 0.57763634140625 1
0 0.5822916664062501 0.9995370367187499 0.590625 0.8796296296874999 0.59583333359375 0.78055555546875 0.59166666640625 0.78055555546875 0.58333333359375 0.8870370367187499 0.57708333359375 0.9995370367187499 0.5822916664062501 0.9995370367187499
0 0.5484375 0.33888888906250003 0.5734375 0.0018518515625 0.56822916640625 0 0.5421875 0.33518518515625 0.5484375 0.33888888906250003
0 0.40260416640625 0.29629629609374997 0.43333333359375 0 0.42604166640625 0.0111111109375 0.39635416640625 0.29259259296875 0.40260416640625 0.29629629609374997
0 0.63203125 0 0.6287802421875 0.053763440625000006 0.6161794351562501 0.26956391874999996 0.60614919375 0.43255675 0.5943380375 0.63246714453125 0.59853830625 0.6302270015625 0.60525873671875 0.5159796890624999 0.6224798390624999 0.21804062109375 0.63634072578125 0 0.63203125 0
0 0.63819472421875 0 0.6349798390625 0.053166069531250006 0.62237903203125 0.268966546875 0.612348790625 0.43195937890625 0.600537634375 0.63186977265625 0.604737903125 0.6296296296875 0.61145833359375 0.51538231796875 0.62867943515625 0.21744325 0.640961021875 0.00224014375 0.63880562109375 0 0.63819472421875 0