3 0.29507053828125 0.8475503062499999 0.2997867453125 0.8475503062499999 0.30265748046874996 0.8362496351562501 0.30060695546875 0.8256780406249999 0.296300853125 0.82276173828125 0.29855643046874997 0.81000291640625 0.29691601015625 0.80161854765625 0.29240485546875 0.8019830851562499 0.29199475078125003 0.8067220765625001 0.23929626015625 0.7549577132812499 0.2354002625 0.7513123359375 0.22904363515625 0.74475065625 0.2337598421875 0.7203266257812501 0.24257710000000002 0.7228783898437501 0.244627625 0.7130358703125 0.24196194218749997 0.70939049296875 0.2333497375 0.7068387281249999 0.2319143703125 0.7017352 0.22945373984375 0.69845436015625 0.22453248046875 0.69699620859375 0.22207185078124997 0.69845436015625 0.22084153515625 0.7020997375 0.20546259843749998 0.69699620859375 0.205872703125 0.69189268046875 0.21633038046875003 0.6955380578125 0.2185859578125 0.68642461328125 0.21592027578125 0.680956546875 0.20628280859374998 0.67767570703125 0.20464238828124998 0.6729367164062501 0.2023868109375 0.6696558765625 0.20013123359375 0.6671041117187501 0.1943897640625 0.66856226328125 0.19151902890625 0.6729367164062501 0.1527641078125 0.66017789453125 0.15173884531249998 0.6554389031250001 0.1486630578125 0.6506999125 0.14640748046875002 0.6488772234375 0.14128116796875 0.6506999125 0.1394356953125 0.65215806328125 0.11934055156250001 0.6332021 0.1191354984375 0.62809857109375 0.11339402890625001 0.6266404203125 0.10990813671875 0.6186205890625 0.10150098437499999 0.612423446875 0.022145669531250002 0.5249343828125 0.023375984375 0.5220180812499999 0.026041666406250004 0.52238261875 0.03014271640625 0.5070720328125 0.028502296875 0.5030621171874999 0.03444881875 0.48374161562499995 0.0512631234375 0.41739574218750003 0.05351870078125 0.41593759140625003 0.058645013281250005 0.40609507109375 0.07320373984375 0.35469524609374997 0.08243110234374999 0.30475357265624997 0.07689468515625 0.29673374140625 0.07197342500000001 0.2974628171875 0.06807742812499999 0.32626130078125 0.06377132578125 0.32225138515624996 0.05802985546875 0.32188684765625003 0.0543389109375 0.32662583828125 0.04695702109375 0.3444881890625 0.04347112890625 0.34266549999999996 0 0.43562263046874994 0.0004101046875 0.638305628125 0.0034858921875 0.6339311750000001 0.0055364171875 0.60804899375 0.022145669531250002 0.62190142890625 0.00943241484375 0.6711140273437499 0.017224409375 0.67986293359375 0.061310695312499996 0.68861183984375 0.059875328125 0.6922572179687501 0.0574146984375 0.69335083125 0.056389435937499996 0.702464275 0.065001640625 0.71084864375 0.0699229 0.70902595546875 0.1654773625 0.73964712734375 0.16998851718750002 0.74475065625 0.1749097765625 0.7429279671875 0.20300196874999998 0.7728200640625 0.2887139109375 0.8457276171875 0.29507053828125 0.8475503062499999
0 0.03485892421875 0.5376932046875 0.0371145015625 0.54024496953125 0.173474409375 0 0.171423884375 0.0003645375 0.03485892421875 0.5376932046875
0 0.15625 0.0003645375 0.15337926484375 0.0003645375 0.078125 0.2970982796875 0.08099573515625 0.30183727031249996 0.15625 0.0003645375
0 0.12323654843750001 0.26501895625 0.19274934375 0.00109361328125 0.1902887140625 0.00109361328125 0.14230643046875 0.183727034375 0.04388123359375 0.5482648 0.04593175859375 0.5497229515625001 0.12323654843750001 0.26501895625
0 0.23519521015625 0.0003645375 0.23232447500000003 0.0003645375 0.08489173203125 0.59383202109375 0.08755741484375 0.59638378515625 0.23519521015625 0.0003645375
0 0.28850885859375 0.0003645375 0.28625328046875 0.00072907578125 0.14271653515625 0.6485126859375 0.14538221796875 0.64960629921875 0.28850885859375 0.0003645375
0 0.16527230937499998 0.663823271875 0.1675278875 0.66418781015625 0.224122375 0.4133858265625 0.3149606296875 0.00072907578125 0.3125 0.00145815078125 0.2997867453125 0.062335957812499995 0.242372046875 0.32407407421875 0.16527230937499998 0.663823271875
0 0.23745078749999998 0.40135608046875 0.2755905515625 0.21872265937500002 0.32029199453125 0.0003645375 0.3180364171875 0.00072907578125 0.29035433046875003 0.1370662 0.25488024921874997 0.30694079921875 0.1781906171875 0.66929133828125 0.18126640390624998 0.66892680078125 0.23745078749999998 0.40135608046875
0 0.24790846484375 0.423592884375 0.2897391734375 0.21434820625 0.331774934375 0.00072907578125 0.32992946171875 0.0003645375 0.26677329375 0.31969962109375 0.19603018359375 0.66673957421875 0.19890091875 0.66673957421875 0.24790846484375 0.423592884375
0 0.28953412109375 0.36964129453125 0.3342355640625 0.12904636953124998 0.35822670625 0.0003645375 0.35617618125 0.00072907578125 0.2581610890625 0.5238407695312499 0.22514763750000003 0.69626713359375 0.22781332031249998 0.69663167109375 0.28953412109375 0.36964129453125
0 0 0.6768518515624999 0.00020505234375 0.69444444453125 0.0178395671875 0.62007873984375 0.01537893671875 0.6178915132812499 0 0.6768518515624999
0 0.00020505234375 0.7341790609375 0.00020505234375 0.74620880703125 0.014148621875 0.6769466320312499 0.012098096875 0.6747594046875001 0.00020505234375 0.7341790609375
0 0.00184547265625 0.9988334789062501 0.00430610234375 0.9988334789062501 0.06110564296875 0.70793234140625 0.058850065625 0.70538057734375 0.00184547265625 0.9988334789062501
0 0.07833005234375 0.99846894140625 0.08079068203125 0.9991980171874999 0.1293881234375 0.72834645703125 0.12692749375 0.72725284375 0.07833005234375 0.99846894140625
0 0.10949803124999999 0.9988334789062501 0.11154855625 0.9991980171874999 0.15255905546874998 0.73745990078125 0.1507135828125 0.73600175 0.10949803124999999 0.9988334789062501
0 0.1222112859375 0.9988334789062501 0.12549212578125 0.9991980171874999 0.16773293984374998 0.7443861187499999 0.16568241484375 0.74183435390625 0.1222112859375 0.9988334789062501
0 0.1404609578125 0.99846894140625 0.14333169296874998 0.9988334789062501 0.18352198125000002 0.7538641 0.18147145703125 0.7513123359375 0.1404609578125 0.99846894140625
0 0.17778051171875 0.9991980171874999 0.17983103671875 0.9988334789062501 0.21386975078125 0.783756196875 0.21140912109375 0.7815689703124999 0.17778051171875 0.9991980171874999