0 0.053831096093749996 0.0751926421875 0.0604725953125 0.2718742234375 0.0702600671875 0.55866268984375 0.079348434375 0.81406910234375 0.08511605156249999 0.9986328609375 0.09630173359375001 0.9992542875 0.09350531328125 0.9178473773437499 0.08738814296875 0.7491300023437499 0.07550335546875 0.4169773796875 0.06798797578125 0.20600298281249999 0.060822147656250006 0.00093213984375 0.051384228125 0.00093213984375 0.053831096093749996 0.0751926421875
0 0.08668903828124999 0.14510315703125 0.0978747203125 0.43127019609375 0.1085360734375 0.70376584609375 0.1157019015625 0.885533184375 0.12024608515624999 0.9989435742187499 0.1263632546875 0.9989435742187499 0.11989653281249998 0.8348869000000001 0.10731263984374999 0.51889137421875 0.0957774046875 0.23117076796874997 0.08633948515624999 0.0006214265624999999 0.08074664453125 0 0.08668903828124999 0.14510315703125
0 0.12024608515624999 0.1519388515625 0.1274119125 0.31972408671874997 0.13667505625 0.5238627890625 0.1462877515625 0.73670146640625 0.15729865781250002 0.9992542875 0.16359060390625 0.9989435742187499 0.15694910546875002 0.861918965625 0.14943372500000002 0.695376584375 0.13877237109375 0.45488441484375003 0.1284605703125 0.22526721328125002 0.11832354609375 0 0.11325503359375 0.0006214265624999999 0.12024608515624999 0.1519388515625
0 0.28226370234375 0.08078548359375 0.29519714765625 0.28585632578125 0.31110178984375 0.53131991015625 0.322287471875 0.70159085234375 0.33452181171875 0.8852224710937501 0.3423867453125 0.9992542875 0.34791666640624996 0.9995370367187499 0.33539569375 0.82680835234375 0.32193791953125 0.62484464296875 0.3034116328125 0.3433383046875 0.29309983203125 0.17772806328125 0.28121504453125 0.0006214265624999999 0.27719518984375 0.00031071328124999997 0.28226370234375 0.08078548359375
0 0.29379893749999997 0.05903554531250001 0.311276565625 0.29952771562499997 0.32700643203125 0.52199850859375 0.34395973125 0.76031568515625 0.36056347890625 0.9986328609375 0.36423378046875 0.9986328609375 0.35619407187499996 0.885533184375 0.3381921140625 0.6378946062499999 0.32019015624999997 0.37938105859375 0.30428551484375 0.15442455859374998 0.29327460859375 0.0006214265624999999 0.29012863515625 0.00031071328124999997 0.29379893749999997 0.05903554531250001
0 0.3598643734375 0.06089982578125001 0.3759437921875 0.25820283359374996 0.394470078125 0.48222719375 0.41177293046874996 0.69133731015625 0.43619791640625005 0.9995370367187499 0.44895833359375 0.9995370367187499 0.43763982109375005 0.8612975390625 0.418239653125 0.63074819765625 0.40006291953125006 0.41200596562499997 0.37978887031249997 0.16250310703124998 0.36598154374999997 0.0006214265624999999 0.3551454140625 0 0.3598643734375 0.06089982578125001
0 0.40687919453125004 0.15722097968749998 0.42785234921875004 0.4048595578125 0.447951621875 0.639137459375 0.46770134218750004 0.8681332335937499 0.47923657734375 0.9992542875 0.48463541640625 0.9995370367187499 0.46175894843750004 0.738565746875 0.44270833359374995 0.51920208828125 0.42016219218749995 0.2594456875 0.39796560390625 0.0006214265624999999 0.39307186796875004 0.00031071328124999997 0.40687919453125004 0.15722097968749998
0 0.4112486015625 0.07332836171875 0.4302992171875 0.29051702734374996 0.45267058203125005 0.5403305992187499 0.47836269609375004 0.83395476015625 0.49322916640625003 0.9995370367187499 0.49947916640625 0.9995370367187499 0.48919882578124996 0.8914367390625 0.46700223750000003 0.64038031328125 0.4418344515625 0.35825254765625003 0.42033696875000004 0.11434253046875001 0.41019994375 0.0006214265624999999 0.40513143203124996 0.00031071328124999997 0.4112486015625 0.07332836171875
0 0.548098434375 0.21377081796875 0.5734409953124999 0.4492915734375 0.59686101796875 0.669276659375 0.6150377515625001 0.83675118046875 0.63251538046875 0.9992542875 0.63776041640625 0.9995370367187499 0.631816275 0.9467437234375 0.61189177890625 0.7606263984375 0.5882969796874999 0.5421948796875 0.5655760625 0.33215262265625 0.54460290859375 0.1367138953125 0.52974692421875 0.00031071328124999997 0.52537751640625 0 0.548098434375 0.21377081796875
0 0.56138143203125 0.07923191640625 0.58602488828125 0.30418841640625 0.61276566015625 0.548098434375 0.63618568203125 0.7618692515625 0.66276041640625 0.9995370367187499 0.66901041640625 0.9995370367187499 0.6557606265625 0.87994034296875 0.6311171703125 0.6590231171875 0.6040268453125 0.4151131 0.5764121921875 0.168717375 0.55788590625 0.0006214265624999999 0.5526426171875001 0 0.56138143203125 0.07923191640625
0 0.6073475953125 0.20942083046875 0.6291946312500001 0.40610241093750005 0.65611017890625 0.6400696 0.68197706953125 0.87061894140625 0.6970078296875 0.9986328609375 0.7073196312500001 0.9992542875 0.68005453046875 0.76684066640625 0.6533137585937501 0.5319413374999999 0.626223434375 0.29642058203125 0.6043763984375 0.10471041484375002 0.59284116328125 0.0006214265624999999 0.5834032437500001 0 0.6073475953125 0.20942083046875