0 0.57746085 0.9893114593749999 0.617834171875 0.8181083765625001 0.6783067671875 0.561148396875 0.72165128671875 0.37223465078125 0.7557257171875 0.2250429234375 0.778278803125 0.1270817796875 0.776531040625 0.12739249296875 0.7562431015625 0.21645817968749997 0.70967853203125 0.41513367656250005 0.67376258359375 0.5695376585937499 0.6311171703125 0.74602286875 0.60000699140625 0.87590106875 0.5737905484375 0.987136465625 0.57746085 0.9893114593749999
0 0.75065104140625 0.4108796296875 0.77734375 0.31365740703125 0.7875 0.2736111109375 0.801171875 0.2125 0.8 0.21134259296875002 0.79192708359375 0.24907407421875 0.775 0.31782407421875003 0.7497395835937499 0.409027778125 0.75065104140625 0.4108796296875
0 0.772336409375 0.40144171015624996 0.78090044765625 0.3607382546875 0.79418460234375 0.29096149140625 0.7927684296875 0.29113247890625 0.78037611875 0.35328113359375 0.7705886468750001 0.401130996875 0.772336409375 0.40144171015624996
0 0.73406040234375 0.9952150132812501 0.76569491015625 0.7093586875 0.78352209140625 0.531009196875 0.79558165546875 0.42163808124999996 0.8186741171874999 0.20358106484375 0.81712196484375 0.20235467265625 0.79558165546875 0.40641312421875 0.7788031320312501 0.56239125 0.76071714765625 0.7362891734375 0.73283696875 0.9921078796874999 0.73406040234375 0.9952150132812501
0 0.62342701328125 0.9930400195312499 0.6433515101562499 0.8867760375 0.67114093984375 0.7410514539062499 0.70085290859375 0.58351976171875 0.7288171140624999 0.4318916234375 0.72776845625 0.4318916234375 0.69648350078125 0.59781257734375 0.67376258359375 0.71774794921875 0.6438758390625 0.87341536171875 0.6218540265625 0.9899328859375001 0.62342701328125 0.9930400195312499
0 0.65667907578125 0.9952150132812501 0.68813880703125 0.810029828125 0.73200765546875 0.548098434375 0.76434126796875 0.35763112109375 0.7926550265625 0.1876708921875 0.8096083265624999 0.0804747703125 0.8083848921874999 0.07861048984374999 0.79492711796875 0.1615709671875 0.775601028125 0.27685798359375 0.74878617890625 0.4340666171875 0.72117152578125 0.59284116328125 0.697265625 0.72754629609375 0.67317708359375 0.86875 0.65161056328125 0.9930400195312499 0.65667907578125 0.9952150132812501
0 0.83919270859375 0.99351851875 0.84486856796875 0.75658712421875 0.8476649890625 0.6705195125000001 0.85098573828125 0.55555555546875 0.85395693515625 0.45208799375000003 0.85221354140625 0.45115740703125 0.8466163312500001 0.62142679609375 0.8436451343750001 0.73545861328125 0.83684895859375 0.99166666640625 0.83919270859375 0.99351851875
0 0.8205746640625 0.9989435742187499 0.82931347890625 0.75254785 0.83333333359375 0.63012677109375 0.83892617421875 0.5008699976562501 0.84416946328125 0.3629132484375 0.8494127515625 0.2156350984375 0.85379464296875 0.12235449765624999 0.8524659867187501 0.12235449765624999 0.84626677890625 0.25758140703125 0.8404991609374999 0.39988814296875 0.83606770859375 0.5138888890625 0.8289639265625001 0.6705195125000001 0.82481971171875 0.78347578359375 0.8171875 0.9986111109375001 0.8205746640625 0.9989435742187499
0 0.689142896875 0.99397216015625 0.71833053671875 0.78361918984375 0.7326621921875 0.67984091484375 0.742624440625 0.6086875468749999 0.75660654375 0.5111235398437499 0.7679670023437499 0.4297166296875 0.766394015625 0.4275416359375 0.752761465625 0.5232413625000001 0.7372063757812499 0.63540889921875 0.72532158828125 0.72240865 0.7148350109375 0.794804871875 0.687395134375 0.9952150132812501 0.689142896875 0.99397216015625
0 0.7003285796875 0.99117573984375 0.7220008390625 0.8305369125000001 0.7321378632812501 0.753790703125 0.74227488828125 0.6739373601562499 0.7529362414062499 0.59346258984375 0.7621993851562501 0.52417350234375 0.7606263984375 0.51920208828125 0.7504893734375 0.60340541875 0.74000279609375 0.6764230671875 0.7279432328125 0.77243350703125 0.69875559296875 0.9914864531250001 0.7003285796875 0.99117573984375
0 0.99954558203125 0.03044991328125 0.952355984375 0.03262490703125 0.9109340046875 0.033867760156249996 0.8786003914062499 0.034489187500000004 0.8533653843750001 0.0356125359375 0.85364583359375 0.040277778125000004 0.8948545859375001 0.03977131484375 0.9319071585937501 0.03977131484375 0.96389121953125 0.038839175 0.9997395835937499 0.0375 0.99954558203125 0.03044991328125
0 0.77916666640625 0.12245370390625002 0.8009997203125 0.05313199140625 0.815625 0 0.8141079421875 0.0015535671875 0.796875 0.06203703671875001 0.778125 0.1201388890625 0.77916666640625 0.12245370390625002
0 0.824944071875 0.00124285390625 0.8233710851562501 0.0015535671875 0.81638003359375 0.03666418125 0.809738534375 0.072396221875 0.8118358499999999 0.06835694765625 0.8176034671875 0.038839175 0.824944071875 0.00124285390625
0 0.8519345234375001 0.08527021953125 0.85259885234375 0.11101662890625 0.8541932398437501 0.11101662890625 0.85339604609375 0.08007369609375001 0.8519345234375001 0.0366118671875 0.8523331210937499 0.01724300859375 0.8510044640625001 0.01818783046875 0.8506058671875 0.04464285703125 0.8519345234375001 0.08527021953125
0 0.8472842265624999 0.11455971250000001 0.8480814203125 0.09755291015624999 0.8494100765624999 0.051729025 0.8507387328125 0.022203325781249998 0.8498086734375001 0.02102229765625 0.8475499578125 0.07227891171875 0.846484375 0.1141203703125 0.8472842265624999 0.11455971250000001
0 0.82562712578125 0.11692176875 0.8343962585937501 0.05479969765625 0.83984375 0.018896447656250003 0.8387808250000001 0.0174792140625 0.8305431546875001 0.07558578984375 0.8242984695312501 0.11668556328124999 0.82562712578125 0.11692176875
0 0.85472470234375 0.40887188203124997 0.8524659867187501 0.3682445203125 0.8490114796875 0.29903628125 0.84701849453125 0.225812546875 0.8468856289062501 0.17833522265625 0.84701849453125 0.12944066484375 0.8456898382812501 0.12967687109374998 0.84555697265625 0.21140400625 0.8483471515625001 0.31061035546875 0.8506058671875 0.363047996875 0.8532631804687499 0.40887188203124997 0.85472470234375 0.40887188203124997
0 0.84223533125 0.24045729374999997 0.84329825703125 0.19864890390625 0.8418367343750001 0.20124716562499997 0.8409066749999999 0.24281935 0.8406409437500001 0.29643801953125004 0.841305271875 0.37769274375 0.84223533125 0.42729591874999995 0.84356398828125 0.42587868515625005 0.8418367343750001 0.3377739984375 0.84223533125 0.24045729374999997
0 0.64103890703125 0.9912312976562501 0.6594922734375 0.8882143734374999 0.68415424921875 0.7480990921874999 0.71088576171875 0.5929605101562501 0.7267522078125 0.5015943093749999 0.72537251640625 0.50036791796875 0.70726407265625 0.60461123359375 0.6862237859375 0.72541084140625 0.6594922734375 0.8759504539062499 0.63965921640625 0.9881653179687501 0.64103890703125 0.9912312976562501
0 0.76659078359375 0.4877974 0.7765935429687499 0.43843512421874997 0.77521385234375 0.437821928125 0.7657284765625 0.483505028125 0.76659078359375 0.4877974
0 0.7324434328125 0.47614667656250004 0.744515728125 0.43230316406249997 0.7431360375 0.43199656640625 0.736927428125 0.45376502343749997 0.7300289734375001 0.47859946015625 0.7324434328125 0.47614667656250004
0 0.73641004453125 0.3952048078125 0.7538286421875 0.33879077734375 0.7676255515625 0.29280107890624996 0.7800427703125 0.25049055703125 0.77900800234375 0.2489575671875 0.76417632421875 0.2989330390625 0.75 0.346759259375 0.73641004453125 0.39029923984375003 0.73641004453125 0.3952048078125
0 0.81966145859375 0.19629629609375 0.82552083359375 0.1581018515625 0.82955729140625 0.1296296296875 0.82864583359375 0.1296296296875 0.82473958359375 0.15532407421875 0.818359375 0.196527778125 0.81966145859375 0.19629629609375
0 0.81901041640625 0.19791666640625 0.821484375 0.16759259296875 0.8244791664062501 0.13009259296875 0.82356770859375 0.13009259296875 0.8180989585937499 0.19467592578124998 0.81901041640625 0.19791666640625
0 0.82864583359375 0.9953703703125001 0.83658854140625 0.75694444453125 0.840234375 0.66921296328125 0.84518229140625 0.53773148125 0.843359375 0.5365740742187499 0.84049479140625 0.6150462960937501 0.83528645859375 0.7516203703125 0.82630208359375 0.99351851875 0.82864583359375 0.9953703703125001
0 0.84453125 0.50046296328125 0.845703125 0.49953703671875005 0.8440104164062501 0.45069444453124996 0.84309895859375 0.45046296328124996 0.8434895835937499 0.477777778125 0.84453125 0.50046296328125
0 0.7722151359375 0.7908163265625 0.7986111109375 0.50257201640625 0.8104745367187499 0.37397119375 0.8260995367187499 0.20833333359375 0.82436342578125 0.20730452656249998 0.81018518515625 0.3600823046875 0.7971643515625 0.49845678984374997 0.79021990703125 0.5715020578125001 0.77593537421875 0.72656840546875 0.7722151359375 0.7908163265625
3 0.75623629375 0.9917154 0.78330592109375 0.61342592578125 0.79015899140625 0.5296661796875 0.85269325625 0.5451998046875 0.85611979140625 0.5189043210937501 0.849609375 0.51793981484375 0.8485243054687499 0.5054012343750001 0.8420138890625 0.50250771640625 0.83821614609375 0.5189043210937501 0.79187225859375 0.5080409359375 0.7963267546874999 0.44194688125 0.8615451390625 0.4513888890625 0.864800346875 0.43016975312500005 0.85834703984375 0.42884990234375 0.859375 0.41763117265625 0.8494380484375 0.4163620859375 0.848067434375 0.4322002921875 0.7980685765625 0.42245370390625 0.8018663195312501 0.3751929015625 0.81363075625 0.20376461953125 0.8427563046875 0.20132797265625002 0.8468967015625 0.1784336421875 0.8420138890625 0.1755401234375 0.83821614609375 0.197723765625 0.81380208359375 0.19965277812499999 0.8203125 0.13020833359375 0.8544921875 0.12538580234375002 0.855034721875 0.114776234375 0.82116913359375 0.1197002921875 0.82339638125 0.08619639375 0.8102042218750001 0.08345516562500001 0.8084909539062499 0.12030945390625 0.7807360195312499 0.12274610156250002 0.781792534375 0.1359953703125 0.8084909539062499 0.13188352812499998 0.80300849765625 0.19615009765625 0.781792534375 0.194830246875 0.7815926531249999 0.1833577 0.77576754375 0.18914473671875 0.77473958359375 0.2192982453125 0.780707465625 0.2160493828125 0.7817639804687501 0.1995004875 0.8024945171875 0.20559210546875 0.78210663359375 0.41605750468749997 0.726996528125 0.40702160468750004 0.72157118046875 0.427276234375 0.78125 0.43615984374999994 0.7755962171874999 0.5052997078125 0.72102864609375 0.48996913593749997 0.7177734375 0.512152778125 0.7743969296875 0.525402046875 0.74055989609375 0.98668981484375 0.75623629375 0.9917154
3 0.6860050156249999 0.27049039765625 0.69130979921875 0.12302812109375001 0.6958912039062499 0.12302812109375001 0.69709683671875 0.10759602187499999 0.69516782421875 0.103309328125 0.69130979921875 0.10416666640625001 0.69155092578125 0.0535836765625 0.69830246875 0.0540123453125 0.69782021640625 0.04929698203125 0.69130979921875 0.046724965624999996 0.69251543203125 0.002143346875 0.68841628125 0.0017146773437499998 0.687934028125 0.041152263281250004 0.6828703703125 0.039437585937500005 0.6816647375 0.04415294921875 0.68865740703125 0.051011660156250006 0.6799768515625 0.26706104218750004 0.6860050156249999 0.27049039765625
0 0.470196759375 0.1060462171875 0.50725605390625 0.10624406484375 0.55711360390625 0.1060462171875 0.6109775640625 0.1048591328125 0.6617254273437501 0.10288065859375 0.6739672367187499 0.10248496328125001 0.6729656335937501 0.10090218437500001 0.606080840625 0.10307850546875 0.5659054484375 0.10406774296875002 0.511151175 0.10466128515624999 0.4487179484375 0.1044634375 0.367142984375 0.10189142109375 0.36658653828125 0.1036720484375 0.41889244999999997 0.10525482734375 0.470196759375 0.1060462171875
0 0.44582753046874996 0.0515836171875 0.500522284375 0.0522284125 0.5421599351562499 0.053131125781249997 0.59808786015625 0.051454657812500006 0.67744603046875 0.04926235390625 0.6767206359375 0.04758588671875 0.616803040625 0.049520272656249996 0.576108403125 0.050551944531250004 0.52482300390625 0.050938821875 0.47876044531249995 0.050551944531250004 0.42769266484374996 0.04939131328125 0.3843140671875 0.04707005078125 0.35493558515625 0.04565150078125 0.3548630453125 0.04732796875 0.39700847265625 0.0491333953125 0.44582753046874996 0.0515836171875
0 0.38931928984374997 0.040880016406250004 0.42566156015625 0.042298565625 0.45794162031249996 0.0430723203125 0.49718546874999997 0.0441039921875 0.52540331953125 0.0443619109375 0.54789055234375 0.0442329515625 0.57291666640625 0.0447487875 0.59765262265625 0.043975033593750004 0.62485492109375 0.0441039921875 0.6486478640625 0.043588156249999996 0.64835770625 0.04165377109375 0.62398444765625 0.04204064765625 0.5925748609375 0.042427525 0.56203574765625 0.04320127890625 0.53389043671875 0.04268544296875 0.506543059375 0.04268544296875 0.47876044531249995 0.04204064765625 0.4596825671875 0.04126689375 0.40999303593749997 0.04023522109375 0.37111188515625 0.03907458984375 0.33418929921874996 0.03559269609375 0.334334378125 0.03739812265625 0.357909703125 0.0393325078125 0.38931928984374997 0.040880016406250004
0 0.9365354937499999 0.11831275703125 0.9702932101562499 0.12045610390624999 0.997540509375 0.11745541875000001 0.9984061929687501 0.11333738125 0.96981095703125 0.111454046875 0.9379822531249999 0.10973936875000001 0.9047067898437501 0.11102537734375 0.87215470703125 0.10716735234375001 0.8598572531249999 0.10716735234375001 0.857928240625 0.11616941015625 0.8979552468750001 0.11831275703125 0.9365354937499999 0.11831275703125
0 0.38922536874999997 0.038689164062499996 0.4255676390625 0.0401077140625 0.45784769921875 0.04088146796875 0.49709154843750003 0.041913140625 0.5253093984375 0.04217105859375 0.5477966320312501 0.042042099218750004 0.5728227460937501 0.0425579359375 0.59755870234375 0.04178418125 0.624761 0.041913140625 0.64855394375 0.0413973046875 0.6482637859375 0.03946291875 0.6238905265625 0.03984979609375 0.5924809398437499 0.04023667265625 0.5619418265625 0.04101042734375 0.533796515625 0.04049459140625 0.50644913828125 0.04049459140625 0.47866652500000006 0.03984979609375 0.459588646875 0.03907604140625 0.40989911562500003 0.03804436953125 0.3710179640625 0.0368837375 0.334095378125 0.03340184375 0.33424045703125 0.0352072703125 0.35781578203125003 0.03714165625 0.38922536874999997 0.038689164062499996