0 0.20755208359375002 0 0.21536458359375002 0.22777777812500002 0.22469579609374998 0.52277941640625 0.2332227140625 0.77597508984375 0.24036458359375001 0.9995370367187499 0.24765625 0.9995370367187499 0.24566740390625 0.9382169781249999 0.23737094375 0.69526384765625 0.2295353984375 0.47689282187500004 0.22057291640624999 0.2154320984375 0.21328125 0 0.20755208359375002 0
0 0.22682291640625 0 0.23391408515625 0.18436578203125 0.23990597343750003 0.34333005546875 0.24774151953125 0.5449033101562499 0.2553466078125 0.7444280562500001 0.26484375 0.9995370367187499 0.26979166640624996 0.9995370367187499 0.26295169609375 0.83702064921875 0.25649889375 0.6637168140624999 0.24635877578124998 0.39945919375 0.23737094375 0.17781055390625 0.23020833359375 0 0.22682291640625 0
0 0.24583333359375 0 0.254194321875 0.18764339531250002 0.263182153125 0.39085545703125 0.27147861328125 0.58382497578125 0.2804664453125 0.7907243523437499 0.28984375 0.9995370367187499 0.29348958359375 0.9995370367187499 0.28876290546875 0.88495575234375 0.28046875 0.6953703703125 0.27101769921874996 0.48344804999999996 0.25995575234375 0.24090462109375 0.24889380546875 0 0.24583333359375 0
0 0.34453125 0 0.35813053125 0.20730907890625 0.37311025078125 0.442887578125 0.39408185859375 0.75999672265625 0.41041666640625 0.9995370367187499 0.4140625 0.9995370367187499 0.39615597343750003 0.7444280562500001 0.38232853984375004 0.54121599453125 0.36412241875 0.24786955078125 0.34729904140625 0 0.34453125 0
0 0.35286458359375 0 0.36573561953125 0.17822025546875 0.3763366515625 0.33390691562499997 0.39638643046875 0.6157817109375 0.4109052359375 0.8206325796874999 0.4234375 0.9995370367187499 0.42578125 0.9995370367187499 0.4141316375 0.82964601796875 0.40214786171875005 0.6633071125 0.38647676953125 0.44370698124999997 0.37011430703125 0.21099639453125 0.35546875 0 0.35286458359375 0
0 0.47760416640625003 0.9995370367187499 0.46114491171875 0.80506391328125 0.4440910765625 0.58833169453125 0.43003318593750006 0.41543756171875 0.41136615078125 0.18805309765625 0.39523414453125 0.00040970156250000003 0.38854166640625 0 0.40675700625 0.21878072734375 0.42543402812500003 0.44845678984375 0.448930678125 0.74934447734375 0.46927083359375 0.9995370367187499 0.47760416640625003 0.9995370367187499
0 0.41510416640625003 0 0.43602507343749997 0.24623074374999998 0.45353982265625004 0.45394952499999996 0.4699022859375 0.6387250078125 0.48879977890625004 0.8603736476562499 0.50052083359375 0.9995370367187499 0.50424041328125 0.99803343203125 0.49617441015625 0.90421173359375 0.482807890625 0.75016388046875 0.4655235984375 0.5481809242187501 0.45100479375 0.3851196328125 0.43395095859375 0.1831366765625 0.41822916640625 0 0.41510416640625003 0
0 0.49401041640625004 0 0.52498156328125 0.29580465390625 0.56438974921875 0.6649459195312499 0.60052083359375 0.9995370367187499 0.60416666640625 0.9995370367187499 0.5719948375 0.6997705671875 0.538117625 0.38757784296875003 0.49739583359374995 0 0.49401041640625004 0
0 0.510693215625 0 0.5424963125 0.29334644375 0.583056784375 0.6633071125 0.620639625 1 0.6242869234375 1 0.5911227875 0.69854146171875 0.5560932890625 0.381022615625 0.51380208359375 0 0.510693215625 0
0 0.64765625 0.9995370367187499 0.6137075960937499 0.70222877734375 0.57729535390625 0.38184201875 0.53463541640625 0 0.52912979375 0.00013929843749999998 0.56139380546875 0.2937561453125 0.6033370203125 0.66453621796875 0.64140625 0.9995370367187499 0.64765625 0.9995370367187499
0 0.42109375 0 0.44339970468749995 0.24541134062499997 0.46190926093750007 0.4561987875 0.4785997421875 0.6402941656250001 0.49749723437500004 0.86194280546875 0.5091251195312501 1 0.5119547640625 1 0.51293786875 0.9996025890625001 0.504871865625 0.90578089140625 0.49173580390625 0.7500942312500001 0.47382005937500005 0.55145853828125 0.45930125390625004 0.38757784296875003 0.44132558984375 0.18518518515625 0.4249631265625 0 0.42109375 0