3 0.35885416640625 0 0.3734375 0.2888888890625 0.33802083359375 0.29814814843750004 0.33072916640625 0.2611111109375 0.3046875 0.259259259375 0.30989583359375 0.31296296328125 0.21927083359375002 0.33888888906250003 0.21822916640624998 0.29444444453125 0.18802083359375 0.29814814843750004 0.19322916640625 0.35370370390625 0.17135416640625 0.36296296328125 0.19010416640625 0.43703703671875005 0.37708333359375 0.3638888890625 0.38645833359375004 0.577777778125 0.35052083359375 0.590740740625 0.34947916640625 0.55555555546875 0.31927083359375 0.55 0.32239583359375 0.59629629609375 0.2390625 0.6203703703125 0.23385416640624998 0.5851851851562501 0.2078125 0.5888888890625 0.21302083359375001 0.63148148125 0.1953125 0.6444444445312499 0.20885416640624999 0.722222221875 0.39010416640625 0.6518518515625 0.40416666640625004 0.9995370367187499 0.42552083359375 0.9995370367187499 0.44322916640625004 0.9981481484374999 0.4296875 0.63333333359375 0.6140625 0.56481481484375 0.61614583359375 0.54259259296875 0.5765625 0.45 0.5484375 0.45370370390625 0.55364583359375 0.50740740703125 0.42552083359375 0.559259259375 0.41197916640625004 0.3518518515625 0.60364583359375 0.290740740625 0.60364583359375 0.26481481484375 0.57239583359375 0.18518518515625 0.54427083359375 0.190740740625 0.55 0.23333333359375003 0.41510416640625003 0.27777777812500004 0.4 0 0.35885416640625 0
0 0.0109375 0 0.05989583359375 0.14629629609375 0.12916666640625002 0.34444444453125 0.21599264687500003 0.58619281015625 0.22288602968750001 0.588916121875 0.137867646875 0.356072984375 0.0509344359375 0.10620915 0.015625 0 0.0109375 0
0 0.07161458359375 0 0.1459099265625 0.179057734375 0.1953125 0.29684095859375004 0.20220588203125 0.29616013046875 0.12293198515624999 0.1116557734375 0.07734375 0 0.07161458359375 0
0 0.33802083359375 0.9995370367187499 0.34427083359375 0.9995370367187499 0.29220281875 0.8238017429687501 0.25658701015625 0.7019335515625 0.253523284375 0.70806100234375 0.29603247578124997 0.8578431375 0.33802083359375 0.9995370367187499
0 0.3396905640625 0.73869825703125 0.42421875 0.9995370367187499 0.43098958359374995 0.9995370367187499 0.372242646875 0.81835511953125 0.28990502421875003 0.5630446625000001 0.24394914218750002 0.41734749453125 0.23820465703125 0.42211328984375 0.27841605390625 0.5501089328125001 0.3396905640625 0.73869825703125
0 0.53079044140625 0.8190359476562501 0.60078125 0.9995370367187499 0.6091145835937499 0.9995370367187499 0.51125919140625 0.7502723312499999 0.41628370078125 0.5099400875 0.36573223046875 0.37513616562499996 0.3592218140625 0.3785403046875 0.44653798984375 0.60457516328125 0.53079044140625 0.8190359476562501
0 0.82720588203125 0.6924019609375 0.9535845585937499 0.9279684093749999 0.99296875 0.9995370367187499 0.9997395835937499 0.9962962960937499 0.8195465687500001 0.6644880171875001 0.6924019609375 0.429602396875 0.6070006125 0.26620370390625003 0.60776654375 0.27913943359375 0.72686887265625 0.50653594765625 0.82720588203125 0.6924019609375
0 0.52682291640625 0 0.6429993875 0.179057734375 0.7992493875 0.41666666640625005 0.9997395835937499 0.71759259296875 0.9976256125 0.7032952070312499 0.8195465687500001 0.43504901953125 0.626914828125 0.14433551171875 0.53307291640625 0 0.52682291640625 0
0 0.99944519921875 0.22351046718749998 0.9997395835937499 0.20509259296875001 0.9009397648437499 0.09669887265625 0.80807291640625 0 0.7945086046875 0.00410628046875 0.90999773515625 0.126892109375 0.99944519921875 0.22351046718749998
0 0.2454810046875 0.133442265625 0.31020220625 0.2546296296875 0.31862745078125 0.25735294140625 0.24088541640625 0.1123366015625 0.18229166640625 0 0.17731311249999998 0.00136165546875 0.2454810046875 0.133442265625
0 0.0890625 0 0.15701593125 0.16203703671875 0.233992034375 0.33700980390625 0.23973651953125003 0.33224400859375003 0.1669730390625 0.17361111093749998 0.09557291640625 0 0.0890625 0
0 0.53177083359375 0.9995370367187499 0.53645833359375 0.9995370367187499 0.450367646875 0.74822984765625 0.447303921875 0.7509531593750001 0.50130208359375 0.90822440078125 0.53177083359375 0.9995370367187499
0 0.48515625 0.9995370367187499 0.49114583359374997 0.9995370367187499 0.44309129921875 0.8578431375 0.37492340703125 0.6556372546875 0.369178921875 0.65836056640625 0.43390012265625 0.8489923750000001 0.48515625 0.9995370367187499
0 0.8109375 0.9995370367187499 0.81953125 0.9995370367187499 0.7015931375 0.7468681914062499 0.6165747546875 0.56440631796875 0.6131280640625 0.56985294140625 0.7134650734375 0.784994553125 0.8109375 0.9995370367187499
0 0.27604166640625 0 0.3140625 0.06759259296875 0.3640625 0.15092592578125 0.36458333359375 0.14351851875 0.31822916640625 0.06296296328124999 0.28020833359375 0 0.27604166640625 0
0 0.55416666640625 0.18518518515625 0.5546875 0.177777778125 0.49010416640625004 0.09166666640625 0.4203125 0.0018518515625 0.41302083359374997 0.00092592578125 0.45625 0.05740740703125 0.55416666640625 0.18518518515625