0 0.31223958359375004 0 0.25292266171875 0.11157740468749999 0.1875374703125 0.23281374921875 0.09648531171875 0.39568345312500003 0 0.5671296296875 0 0.57920330390625 0.0756894484375 0.444644284375 0.1680530578125 0.2791100453125 0.24055755390625003 0.1438848921875 0.31614583359375004 0 0.31223958359375004 0
0 0.34244791640625 0 0.30885416640624996 0.06666666640624999 0.23999550390625002 0.19684252578125 0.17541956015625 0.31957304531249997 0.09873351328124999 0.45929922734375 0 0.6393518515625 0 0.65522119375 0.087890625 0.4918981484375 0.1982164265625 0.28643751640625 0.29432703828125 0.1032507328125 0.34713541640625 0 0.34244791640625 0
0 0.45741030781249997 0 0.41647931640625 0.1210331734375 0.3593375296875 0.27957300859375 0.28739508359375 0.47874700234375 0.18697541953125002 0.74986344296875 0.09289568359375 0.9993338664062501 0.10044776640625 0.9993338664062501 0.18641336953125 0.7688482546875 0.26940947265625004 0.54356514765625 0.34922062343750004 0.32220556875 0.42828237421875004 0.0953870234375 0.46183463515625 0 0.45741030781249997 0
0 0.471875 0 0.4296875 0.13333333359375 0.3885641484375 0.26545430312499996 0.34360011953125 0.4026778578125 0.29058003593750004 0.56254996015625 0.210394184375 0.79902744453125 0.141261990625 0.99953370625 0.14609375 0.9995370367187499 0.2029001796875 0.8303357312499999 0.27709082734375 0.61284305859375 0.33872901640625 0.42632560625 0.40804856093749997 0.2134958703125 0.47395833359374995 0 0.471875 0
0 0.46223958359374995 0 0.42322392109375 0.15387689843750002 0.3887514984375 0.28643751640625 0.346410371875 0.43898214765625 0.29676258984375 0.612176925 0.22107314140624998 0.864308553125 0.1796875 0.9995370367187499 0.18333333359374998 0.9995370367187499 0.18463541640625 0.9995370367187499 0.26210281796875 0.74307220859375 0.3203687046875 0.54189981328125 0.39118705 0.28943511875 0.46500299765625003 0 0.46223958359374995 0
0 0.24973958359375 0.9995370367187499 0.3001348921875 0.80968558515625 0.3398531171875 0.65347721796875 0.38631594687500004 0.46929123359374997 0.43371552734375 0.26645350390625 0.4809277578125 0.053956834375 0.47905425625 0.05162536640625 0.46013189453125003 0.1372235546875 0.43015587499999997 0.2707833734375 0.3909997 0.4363176125 0.3445368703125 0.62216893125 0.29582583906250004 0.812017053125 0.24580335703124997 0.99953370625 0.24973958359375 0.9995370367187499
0 0.3671875 0.9995370367187499 0.36901041640625 0.9995370367187499 0.3975569546875 0.860977884375 0.44495653515625 0.62683186796875 0.47886690625000006 0.453637090625 0.52589178671875 0.20083932890625 0.5605515585937499 0 0.55774130703125 0.00333066875 0.53638339296875 0.12756461484374998 0.49760191875000004 0.340061284375 0.45095173828124996 0.5788702375 0.40392685859375 0.81301625390625 0.36514538359375004 0.99953370625 0.3671875 0.9995370367187499
0 0.41380208359375 0.9995370367187499 0.45301258984375004 0.7767119640625 0.48654826171875004 0.57920330390625 0.5245803359375001 0.35305089296875003 0.56973171484375 0.060951239062499996 0.56804556328125 0.05562216875 0.552120803125 0.16153743671875 0.5294514390625 0.2997601921875 0.49554106718749996 0.50359712265625 0.44270833359374995 0.805355715625 0.40651041640625 0.9995370367187499 0.41380208359375 0.9995370367187499
0 0.60052083359375 0 0.57760041953125 0.16853184140625 0.5584907078125 0.30275779375 0.5303881890625 0.4972688515625 0.49891336953125 0.69810818046875 0.4803657078125 0.81767918984375 0.45026041640625003 0.9995370367187499 0.4546875 0.9995370367187499 0.47437050390625 0.87396749296875 0.5030350718750001 0.6947775109375 0.5234562351562501 0.5612176921875001 0.55586780546875 0.34106048515625 0.5702937648437499 0.24147348750000003 0.60286458359375 0 0.60052083359375 0
0 0.48671875 0.9995370367187499 0.49985011953124997 0.90927258203125 0.5234562351562501 0.7410738078125 0.55605515625 0.50326405546875 0.591089628125 0.22748467890625 0.610761390625 0.06028510546875 0.6083258390624999 0.06028510546875 0.58734262578125 0.23581135078124998 0.552120803125 0.51092459375 0.5146507796875001 0.78037569921875 0.48333333359374997 0.9995370367187499 0.48671875 0.9995370367187499
1 0.20833333359375 0.300282921875 0.2058015046875 0.12924382734375 0.20290798593749998 0 0.18012152812499999 0.00064300390625 0.18844039375 0.1935442390625 0.19350405078125 0.3105709875 0.19820601875 0.44045781875 0.20760995390625 0.44045781875 0.20833333359375 0.300282921875
1 0 0 0.00036168984375 0.09194958828125001 0 0.20961934140625 0.013382523437499998 0.43402777812500004 0.02206307890625 0.4353137859375 0.02676504609375 0.4269547328125 0.02350983828125 0.3337191359375 0.01844618046875 0.17618312734375 0.0140625 0 0 0
3 0.55013020859375 0.48161008203125 0.552300346875 0.28034979453125 0.551215278125 0.07137345703125 0.61921296328125 0.07330246875 0.62210648125 0.0565843625 0.61848958359375 0.05722736640625 0.6174045140625 0.038580246875 0.60546875 0.038580246875 0.60510706015625 0.0565843625 0.577618634375 0.054655350000000005 0.5754484953125 0.03279321015625 0.5671296296875 0.034722221875 0.56749131953125 0.0540123453125 0.551215278125 0.05144032890625 0.552300346875 0.00128600859375 0.5392795140625 0.0019290125 0.53891782421875 0.0475823046875 0.49153645859374995 0.041152263281250004 0.49370659687499996 0.02829218125 0.48357928203125 0.025720164843749997 0.47272858828125 0.0527263375 0.47309027812500004 0.06751543203125 0.54000289375 0.068801440625 0.537109375 0.39351851875 0.53530092578125 0.621141975 0.548321759375 0.6217849796875 0.55013020859375 0.48161008203125