0 0.4609929078125 0.8244680851562499 0.48389479921875 0.66456527421875 0.5093823875 0.48102180156249996 0.552785165625 0.16121618046875 0.57328605234375 0.00065668515625 0.5708850476562499 0.00065668515625 0.54059544921875 0.23345153671875002 0.48463356953125 0.635014446875 0.43130630625000005 0.99949949921875 0.43552927890625004 0.99949949921875 0.4609929078125 0.8244680851562499
0 0.45083481093750005 0.671132125 0.4920212765625 0.41042815859375 0.51732417265625 0.24100341484375 0.5429964539062501 0.06895193046875 0.5529698578125 0.0003283421875 0.55019946796875 0.0003283421875 0.50199468046875 0.3276858421875 0.47281323906250006 0.509259259375 0.43014923203125 0.7735749937499999 0.39375 0.9995370367187499 0.3983820921875 0.9994746523437501 0.45083481093750005 0.671132125
0 0.49645390078125 0.13888888906250002 0.4438164890625 0.44687417890625003 0.41094119375 0.62779091171875 0.38102098125 0.79130548984375 0.341866134375 0.9991463093749999 0.35078125 0.9995370367187499 0.3732638890625 0.8753611765624999 0.43088800234375 0.55424218515625 0.47059692656249996 0.32374573125 0.5064273046875 0.10703966406250001 0.5230496453125 0.0016417125000000002 0.51953125 0 0.49645390078125 0.13888888906250002
0 0.29846335703125 0.9994746523437501 0.3535017734375 0.7295770945312501 0.40558510625000005 0.4777383765625 0.45545212734374996 0.223929603125 0.49719267109375 0.0003283421875 0.49479166640625005 0 0.439383865625 0.29123982109375 0.375110815625 0.6100604148437501 0.33189273046875 0.81822957734375 0.29366134765625 0.9994746523437501 0.29427083359375 0.9995370367187499 0.29846335703125 0.9994746523437501
0 0.22716703906250002 0.74900793671875 0.29366629453125 0.496858465625 0.36063058046875 0.2265211640625 0.41434151796874996 0.00041336015625 0.41178385390625005 0.00041336015625 0.3785342265625 0.140542328125 0.32110305078125 0.3765707671875 0.2494884671875 0.65269510546875 0.18391927109375 0.8978174601562501 0.15661938515625 0.9991463093749999 0.16086731640625002 0.9994746523437501 0.22716703906250002 0.74900793671875
0 0.3197079609375 0.1922123015625 0.24251302109375 0.4613095234375 0.1762462796875 0.68369708984375 0.079055059375 0.99909060859375 0.0844029015625 0.99950396796875 0.12555803593749998 0.86350859765625 0.20670572890625 0.593998015625 0.29320126484375 0.30133928593750003 0.37481398828125 0.0016534390625 0.3715587796875 0.00041336015625 0.3197079609375 0.1922123015625
0 0.34109933046875 0.07109788359375 0.24042038671875 0.37905092578125 0.17508370546875002 0.57539682578125 0.09347098203125001 0.8155588625 0.0318545390625 0.99950396796875 0.0355747765625 0.9986772484375 0.1292782734375 0.72296626953125 0.2113560265625 0.4766038359375 0.3004092265625 0.20667989453125002 0.3666759671875 0.00041336015625 0.36411830390625 0 0.34109933046875 0.07109788359375
0 0.2806454609375 0.1641038359375 0.16973586328125 0.47123015859375006 0.09021577343750001 0.6878306875 0.00069754453125 0.9317129632812501 0.00023251484375 0.95403439140625 0.04185267890625 0.8382936507812501 0.11625744062500001 0.6357473546875 0.2348400296875 0.3075396828125 0.34295944921875 0.00041336015625 0.33830915156249997 0 0.2806454609375 0.1641038359375
0 0 0.31291336015625004 0.00023251484375 0.32862103203125004 0.17299107109375 0 0.1664806546875 0.00041336015625 0 0.31291336015625004
0 0 0.252777778125 0.1362537203125 0.00082671953125 0.13067336328125 0 0 0.23981481484375 0 0.252777778125
1 0.19878472187500001 0.0023148148437499997 0.18532986093749998 0.0023148148437499997 0.19010416640625 0.12191358046875 0.20182291640625 0.1203703703125 0.19878472187500001 0.0023148148437499997
1 0.01258680546875 0.0007716046875 0.00130208359375 0.0007716046875 0.00043402812500000003 0.02700617265625 0.00477430546875 0.1149691359375 0.012152778125 0.11574074062499999 0.015625 0.10725308671875 0.01258680546875 0.0007716046875
3 0.543402778125 0.28703703671874997 0.54296875 0.196759259375 0.5451388890625 0.10030864218749999 0.5451388890625 0.00154321015625 0.530815971875 0.0030864195312499997 0.53038194453125 0.09259259296875 0.5295138890625 0.192901234375 0.52821180546875 0.29012345703125 0.543402778125 0.28703703671874997