0 0.00108506953125 0.3825874484375 0.13635706015625 0.34850823046875 0.29296875 0.308641975 0.44366319453124997 0.27098765468749997 0.509259259375 0.25398662578125003 0.60510706015625 0.23726851875000002 0.770037615625 0.20833333359375 0.8897569445312501 0.1858281890625 0.9997395835937499 0.16666666640625 0.9997395835937499 0.1578703703125 0.85598958359375 0.1845679015625 0.703125 0.21154835390625001 0.5736400460937501 0.23341049374999998 0.5078125 0.24434156406250002 0.42462384296875 0.26620370390625003 0.23880208359375002 0.31419753125 0.12508680546875 0.34351851875 0.0009548609374999999 0.37592592578125 0.00108506953125 0.3825874484375
0 0 0.45324074062499997 0.16565393515625 0.41216563749999996 0.27596932890625003 0.38580246875 0.3802951390625 0.3589506171875 0.49053819453124997 0.33271604921875003 0.59296875 0.3111111109375 0.7327256945312499 0.28333333359375 0.8603298609375001 0.258641975 0.9982638890625 0.23083847734375001 0.9997395835937499 0.22175925937500002 0.87942708359375 0.24629629609374998 0.7555700234375 0.270061728125 0.61017071796875 0.2970679015625 0.48619791640625004 0.32345678984375004 0.33776041640625 0.36049382734375 0.15026041640625 0.40679012343750004 0.05390625 0.42993827187500006 0 0.44351851875000003 0 0.45324074062499997
0 0.00253182890625 0.5928497945312501 0.0871672453125 0.5709876546875 0.19205729140625 0.54398148125 0.28284143515625 0.519547325 0.36675347187499996 0.49832818906250004 0.36675347187499996 0.49318415625 0.29782986093749997 0.51018518515625 0.12682291640625 0.55648148125 0.0009548609374999999 0.58734567890625 0.00253182890625 0.5928497945312501
0 0.0007233796875 0.65329218125 0.104253471875 0.6274691359375 0.1862702546875 0.60635288046875 0.29260706015625 0.5793467078125001 0.38289930546875 0.55648148125 0.38049768515625 0.55041152265625 0.30960648125 0.5690586421875 0.1916956015625 0.59992283984375 0.07089120390625 0.6301440328125001 0.00008680546875 0.6475308640625 0.0007233796875 0.65329218125
0 0.00036168984375 0.72080761328125 0.06582754609375 0.70408950625 0.15588831015625 0.6815843625 0.25065104140625 0.65907921796875 0.3412326390625 0.6367283953125 0.467303240625 0.60442386796875 0.467303240625 0.59799382734375 0.3244357640625 0.63464506171875 0.1953125 0.667438271875 0.09259259296875 0.6931584359375 0 0.71502057578125 0.00036168984375 0.72080761328125
0 0 0.77214652734375 0.14322916640625 0.7375257203125 0.24631076406250002 0.7124485593750001 0.35626446796875 0.6847993828125001 0.400390625 0.6738683125 0.3982204859375 0.66936728359375 0.30924479140625 0.69122942421875 0.21773726875000002 0.71373456796875 0.10271990703125 0.74202674921875 0 0.7670018984375 0 0.77214652734375
0 0.5396412039062499 0.458461934375 0.60076678203125 0.4513888890625 0.69973958359375 0.43919753124999994 0.81344039375 0.42438271640625 0.906756365625 0.41216563749999996 0.9997395835937499 0.39953703671874996 0.9997395835937499 0.39444444453125 0.8846932867187499 0.40959362109375 0.78595196796875 0.42245370390625 0.67274305546875 0.43659979453125003 0.6130642359375 0.44431584375 0.5396412039062499 0.45267489687499995 0.5396412039062499 0.458461934375
0 0.5447048609375 0.52083333359375 0.59895833359375 0.5144032921874999 0.68648726875 0.5041152265625 0.79065393515625 0.49254115234375 0.8908420140625 0.47968107031249996 0.9997395835937499 0.46527777812500004 0.9997395835937499 0.4606481484375 0.90530960625 0.47325102890625 0.7837818289062499 0.48868312734375 0.6953993054687501 0.49783950624999995 0.62463831015625 0.5060442390625 0.5443431710937501 0.51568930078125 0.5447048609375 0.52083333359375
0 0.55085358828125 0.58899176953125 0.67057291640625 0.5722736625 0.78016493046875 0.5561985593750001 0.89590567109375 0.5388374484375 0.995746528125 0.5209876546875 0.9997106484374999 0.5182613171875 0.94401041640625 0.52597736640625 0.86624710625 0.53819444453125 0.76352719921875 0.55362654296875 0.6537326390625 0.56882716015625 0.5494068289062499 0.58384773671875 0.55085358828125 0.58899176953125
0 0.64127604140625 0.59799382734375 0.7541232640625 0.5754886828125 0.8767361109375 0.55041152265625 0.9997395835937499 0.5259259257812501 0.9982638890625 0.5227623453125 0.91326678203125 0.5388374484375 0.8311631945312501 0.55555555546875 0.68323206015625 0.584490740625 0.551215278125 0.61342592578125 0.55338541640625 0.6179269546875 0.64127604140625 0.59799382734375
0 0.55555555546875 0.6565072015625 0.66225405078125 0.6340020578125001 0.7776331015625 0.6108539093750001 0.909649884375 0.58384773671875 0.99898726875 0.56455761328125 0.9997106484374999 0.55555555546875 0.9396701390625 0.56777263359375 0.823871528125 0.5935185187500001 0.68411458359375 0.61975308671875 0.55374710625 0.64493312734375 0.55555555546875 0.6565072015625
0 0.65465856484375 0.7799639914062501 0.7689525460937501 0.75681584375 0.88360821796875 0.73431069921875 0.9997395835937499 0.7111111109375 0.99790219921875 0.70794753125 0.9190538195312501 0.7233796296875 0.80114293984375 0.746527778125 0.66297743046875 0.7741769546875 0.53747106484375 0.7986111109375 0.53602430546875 0.8031121398437501 0.65465856484375 0.7799639914062501
0 0.5504918984375 0.91177983515625 0.64163773125 0.89120370390625 0.7642505789062499 0.8635545265625 0.89337384296875 0.8346193414062499 0.99898726875 0.80954218125 0.9997106484374999 0.8043981484374999 0.91507523125 0.8236882718749999 0.783940971875 0.852777778125 0.66080729140625 0.8809156375 0.54868344921875 0.90663580234375 0.5504918984375 0.91177983515625
0 0 0.9182098765625 0.11827256953125001 0.89313271640625 0.226056134375 0.8699845679687501 0.34686053203125 0.84362139921875 0.48177083359374995 0.8140432101562499 0.48140914375 0.81018518515625 0.29767071796875 0.8506944445312501 0.16384548593749998 0.8796296296874999 0.06438078671875 0.900848765625 0 0.9148148148437499 0 0.9182098765625
0 0.14937789375 0.9992283953125 0.22967303203124997 0.98186728359375 0.35734953671874997 0.95421810703125 0.48104745390625 0.92785493828125 0.48140914375 0.9201388890625 0.3703703703125 0.945859053125 0.23835358828125003 0.974151234375 0.11875 0.9995370367187499 0.14937789375 0.9992283953125
0 0.55157696796875 0.9214248968750001 0.64127604140625 0.900848765625 0.76503182890625 0.874202675 0.89415509296875 0.84526748984375 0.9997395835937499 0.821759259375 0.99934895859375 0.817901234375 0.91585648125 0.8343364195312499 0.78595196796875 0.8635545265625 0.66158854140625 0.8915637859375 0.54946469921875 0.9172839507812499 0.55157696796875 0.9214248968750001
0 0 0.7856481484375 0.13454861093749998 0.75424382734375 0.244140625 0.7285236625 0.35481770859375 0.7015174898437501 0.51251446796875 0.66422325078125 0.51251446796875 0.65393518515625 0.3103298609375 0.70344650234375 0.21701388906250002 0.72659465 0.10290798593749999 0.7519547328125 0 0.7769756109375 0 0.7856481484375
0 0 0.74292695859375 0.00020254609375 0.7461676953125 0.06546585625 0.7310956789062499 0.15371817109375 0.71180555546875 0.24920428203124997 0.68865740703125 0.34215856484375 0.6667952671874999 0.46838831015625004 0.635288065625 0.467303240625 0.63078703671875 0.333478009375 0.66422325078125 0.20109953671874997 0.69573045234375 0.09512442109375 0.720164609375 0 0.74034689375 0 0.74292695859375
0 0.18932291640625 0.9995370367187499 0.28030960625 0.9812242796874999 0.35192418984375 0.96514917734375 0.421368634375 0.9497170781250001 0.48538773125 0.93621399140625 0.4821325234375 0.9304269546875 0.39243344921875 0.9510030867187499 0.33383969921875 0.9645061726562499 0.249565971875 0.98186728359375 0.17035590312499999 0.9979423867187499 0.18932291640625 0.9995370367187499
0 0.5931712960937501 0.6340020578125001 0.6467013890625 0.628858025 0.7248263890625 0.614711934375 0.81344039375 0.60635288046875 0.88216145859375 0.59606481484375 0.948712384375 0.58706275703125 0.99934895859375 0.57998971171875 0.99898726875 0.574202675 0.927734375 0.58577674921875 0.8655237265625001 0.59413580234375 0.72952835625 0.6095679015625 0.629340278125 0.6269290125 0.55266203671875 0.6359310703125 0.5541087960937501 0.6404320984375 0.5931712960937501 0.6340020578125001
3 0.53240740703125 0.77353395078125 0.52445023125 0.66486625546875 0.55085358828125 0.6603652265625 0.54506655078125 0.5748456789062499 0.535662615625 0.4513888890625 0.5334924765625 0.39223251015625 0.525896990625 0.375514403125 0.5085358796875 0.37487139921875 0.49623842578125005 0.37615740703125 0.4944299765625 0.38323045234375 0.48574942109375 0.3986625515625 0.479962384375 0.3986625515625 0.45645254609375 0.39737654296875 0.44741030078125005 0.37808641953125 0.44198495390625 0.377443415625 0.43692129609375 0.377443415625 0.43402777812500004 0.38323045234375 0.45175057890625 0.42566872421874996 0.457537615625 0.42438271640625 0.46006944453125 0.41602366249999995 0.458984375 0.407664609375 0.47887731484374996 0.40830761328125 0.47562210625 0.519547325 0.418475115625 0.519547325 0.42028356484374996 0.48804012343750003 0.41015625 0.48225308671875 0.39858217578125 0.46296296328125 0.3913483796875 0.45781892968750004 0.38375289375 0.46810699609375 0.39858217578125 0.49768518515625004 0.41196469921874995 0.5163323046875 0.41051793984374996 0.5561985593750001 0.400390625 0.55555555546875 0.398943865625 0.54783950625 0.3942418984375 0.54012345703125 0.38664641171874997 0.54140946484375 0.3815827546875 0.5510545265625 0.389178240625 0.5761316875 0.39388020859375 0.57998971171875 0.40002893515625004 0.5735596710937501 0.40545428203125 0.57677469140625 0.4163049765625 0.5684156375 0.41739004609375 0.529835390625 0.4748987265625 0.533693415625 0.47345196796875 0.65007716015625 0.45645254609375 0.65007716015625 0.44813368046875 0.65329218125 0.43402777812500004 0.64493312734375 0.42570891171875 0.6481481484375 0.42498553203125 0.665509259375 0.43438946796875 0.6745113171875 0.45609085625 0.6687242796875 0.4513888890625 0.6616512343750001 0.4792390046875 0.6584362140625 0.479962384375 0.6764403289062499 0.48538773125 0.8134002054687499 0.48791956015625004 0.8989197531249999 0.48502604140625005 0.92078189296875 0.48394097187499996 0.9272119343749999 0.48394097187499996 0.94007201640625 0.48647280078125005 0.9426440328125001 0.48864293984374996 0.96579218125 0.52336516171875 0.96129115234375 0.54398148125 0.95550411484375 0.53240740703125 0.77353395078125