3 0.16692708359375 0 0.16502808984375 0.0951935078125 0.08650793671875 0.06717372109375 0.09022817421875 0.02749118203125 0.0579861109375 0.0296957671875 0.05302579375000001 0.056150793750000004 0.040625 0.05835537890625 0.040625 0.08481040546875 0.16444288359375 0.125364128125 0.16239466328125002 0.21171452343750002 0.15742041171875001 0.19350811484375 0.15478698515625 0.19402829765625002 0.1518609546875 0.21171452343750002 0.13635299609375 0.20755305859375 0.1313787453125 0.1976695796875 0.1310861421875 0.1784228046875 0.1234784640625 0.17634207265625 0.12230805234375 0.20391177656249998 0.1167485953125 0.20235122734375 0.11411516875000001 0.17738243828125 0.105922284375 0.1810237203125 0.113822565625 0.23616312968750003 0.12260065546875001 0.23408239687500002 0.12289325859375 0.21171452343750002 0.12903792109375 0.2091136078125 0.1307935390625 0.2424053265625 0.1392790265625 0.2424053265625 0.1389864234375 0.214835621875 0.162687265625 0.21951727031249998 0.15719288828125 0.491315453125 0.14635416640625 0.9995370367187499 0.18072916640625 0.9995370367187499 0.18199404765625 0.59627425078125 0.18668071171875 0.22836038281249998 0.19750702265625 0.228880565625 0.19926264062500001 0.24916770703125 0.20452949453125 0.25697045390625 0.21008895156250001 0.22732001640625002 0.23378979375000003 0.2231585515625 0.22940074921875003 0.20391177656249998 0.21945224687499998 0.19870994609374998 0.20569990625 0.20495214296875003 0.2018960671875 0.22471910078125 0.18726591796875 0.2231585515625 0.1875585203125 0.13732833984374998 0.26890215390625 0.16853932578125 0.2882139515625 0.1617769453125 0.28938436328125 0.14721181875 0.28148408203124997 0.1414898046875 0.28177668515625 0.1139201 0.269487359375 0.11131918437499999 0.26631944453125 0.13772045859374998 0.226767321875 0.1196421140625 0.22415674609375 0.0826058203125 0.21175595234375 0.0826058203125 0.21299603203125 0.115674603125 0.18726591796875 0.10455680390625 0.18902153593749998 0 0.16692708359375 0
0 0.1607848421875 0.48014048515625 0.280766165625 0.52165553515625 0.450392759375 0.58009512265625 0.63183060078125 0.638534709375 0.83603711328125 0.70152803046875 0.9994023226562501 0.7501011937500001 0.99926001796875 0.74453551875 0.8929587890624999 0.712912365625 0.8196721312499999 0.69115563671875 0.6456341078125 0.6380287390625 0.53406762265625 0.60286379296875 0.44697745937500005 0.5747824328125 0.29030054609375 0.5211495648437501 0.22925204921875003 0.4996458203125 0.1619421671875 0.47460028359375006 0.1607848421875 0.48014048515625
0 0.00014230390625 0.50951224453125 0.06261384296875 0.49736895390624997 0.14657331484375 0.47788909140625 0.151269353125 0.47662416484375003 0.152123178125 0.4735883421875 0.08054417109375 0.49028536718750004 0.04525273203125 0.49787492421875 0.00028460859375 0.50672940703125 0.00014230390625 0.50951224453125
0 0.28375455390625 0.11586723359375 0.38322518203125 0.11156648437500001 0.50475296015625 0.1027120015625 0.6487648 0.09056871093749999 0.774134790625 0.07791944921875 0.8835667125000001 0.06602914374999999 0.99968693046875 0.05211495625 0.9997395835937499 0.04629629609375 0.8340448539062499 0.0655231734375 0.68732923515625 0.081714228125 0.5437443078124999 0.0943634890625 0.39347108359375 0.10903663203125 0.28361224921875 0.11409633671875 0.28375455390625 0.11586723359375
0 0.000292603125 0.2949438203125 0.09392556171875 0.23564294609375 0.163272471875 0.1898668328125 0.16239466328125002 0.1862255515625 0.09480337109375 0.23148148124999998 0 0.2921296296875 0.000292603125 0.2949438203125
0 0 0.26203703671875 0.050327715625000005 0.22263836874999998 0.11235955078125 0.1747815234375 0.16385767812500002 0.133166875 0.16239466328125002 0.13160632578125 0.10738529999999999 0.17374115703124998 0.04330524375 0.22419891796874997 0 0.25694444453125 0 0.26203703671875
0 0 0.1856481484375 0.055594569531250006 0.14096962109375 0.08397706015625 0.11860174765625 0.098607209375 0.1055971703125 0.09451076796874999 0.102476071875 0.07139513125 0.11860174765625 0.016970973437500002 0.1612567625 0.0021825398437500003 0.1663800703125 0 0.1856481484375
0 0.091877340625 0.03173116953125 0.15712780937499998 0.025488971875 0.226767321875 0.0171660421875 0.35206056484375 0.0005059703125000001 0.34375 0 0.25836844531250003 0.007802746875 0.17556179765625 0.0171660421875 0.093047753125 0.02861007109375 0.091877340625 0.03173116953125
0 0.0035112359375 0.12900541015625 0.03072331484375 0.10403662109375 0.0465238765625 0.08791094453125001 0.04506086171875 0.086870578125 0.01901919453125 0.11287973359375 0.00058520625 0.12900541015625 0.0035112359375 0.12900541015625
0 0.019311797656249997 0.08999167734374999 0.0389161984375 0.0697045359375 0.0392088015625 0.063982521875 0.01989700390625 0.08531002890625 0.00058520625 0.1055971703125 0.019311797656249997 0.08999167734374999
0 1 0.0242482953125 0.9997395835937499 0.02129629609375 0.8347706054687499 0.04233454765625 0.6878984515625 0.057174660937499996 0.544470059375 0.07117486328125 0.39603239921875 0.08500946015625001 0.33057263203125 0.08803885859375 0.2262636609375 0.089303784375 0.22683287812500003 0.09082169609375 0.3268727234375 0.089303784375 0.39162112968749996 0.086520946875 0.50517987265625 0.07842542031250001 0.6491917125 0.06678809921875 0.7748605421875 0.0547308234375 0.8842924632812499 0.042840517968750005 1 0.02897578046875 1 0.0242482953125