0 0 0.0361111109375 0.13959099296875 0.11982570781249999 0.3042662375 0.2151416125 0.46415441171875005 0.3026279953125 0.586371528125 0.36589506171875 0.7224647671875 0.42892156875 0.7900582109375 0.45683551171875003 0.8781403187500001 0.48781318046875005 0.9369255515624999 0.5038126359375 0.9997319242187499 0.5164079523437499 0.9997395835937499 0.5125 0.9459252453125 0.5007489109375001 0.84386488984375 0.47113289765625 0.77493106640625 0.44424019609375 0.6564031859375 0.392837690625 0.54227941171875 0.3349673203125 0.43446180546875 0.27947530859374997 0.31767003671875 0.21309912890625 0.21063112734375 0.15148420468749998 0.10286458359374999 0.08966049375 0 0.025925925781249998 0 0.0361111109375
0 0.134375 0 0.23590686249999998 0.0667211328125 0.33432904375 0.1296977125 0.4822048609375 0.22083333359375001 0.61140471796875 0.295479303125 0.665977328125 0.32577614375 0.73969822265625 0.36254084999999997 0.79790900703125 0.3894335515625 0.86205576015625 0.4159858390625 0.9214154414062501 0.43572984765625 0.9658394609375 0.44866557734374996 0.9997395835937499 0.45648148125 0.99839154375 0.451048475 0.9229473039062499 0.43062363828125 0.86243872578125 0.40883714609375 0.81763173984375 0.3924972765625 0.6912530640625 0.33156318046875 0.57329963203125 0.26688453125 0.49325980390625 0.2192265796875 0.41883680546875 0.17299382734375 0.30338541640625 0.098919753125 0.20095486093749998 0.032561728125 0.14817708359374998 0 0.134375 0
0 0.60853247578125 0.1787173203125 0.69929534296875 0.254289215625 0.79752604140625 0.330882353125 0.88426776953125 0.392837690625 0.9376914828125 0.428240740625 0.9997395835937499 0.4625 0.9997319242187499 0.459218409375 0.90399050234375 0.401007625 0.835503471875 0.3535493828125 0.7341452203125 0.27267156875 0.65321180546875 0.2084876546875 0.56027879921875 0.12663398671874998 0.4822048609375 0.0557098765625 0.42057291640625005 0.003240740625 0.41015625 0.0078703703125 0.508246528125 0.0942901234375 0.60853247578125 0.1787173203125
0 0 0.6412037039062499 0.10320925234375 0.64031862734375 0.23914930546875 0.6328703703125 0.35894097187499996 0.6328703703125 0.48695388359375 0.626573175 0.48483455859375 0.611043028125 0.44227430546875 0.6128086421875001 0.26432291640625 0.6236111109375 0.10546875 0.62978395078125 0 0.63101851875 0 0.6412037039062499
0 0 0.19259259296875 0.098039215625 0.19165305 0.22575827187500003 0.18892973828124998 0.369944853125 0.1838235296875 0.44538909296874996 0.18075980390625 0.44519761015625 0.17701525078125 0.31747855390625 0.1824618734375 0.21560968125 0.18552559921875 0.1053155640625 0.187908496875 0 0.18842592578125 0 0.19259259296875
0 0 0.16018518515625 0.15012254921874998 0.15863289765625 0.24643841875 0.156930828125 0.3224571078125 0.15420751640625 0.4193474265625 0.1521650328125 0.418772978125 0.148080065625 0.33624387265625 0.15012254921874998 0.23954503671875 0.15318627421875 0.0970818015625 0.1552287578125 0 0.15555555546875 0 0.16018518515625
0 0 0.13148148125 0.11086856640625001 0.1249319171875 0.24854473046874997 0.11574074062499999 0.3433287375 0.10859204765625 0.412071078125 0.10314542499999999 0.41264552734375004 0.0990604578125 0.32896752421875003 0.10620915 0.20067401953125003 0.1160811546875 0.096507353125 0.12288943359375 0 0.127777778125 0 0.13148148125
0 0.5173866421875 0.10927287578125 0.60968137265625 0.12697440078125 0.6954656859375 0.13956971640625 0.78201593125 0.14910130703125 0.8237591914062501 0.151143790625 0.8779488359375 0.15420751640625 0.91260723046875 0.15386710234375 0.9457337625 0.15659041406250002 0.99934895859375 0.15488834453125 0.99934895859375 0.1508033765625 0.9702435664062501 0.1521650328125 0.91088388515625 0.1508033765625 0.8316099875 0.148080065625 0.72878370078125 0.14025054453125002 0.63763786796875 0.1256127453125 0.517195159375 0.10688997812500001 0.5173866421875 0.10927287578125
0 0.5267693015625 0.1572712421875 0.64893535546875 0.168845315625 0.7416130515625 0.17293028359375 0.8310355390625 0.17327069687500002 0.92543658125 0.17122821328124999 0.9997395835937499 0.1671296296875 0.9997395835937499 0.16203703671875 0.90245863984375 0.16850490234374998 0.8166743257812501 0.1691857296875 0.6974826390625 0.16836419765625 0.6135110296875 0.161356209375 0.52485447265625 0.15352668828125 0.5267693015625 0.1572712421875
0 0.536726409375 0.188589325 0.59991574765625 0.196759259375 0.68972120078125 0.20731209140625 0.74908088203125 0.21139705859375 0.8363970585937499 0.214460784375 0.9189261640625 0.214460784375 0.9997319242187499 0.21173747265624998 0.99896599296875 0.20629084999999997 0.8806295953125 0.21207788671875 0.8021216296875 0.2103758171875 0.705039828125 0.2059504359375 0.61197916640625 0.19505718984375 0.536726409375 0.1838235296875 0.536726409375 0.188589325
3 0.51744791640625 0.9995370367187499 0.51302083359375 0.84490740703125 0.511284721875 0.74768518515625 0.49869791640625005 0.47237654296875 0.4787326390625 0.18379629609374998 0.52647569453125 0.18688271640625 0.52734375 0.17438271640625 0.49479166640625005 0.1682098765625 0.49378033984374997 0.15596907578125002 0.51866319453125 0.1589506171875 0.519097221875 0.1481481484375 0.47481796093749995 0.14068680312499998 0.47254247578125 0.09978424999999999 0.51085069453125 0.11126543203124999 0.51085069453125 0.09583333359375 0.47102548515625 0.08719884921875 0.470266990625 0.07955771328125 0.46773867343750003 0.0746134484375 0.46318770234375 0.07506292734375 0.46318770234375 0.06697231249999999 0.46596885078124994 0.06652283359375 0.46571180546875 0.059413580468750005 0.45572916640625005 0.058641975 0.45572916640625005 0.0671296296875 0.4592013890625 0.0671296296875 0.45964805859375 0.0764113625 0.45442708359374995 0.07561728359375 0.45534991874999997 0.09034519921875 0.4240451390625 0.09336419765625001 0.41710069453125 0.09274691328125 0.41818365703125 0.10697590781249999 0.45711974140624995 0.10293060078125 0.45914239453125 0.14203523906249998 0.42057291640625005 0.1421296296875 0.42071197421875006 0.15507011875 0.45964805859375 0.15282272578125 0.47265625 0.3442901234375 0.48560048984375 0.57904411796875 0.4943576390625 0.7779320984375 0.50052083359375 0.9995370367187499 0.51744791640625 0.9995370367187499
0 0 0.578240740625 0.09057138515624999 0.607298475 0.2255667890625 0.6474673203125 0.36328125 0.68533950625 0.5099826390625 0.723919753125 0.64874387265625 0.7506127453125 0.69967830859375 0.7587826796875 0.78622855390625 0.7686546843750001 0.8710554531250001 0.7734204796874999 0.92352175234375 0.77103758203125 0.9562653187500001 0.76797385625 0.9997395835937499 0.76157407421875 0.9997395835937499 0.75740740703125 0.958180146875 0.7645697164062499 0.91126685078125 0.76797385625 0.867991728125 0.76933551171875 0.8335248164062501 0.7676334421875 0.72935814921875 0.7577614382812501 0.66329656875 0.74822984765625 0.557789521875 0.7271241828125 0.4275173609375 0.69768518515625 0.26519097187499996 0.6513888890625 0.18995098046875 0.62942538125 0.12044270859374999 0.6076388890625 0.0001914828125 0.56951252734375 0 0.578240740625
0 0.00076593125 0.58687363828125 0.01953125 0.59232026171875 0.0700827203125 0.60866013046875 0.1541436890625 0.634531590625 0.2060355390625 0.6474673203125 0.25026807578125 0.6607434640625 0.29584099296875 0.67367919375 0.341796875 0.68593409609375 0.38449754921875 0.69784858359375 0.4294960171875 0.70840141640625 0.47200520859374995 0.7196350765624999 0.51106770859375 0.72882625234375 0.5470664828125 0.736315359375 0.59895833359375 0.74822984765625 0.6361060046875 0.7546977125 0.6857000609375 0.7645697164062499 0.72974111484375 0.77035675390625 0.7825903796875 0.7764842046875 0.82337622578125 0.7802287578125 0.86645986484375 0.78295206953125 0.9196920953125 0.7839733117187501 0.9480315562499999 0.784994553125 0.98249846796875 0.7819308281249999 0.9995404414062501 0.7802287578125 0.99915747578125 0.7771650328125 0.99226409296875 0.7778458609375 0.9687117031250001 0.7802287578125 0.938648896875 0.7819308281249999 0.90399050234375 0.7819308281249999 0.8545879289062499 0.77988834453125 0.81609987734375 0.7764842046875 0.78622855390625 0.7737608929687501 0.7442938109375 0.76899509765625 0.6920189953125 0.76150599140625 0.6655943625 0.7543572984375 0.62155330859375 0.7461873640625 0.55013020859375 0.73086873671875 0.4993872546875 0.71997548984375 0.42547487734375 0.7022739648437499 0.37856158125 0.69035947734375 0.31575520859375 0.672998365625 0.19875919140625 0.64031862734375 0.12005974296875 0.6164896515625 0.04538143359375 0.5930010890624999 0.000382965625 0.57904411796875 0.00076593125 0.58687363828125
0 0 0.372222221875 0.10071997578125 0.35811546875 0.21943933828125 0.33700980390625 0.34734987734375 0.31318082812500003 0.45994178906250005 0.29139433515625 0.4587928921875 0.2859477125 0.3829656859375 0.30160675390625 0.2830116421875 0.31998910703125 0.17999387265625 0.3390522875 0.09114583359375 0.3518518515625 0 0.36666666640625 0 0.372222221875
0 0.49364276953125 0.28322440078125 0.584788603125 0.2900326796875 0.7142310046875 0.294798475 0.8026960781250001 0.29343681953125 0.9064797796875 0.286628540625 0.99877451015625 0.27777777812500004 0.99915747578125 0.2716503265625 0.94401041640625 0.27777777812500004 0.8712469359374999 0.28458605703125 0.78507965703125 0.2893518515625 0.6717218140625 0.2907135078125 0.59129901953125 0.28526688437500003 0.49479166640625005 0.28050108906250004 0.49364276953125 0.28322440078125
0 0.15407986093749998 0.8896604937499999 0.234809028125 0.88657407421875 0.3064236109375 0.88271604921875 0.3845486109375 0.8796296296874999 0.46050347187499996 0.8757716046875 0.49609375 0.8734567898437501 0.4939236109375 0.86882716015625 0.4279513890625 0.8734567898437501 0.3576388890625 0.8757716046875 0.29253472187499996 0.87808641953125 0.23177083359375 0.88117283984375 0.16319444453125 0.8850308640625 0.10069444453125001 0.88657407421875 0.027777778125000003 0.8896604937499999 0 0.890277778125 0.00303819453125 0.89583333359375 0.0607638890625 0.8927469132812501 0.15407986093749998 0.8896604937499999
0 0.0065104164062499996 0.44768518515625005 0.17144097187500001 0.52484567890625 0.31728707109375 0.58789488046875 0.45170802734375004 0.643382353125 0.58842677734375 0.6968273421875 0.72686887265625 0.7448257078125 0.84673713203125 0.776143790625 0.94267003671875 0.79452614375 0.9997395835937499 0.79953703671875 0.9995404414062501 0.7948665578125 0.9436274507812501 0.7911220046875 0.859375 0.7758033765625 0.7709099265625 0.75197440078125 0.6948912375 0.727464596875 0.5447048609375 0.67299382734375 0.39019097187499996 0.609722221875 0.18956801484375002 0.51981209140625 0.0021701390625 0.42916666640625 0.0065104164062499996 0.44768518515625005
0 0.625 0.8834876546875 0.6814236109375 0.88657407421875 0.734809028125 0.8888888890625 0.8046875 0.8942901234375 0.862847221875 0.89583333359375 0.91015625 0.8981481484374999 0.9665798609375 0.9012345679687501 0.9982638890625 0.9035493828125001 0.9969618054687499 0.89737654296875 0.944878471875 0.8950617281250001 0.8836805554687499 0.8927469132812501 0.82291666640625 0.8888888890625 0.7734375 0.8873456789062499 0.71180555546875 0.88271604921875 0.65147569453125 0.88117283984375 0.5998263890625 0.87808641953125 0.550347221875 0.87268518515625 0.51953125 0.869598765625 0.5173611109375 0.87268518515625 0.56640625 0.8788580250000001 0.625 0.8834876546875
0 0.9424785539062499 0.07761437890625 0.9802006742187499 0.11846405234374999 0.99915747578125 0.13922930312499998 0.99934895859375 0.13514433515625 0.98115808828125 0.1160811546875 0.95377604140625 0.0857843140625 0.92505361484375 0.0541258171875 0.8982460171875 0.0231481484375 0.88407628671875 0.00612745078125 0.88465073515625 0.01089324609375 0.90284160546875 0.032679738281249995 0.9424785539062499 0.07761437890625
0 0.9995404414062501 0.01599945546875 0.98671875 0 0.98364736484375 0.0003404140625 0.99934895859375 0.019403594531250002 0.9995404414062501 0.01599945546875
0 0.57291666640625 0.6112749921875 0.61048119453125 0.61045558828125 0.6445888640625 0.6092264828125 0.6798488203125 0.60758767578125 0.71626106171875 0.60676827265625 0.7395372421874999 0.60594886953125 0.77917588515625 0.60390036015625 0.82158001484375 0.60267125546875 0.86352323046875 0.60021304453125 0.89970501484375 0.5981645359375001 0.9455660031249999 0.59488692265625 0.982439159375 0.5936578171875 0.99926253671875 0.59283841328125 0.9997234515625 0.5899705015625 0.96930309765625 0.59119960703125 0.9324299406250001 0.593248115625 0.908692846875 0.5944772203124999 0.87550700625 0.59570632578125 0.83494653359375 0.597754834375 0.7983038351562499 0.5993936414062501 0.7665007375 0.6010324484375 0.7307798671875 0.6022615539062499 0.69482853984375 0.60390036015625 0.6680955015625 0.6051294656249999 0.6330660031249999 0.60594886953125 0.59941924765625 0.60676827265625 0.5678466078125 0.60758767578125 0.541804940625 0.607997378125 0.509310471875 0.60881678125 0.50718042109375 0.6126393382812501 0.5365089000000001 0.612189859375 0.57291666640625 0.6112749921875
0 0.5074668140624999 0.6194690265625 0.5420353984374999 0.619059325 0.5722252953125 0.6186496234375001 0.6157817109375 0.61783021953125 0.67823561953125 0.6166011140625 0.71626106171875 0.6153720093749999 0.737693584375 0.6149623078124999 0.76557890859375 0.61455260546875 0.79807337734375 0.6129137984375 0.83195058984375 0.61168469375 0.86674963125 0.6092264828125 0.8994745578125001 0.6084070796875001 0.93150811171875 0.60758767578125 0.9695335546875 0.60594886953125 0.99880162265625 0.6043100625 0.99857116484375 0.6010324484375 0.9741426992187501 0.60308095703125 0.93542588515625 0.6043100625 0.9121497046875 0.6051294656249999 0.8828816375 0.6055391671875 0.8531526546875 0.60758767578125 0.823193215625 0.60758767578125 0.7865505164062501 0.6096361851562501 0.75336467578125 0.61086528984375 0.724557521875 0.6112749921875 0.69413716796875 0.6129137984375 0.65680309765625 0.61373320234375 0.62845685859375 0.61455260546875 0.58904867265625 0.6149623078124999 0.55955014765625 0.6153720093749999 0.5365044250000001 0.6157817109375 0.5072363570312499 0.6153720093749999 0.5074668140624999 0.6194690265625
0 0.50763735234375 0.625098328125 0.54220593671875 0.6246886265625 0.57239583359375 0.624278925 0.6159522492187499 0.62345952109375 0.6784061578125 0.62223041640625 0.7164316000000001 0.6210013109375 0.73786412265625 0.620591609375 0.765749446875 0.6201819078125 0.8015302359375 0.619059325 0.8340247046875 0.6182399210937499 0.8692846609375 0.6161914125 0.9010877578125 0.6157817109375 0.9349649703124999 0.61373320234375 0.9697040929687499 0.61157817109375 0.9989721609375 0.6099393640625 0.99874170390625 0.60666175 0.9743132375 0.60871025859375 0.930816740625 0.6112749921875 0.91145833359375 0.6120943953125 0.8863384953125 0.6129137984375 0.85960545703125 0.61373320234375 0.8250368734375 0.6153720093749999 0.79023783203125 0.6166011140625 0.7545169617187499 0.61742051796875 0.72472806015625 0.61690429375 0.6943077062499999 0.6185431007812501 0.6569736359375 0.61936250390625 0.628627396875 0.6201819078125 0.5892192109375001 0.620591609375 0.5597206859375 0.6210013109375 0.53667496328125 0.6214110125000001 0.5074068953124999 0.6210013109375 0.50763735234375 0.625098328125