3 0.22214066015624997 0.72427293046875 0.29379893749999997 0.75130499609375 0.308654921875 0.74571215546875 0.31022790859375 0.7314193390625 0.304460290625 0.729865771875 0.30512152812500004 0.7023148148437499 0.29383680546875 0.7038580249999999 0.29210069453125 0.723919753125 0.25709591718749997 0.7093586875 0.25884368046875 0.6817051953125 0.24522569453125 0.6807098765624999 0.24398769609375 0.70407656015625 0.22476230390625 0.695376584375 0.23577321015625002 0.58196619453125 0.295896253125 0.6167660953125 0.31640625 0.6128086421875001 0.32074652812500004 0.598919753125 0.31206597187499996 0.59120370390625 0.31553819453125 0.569598765625 0.30078125 0.571141975 0.30078125 0.58811728359375 0.26953125 0.5680555554687501 0.27213541640625 0.5418209875 0.26085069453125 0.5418209875 0.25911458359375 0.56188271640625 0.2394435125 0.5499627140625 0.26653383671875003 0.27280636328124996 0.2834201390625 0.2871913578125 0.29557291640625 0.282561728125 0.29834312109375 0.2594456875 0.29292505625 0.25664926640624997 0.28949652812500004 0.27021604921875003 0.2826132546875 0.281195625 0.26670861328125 0.26752423593749997 0.27422399296875 0.1929530203125 0.30553536796874997 0.23094315234375 0.31098595 0.21856158515625 0.27616279062500004 0.17441860468749998 0.28515625 0.13595678984374998 0.2661700578125 0.13027562421875 0.26435319765625 0.16042205 0.23133680546875 0.11589506171875 0.226996528125 0.13441358046875002 0.26223352734375 0.17657192109375 0.25284641484375003 0.25678294609374996 0.23654513906250002 0.24398148125 0.22960069453125 0.22083333359375001 0.226996528125 0.1992283953125 0.21484375 0.22546296328125 0.20963541640625 0.25941358046874996 0.24696180546875 0.29953703671875 0.22214066015624997 0.5384663187500001 0.16015625 0.4986111109375 0.16449652812499999 0.47237654296875 0.15494791640625 0.47237654296875 0.14366319453125 0.49243827187500006 0.12630208359375 0.50478395078125 0.1228298609375 0.52021604921875 0.21794602890624998 0.5729555054687501 0.20591085234375 0.688522825 0.13929263593750002 0.662144703125 0.14279513906250002 0.628240740625 0.13411458359375 0.6266975312499999 0.124565971875 0.6375 0.11588541640625001 0.6375 0.11328125 0.6621913578124999 0.101996528125 0.6621913578124999 0.09962451562499999 0.6782945734375 0.20227713203125003 0.71597760546875 0.17230902812499999 0.9986111109375001 0.19574652812499999 0.9970679015625 0.22214066015624997 0.72427293046875
0 1 0.27920927890625 0.9482708796875 0.29891561015625 0.80449524609375 0.35545612734375 0.64938303984375 0.4135595328125 0.522145903125 0.45923440234374996 0.407228746875 0.4990057171875 0.2737888 0.5403305992187499 0.27396357656250003 0.5443698734375 0.41212248359375003 0.500559284375 0.49164569374999995 0.47383793203125 0.6940366328125 0.40144171015624996 0.89031040234375 0.3271812078125 1 0.28476785078125 1 0.27920927890625
0 1 0.351419525 0.79750419453125 0.42101665390625 0.6143386468750001 0.47974148671875005 0.45616319453125 0.5285493828125001 0.315471196875 0.56860551796875 0.31553819453125 0.57330246875 0.3984375 0.54938271640625 0.56119791640625 0.50154321015625 0.7427992171875 0.44307730546875 0.8672399328125 0.40206313671875 1 0.35743736875 1 0.351419525
0 0.519260346875 0.59066616953125 0.70539709140625 0.5617698234375 0.8922329421875 0.5300770570312501 0.9997203578124999 0.5111235398437499 0.9997203578124999 0.50397713125 0.8922329421875 0.52261993515625 0.7363324945312499 0.5499627140625 0.59074384765625 0.5745090726562501 0.45319491015624996 0.59656972421875 0.251937984375 0.621231696875 0.149588178125 0.63253660625 0.1514050390625 0.6352282515625001 0.2728318796875 0.62338501328125 0.442009228125 0.60154113828125 0.519260346875 0.59066616953125
0 0.261989653125 0.684501615625 0.4065296421875 0.68139448203125 0.57903383671875 0.66958737265625 0.84224692421875 0.6450410140625 0.9997395835937499 0.628240740625 0.9997203578124999 0.62204822265625 0.867414709375 0.636962465625 0.7300405484375 0.65187670859375 0.5470497765625 0.66803380546875 0.3895763421875 0.677976634375 0.26094099531250003 0.68139448203125 0.261989653125 0.684501615625
0 0.30795581640625 0.7062515539062499 0.47731403828124996 0.6969301515625 0.651740771875 0.68263733515625 0.8471406601562499 0.6633731046875 0.9997395835937499 0.646759259375 0.9997203578124999 0.6413124531250001 0.7870176171875001 0.6658588117187499 0.61538730390625 0.68201590859375 0.45057326640625 0.6947551578125 0.30585850078125 0.7034551328124999 0.30795581640625 0.7062515539062499
0 0 0.8861111109375001 0.0515590046875 0.857568978125 0.14611297578125 0.8007084265625 0.1462877515625 0.7976012921875 0.0763772375 0.8411011679687499 0 0.884259259375 0 0.8861111109375001
0 0 0.8606761125 0.09997203593750001 0.7932513046875 0.20029362421875 0.7214765101562499 0.20046027109375003 0.718130921875 0.07672678984375 0.8069226945312501 0.0017477625 0.857568978125 0 0.8606761125
0 0.16656180078125 0.47445935859375005 0.4345324609375 0.35852713203125003 0.7097868218750001 0.22825150703125 0.8702761625000001 0.14965546953125 0.9997395835937499 0.084722221875 0.9997395835937499 0.078240740625 0.84695978671875 0.155038759375 0.680111434375 0.2357881140625 0.52840358515625 0.307924203125 0.4127301359375 0.36337209296875 0.27841862421874997 0.42319164765624995 0.16586269609374998 0.4710415109375 0.16656180078125 0.47445935859375005
0 0.6765625 0 0.538699128125 0.10712747656249999 0.40455426328125005 0.20994832031250002 0.27858527109375003 0.3041559 0.27767684140625 0.307924203125 0.42453972890624997 0.1986434109375 0.5659520351562499 0.08882428906249999 0.6828125 0 0.6765625 0
0 0.56041666640625 0 0.51477713203125 0.039298018750000004 0.39970930234375 0.13673557265625 0.3125 0.20833333359375 0.313711240625 0.21210163671875 0.48661579453125 0.067291128125 0.56640625 0 0.56041666640625 0
0 0.41796875 0 0.36185804296875 0.05437123203125001 0.28403585234375 0.13027562421875 0.28464147265625 0.1335055984375 0.3697311046875 0.050064599218750006 0.42109375 0 0.41796875 0
0 0.35807291640625 0 0.291000484375 0.0662144703125 0.23787052578124998 0.1205567984375 0.23961828828125 0.12273179218750001 0.3025072671875 0.058677864062499994 0.36041666640625 0 0.35807291640625 0
0 0 0.43173987968749994 0.03936531015625 0.3816752796875 0.1420179265625 0.24924633906250002 0.22790827734375002 0.13702460859375 0.22633529062500002 0.13360676093749999 0.07183305390625 0.33650261015625 0 0.42870370390624996 0 0.43173987968749994
0 0 0.5513888890625 0.12479026875000002 0.41790952031249995 0.24031739375 0.2902063140625 0.23909395937500003 0.28896346015624996 0.07725111875 0.4666915234375 0 0.5486111109375 0 0.5513888890625
0 0 0.46482724296875 0.1454138703125 0.2957991546875 0.2541247203125 0.1680959484375 0.25255173359375 0.167474521875 0.08162052578125 0.36726323671875 0 0.4611111109375 0 0.46482724296875
0 0 0.64398148125 0.1225181765625 0.5142306734375001 0.12164429531250001 0.5129878203125 0 0.6412037039062499 0 0.64398148125
0 0.0001747765625 0.80164056640625 0.054355425 0.7640442453125 0.14488954140625002 0.6981730054687499 0.144137596875 0.69552110234375 0.09822427265625 0.7304871984375 0 0.79953703671875 0.0001747765625 0.80164056640625
0 0 0.7559656968749999 0.10958473124999998 0.6568481234375 0.10940995546875001 0.65436241640625 0 0.753240740625 0 0.7559656968749999
0 0.002097315625 0.7640442453125 0.028488534375000003 0.74322644765625 0.07358081640625 0.70749440703125 0.10381711406250001 0.6823266218749999 0.10276845625 0.68139448203125 0.05662751640625 0.718990803125 0.024119127343749998 0.74478001484375 0.0001747765625 0.76311210546875 0.002097315625 0.7640442453125