0 0.7971354164062501 0 0.7989885265625001 0.48644659140625 0.79977964765625 0.7140313390624999 0.79635416640625 0.9995370367187499 0.80208333359375 0.9995370367187499 0.80729166640625 0.7497013140625 0.8031400968750001 0.001341921875 0.7989885265625001 0.00268384296875 0.7971354164062501 0
0 0.617451690625 0.00268384296875 0.59895833359375 0.730676328125 0.60122282578125 0.7326892109375 0.6208484296875 0.00335480390625 0.617451690625 0.00268384296875
0 0.5521916046875 1 0.55857487890625 0.81843129375 0.5545104046875 0.8200699867187501 0.54817708359375 0.9995370367187499 0.54949794765625 1 0.5521916046875 1
0 0.5871975804687499 0.005973715625 0.5583934296875 0.7264957265625 0.5634014421875 0.7238247859375 0.592237903125 0.0029868578125 0.5871975804687499 0.005973715625
0 0.736177884375 0.74341168125 0.74018429453125 0.74341168125 0.7386818914062501 0.60363247890625 0.73567708359375 0.31784188046875 0.73567708359375 0.07923789140625001 0.73517628203125 0.0017806265625000001 0.732185990625 0.001341921875 0.731808575 0.24020397187500003 0.73267227578125 0.428240740625 0.7341746796875 0.5653490031249999 0.736177884375 0.74341168125
0 0.70651041640625 0 0.7068991546875 0.42002147109375 0.70765398515625 0.74476650546875 0.71180555546875 0.74543746640625 0.711050725 0.5844068703125 0.71029589375 0.32340311328125 0.709375 0 0.70651041640625 0
0 0.66197916640625 0 0.6563254828125 0.2147074609375 0.65141908203125 0.48913043515625 0.64860026015625 0.73350694453125 0.653683575 0.7373859367187501 0.6619867148437499 0.3119967796875 0.66640625 0 0.66197916640625 0
0 0.53517512109375 0.7165861515625 0.53970410625 0.5817230273437499 0.5498943234375 0.27911969921875 0.5581974640625 0.026167471874999997 0.553668478125 0.030864197656249998 0.54838466171875 0.18183038125 0.53873697890625 0.4470486109375 0.52978515625 0.71180555546875 0.53517512109375 0.7165861515625
0 0.49177234296875005 0.71188942578125 0.50233997578125 0.52536231875 0.517578125 0.2575231484375 0.5295138890625 0.03220611953125 0.52724939609375 0.026167471874999997 0.518191425 0.17579173359375 0.50460446875 0.432098765625 0.48875301953125005 0.71188942578125 0.49177234296875005 0.71188942578125
0 0.4795705015625 0.9988660765624999 0.48709003281249996 0.80951422421875 0.48384661796875 0.8091787437500001 0.47618508437499996 0.9988660765624999 0.4795705015625 0.9988660765624999
0 0.52421875 0.9995370367187499 0.5306461351562499 0.8152173914062499 0.52571614609375 0.8145254632812501 0.51848958359375 0.9995370367187499 0.52421875 0.9995370367187499
0 0.48445803125 0.7109635 0.4950256640625 0.52443639296875 0.51026381328125 0.256597221875 0.52219957734375 0.031280192968749995 0.5199350843749999 0.02524154609375 0.51087711328125 0.1748658078125 0.49729015703124996 0.43117283984375004 0.4814387078125 0.7109635 0.48445803125 0.7109635
0 0.47338843593749996 0.9986111109375001 0.48090796718749995 0.809259259375 0.477664553125 0.80892377890625 0.47000301953125 0.9986111109375001 0.47338843593749996 0.9986111109375001
3 0.48913043515625 0.7950885671875 0.53328804375 0.8105206656249999 0.5578200484375 0.8145464304687501 0.54913949296875 0.8474235101562501 0.54461050703125 0.87694578671875 0.5431008453125 0.89371980703125 0.53177838203125 0.92726784765625 0.539326690625 0.9346484164062501 0.5566878015625 0.8896940421874999 0.5649909421875 0.8172302734375 0.63330313984375 0.8440687062500001 0.62349033828125 0.950080515625 0.603109903125 0.9413580250000001 0.595939009375 0.94538378984375 0.59178743984375 0.9943639289062499 0.603109903125 0.99637681171875 0.6087711351562499 0.9554482015625 0.6434933578125 0.9728931828125 0.64500301953125 0.99704777265625 0.6570803140625 0.9983896937500001 0.6563254828125 0.9655126140625001 0.63066123203125 0.9527643585937501 0.6412288648437501 0.84675255 0.7072765703125 0.8722490609375001 0.70048309140625 0.9064680624999999 0.69821859921875 0.94269994609375 0.7095410625 0.97155126171875 0.71557971015625 0.99704777265625 0.7253925117187501 0.99704777265625 0.72690217421875 0.9561191625 0.71520229453125 0.9178743960937499 0.72916666640625 0.90378421875 0.7340730679687499 0.8782877078125001 0.7348278984375 0.8474235101562501 0.7487922703125001 0.85748792265625 0.7559631640625 0.8433977453124999 0.75181159453125 0.827965646875 0.7419987921875 0.8199141171875001 0.7001056765625 0.8111916265625 0.7001056765625 0.793075684375 0.7461503625 0.800456253125 0.7567179953125 0.8098497046875 0.77634359921875 0.81655931328125 0.789175725 0.80649490078125 0.7921950484375 0.783011271875 0.78200483125 0.76422436953125 0.74539553125 0.7575147609374999 0.74048913046875 0.74745034921875 0.73331823671875 0.7461084273437499 0.72992149765625 0.75483091796875 0.646890096875 0.7414117015625 0.5929196859375 0.730676328125 0.57404891328125 0.73201825 0.56348128046875 0.72195383828125 0.553668478125 0.72665056328125 0.5287590578125 0.7226247984375 0.4929045890625 0.7152442296875 0.48195954140625 0.71054750390625 0.476298309375 0.7139023078125 0.46384359921874996 0.7165861515625 0.46006944453125 0.7890499195312499 0.48913043515625 0.7950885671875