0 0.8142176421875 0.3058510640625 0.8175421101562501 0.30782111875 0.804798315625 0.26447990546875 0.782912234375 0.187155240625 0.78014184375 0.18518518515625 0.7953789890625 0.23886918828125 0.8142176421875 0.3058510640625
0 0.8297318265625 0.31717888125 0.8180961882812501 0.27876280546875 0.8034131203125 0.2295114265625 0.7901152484375 0.18420015781250001 0.7881759749999999 0.18469267109375 0.8042442375000001 0.23886918828125 0.8183732265625 0.2861505125 0.82834663125 0.3191489359375 0.8297318265625 0.31717888125
0 0.944980053125 0.63140267890625 0.96354166640625 0.70330969296875 0.98764406015625 0.7944247437499999 0.9987256203125 0.8353033882812501 0.9990026593750001 0.8264381406249999 0.98459663125 0.7722616234374999 0.96160239375 0.6870567375000001 0.9397163117187499 0.60086682421875 0.923093971875 0.5373325453125 0.90979609921875 0.4861111109375 0.89289671953125 0.4215918046875 0.87267287265625 0.342297084375 0.8530031031249999 0.263494878125 0.834718528125 0.18814026796875 0.8194813828124999 0.12854609921875 0.81643395390625 0.12805358515625 0.8297318265625 0.1782899921875 0.84164450390625 0.22803388515625 0.8590979609374999 0.29501576015625003 0.8820921984375 0.38908589453125 0.898991578125 0.45163514609375 0.9217087765624999 0.540287628125 0.9347296101562501 0.5910165484375 0.944980053125 0.63140267890625
0 0.96328125 0.9995370367187499 0.93435703984375 0.852091315625 0.88945761484375 0.6226053640625 0.8355496453125 0.3418045703125 0.83378232734375 0.3432311625 0.8721713359375001 0.54398148125 0.9258261492187501 0.821759259375 0.9609375 0.9995370367187499 0.96328125 0.9995370367187499
0 0.9518588359375 0.99993614296875 0.9222341953125 0.8496966796875001 0.879130746875 0.6242017882812501 0.82794540234375 0.34402937421875 0.823006465625 0.3404374203125 0.859599496875 0.54318326953125 0.912131825 0.81736909296875 0.946650503125 0.99993614296875 0.9518588359375 0.99993614296875
0 0.67772090546875 1 0.67483836171875 0.9494731796875 0.6683279453125001 0.8389208171875 0.65912356328125 0.67648467421875 0.650368175 0.53599936171875 0.644755746875 0.42983716484374995 0.6402658046874999 0.34921775234374997 0.6377963359375001 0.3452266921875 0.6407147992187501 0.4007024265625 0.64655172421875 0.5016762453125 0.655980603125 0.66371328203125 0.66074455390625 0.74347666640625 0.66870510078125 0.87313218359375 0.67588900859375 1 0.67772090546875 1
0 0.68528196875 1 0.6823994250000001 0.9482439335937499 0.6752873562499999 0.83852171171875 0.6656339796874999 0.6804757343750001 0.65665409453125 0.53520114921875 0.650368175 0.4310344828125 0.6452047414062501 0.3452266921875 0.6434087640625 0.3452266921875 0.64677622109375 0.40469348671875 0.6535111351562499 0.50407088125 0.6629400140625 0.6657088124999999 0.66720546015625 0.7455300125 0.67573635078125 0.8772349937499999 0.6834500718750001 1 0.68528196875 1
0 0.67083333359375 0.9995370367187499 0.6681034484375 0.9474776500000001 0.66159303125 0.83772349921875 0.653062140625 0.67648467421875 0.64498024453125 0.5312100890625 0.63959231328125 0.42584610468750006 0.634149775 0.33533533515624997 0.6321839078125 0.33085887578125 0.636000359375 0.4007024265625 0.641837284375 0.5012771390624999 0.6503378375 0.6625375375 0.6544091234375 0.7443326945312501 0.66181752890625 0.871647509375 0.66900143671875 0.99896232421875 0.67083333359375 0.9995370367187499
1 0.69509086875 0.6530732859375 0.7223958335937499 0.47222222187499996 0.75714760625 0.22557131562500002 0.82391400703125 0.33490937734375004 0.83111702109375 0.3309692671875 0.930574025 0.17533490937500001 0.77681737578125 0.095547675 0.79114583359375 0.00740740703125 0.78235815625 0.00443262421875 0.7344304078125 0.11032308906249999 0.5421875 0.11296296328125 0.49950132968750005 0.006402678906250001 0.48802083359375 0.01481481484375 0.5046875 0.09629629609375 0.34739583359375004 0.177777778125 0.44739583359374996 0.34629629609375 0.52135416640625 0.20740740703125 0.5390625 0.35740740703124996 0.577349290625 0.6195823484375 0.55712544296875 0.8264381406249999 0.5594468390625 0.9450830140625 0.5640625 0.9481481484375 0.63802083359375 0.781126871875 0.71232938203125 0.9510696039062501 0.716819325 0.9506704984375001 0.69509086875 0.6530732859375
0 0.40047860390625 0.9984984984375 0.414203265625 0.8083083085937499 0.43074324296875 0.5980980984375 0.44798704921875 0.34909909921875004 0.44587556328125 0.3484734734375 0.42581644140624997 0.6293793796875 0.3983671171875 0.996621621875 0.40047860390625 0.9984984984375
0 0.40494791640625005 0.9995370367187499 0.4191300671875 0.81018518515625 0.4344453828125 0.5984234234375 0.4516891890625 0.34942442421875 0.44957770234375005 0.3487987984375 0.42951858125 0.6297047046875 0.40259008984375005 0.99599599609375 0.40494791640625005 0.9995370367187499
0 0.3908079953125 1 0.40575731953125 0.8139389390625 0.42159346875 0.6049799796875 0.44200450468749997 0.346596596875 0.43954110390625 0.34159159140625 0.41772241015624995 0.63188188203125 0.388696509375 0.99908658671875 0.3908079953125 1
3 0.965277778125 0.47716049375 0.96319444453125 0.3617283953125 0.96319444453125 0.208641975 0.969097221875 0.21358024687500002 0.9704861109375 0.20802469140625002 0.96319444453125 0.19938271640625 0.96354166640625 0.177797478125 0.96979166640625 0.18148148125000002 0.9704861109375 0.17716049375 0.96493055546875 0.16666666640625 0.9591090421875 0.1674546890625 0.95833333359375 0.25802469140625 0.95104166640625 0.26234567890625 0.95 0.29382716015625 0.9576388890624999 0.2932098765625 0.9572916664062501 0.34691358046875 0.95868055546875 0.46419753124999996 0.959375 0.59629629609375 0.9618055554687499 0.6 0.965972221875 0.59629629609375 0.965277778125 0.47716049375
0 0.8596520390625001 0.05762411328125 0.8740580671875 0.08963751015625 0.88791001796875 0.11918833749999999 0.9025930851562499 0.14627659609375002 0.91228945 0.16449960624999999 0.91339760625 0.16302206484374998 0.90425531953125 0.14529156796875 0.8890181734375 0.11623325468750001 0.87433510625 0.08618991328125 0.8582668437500001 0.04925137890625 0.8458000882812501 0.01625295546875 0.84025930859375 0.00098502734375 0.83802083359375 0 0.84912455703125 0.03102836875 0.8596520390625001 0.05762411328125
0 0.91672207421875 0.1334712375 0.9111812945312501 0.124113475 0.897883421875 0.09702521640625 0.8868018617187501 0.07387706875 0.87849069140625 0.05023640625 0.8685172874999999 0.02659574453125 0.8602061171875001 0.00098502734375 0.8571586882812501 0.0004925140625000001 0.8735039890625 0.0458037828125 0.8895722515625 0.08618991328125 0.9050864359374999 0.11721828203125 0.9153368796875 0.138396375 0.91672207421875 0.1334712375
0 0.9560616132812501 0.1640070921875 0.9408244679687501 0.1472616234375 0.92697251796875 0.13100866796875 0.91921542578125 0.12017336484375 0.9056405140624999 0.098995271875 0.8912344859375001 0.07436958203125 0.88015292578125 0.052698975781250004 0.88347739375 0.06451930624999999 0.89483599296875 0.08372734453125 0.91090425546875 0.11130811640625 0.9297429078125001 0.138396375 0.9463652484375 0.15661938515625 0.95772384765625 0.16843971640625 0.9560616132812501 0.1640070921875
0 0.95827792578125 0.19996059921875 0.95772384765625 0.1950354609375 0.9422096632812501 0.1758274234375 0.9286347515625 0.15563435781249998 0.923093971875 0.1438140265625 0.92364805 0.15169424765625 0.93168218046875 0.16597714765625 0.9297429078125001 0.16203703671875 0.94553413125 0.18420015781250001 0.95827792578125 0.19996059921875
0 0.9997395835937499 0.20370370390625 0.9992796984375 0.19996059921875 0.98210328046875 0.18617021250000002 0.9746232265625 0.18026004765625 0.97157579765625 0.18223010234374998 0.9862588656250001 0.19405043359375002 0.9997395835937499 0.20370370390625
0 0.99734042578125 0.23394405078124997 0.98736702109375 0.22507880234375 0.97296099296875 0.21227344375 0.9712987585937499 0.21522852656250002 0.98681294296875 0.22852639843749997 0.9984485812499999 0.23936170234374998 0.99734042578125 0.23394405078124997
0 0.9749002656249999 0.24970449140625 0.9984485812499999 0.27137509843749996 0.99789450390625 0.265957446875 0.98653590390625 0.25610717109375003 0.96354166640625 0.23591410546875 0.9638187054687499 0.23936170234374998 0.9749002656249999 0.24970449140625
0 0.9887522164062499 0.2905831359375 0.9990026593750001 0.2999408984375 0.9990026593750001 0.29550827421875 0.9832114359374999 0.2822104015625 0.9638187054687499 0.26447990546875 0.9638187054687499 0.26989755703124996 0.9762854609374999 0.28073286015625 0.9887522164062499 0.2905831359375
0 0.45766843984375 0.187155240625 0.44769503515625003 0.18617021250000002 0.44437056718749995 0.2462568953125 0.44187721640625 0.31816390859375 0.452127659375 0.31865642265625 0.45434397187500003 0.26152482265625 0.45766843984375 0.187155240625
0 0.46459441484374997 0.00098502734375 0.45600620546875004 0.0004925140625000001 0.45434397187500003 0.04531126875 0.45129654218750004 0.12165090625 0.46071586875000003 0.11574074062499999 0.46293218046874995 0.052698975781250004 0.46459441484374997 0.00098502734375
0 0.749667553125 0.0763396375 0.75022163125 0.06944444453125001 0.740525265625 0.03250591015625 0.73221409609375 0.00197005546875 0.72916666640625 0 0.73720079765625 0.029550827343750002 0.749667553125 0.0763396375
0 0.7563164890625 0.0620567375 0.74634308515625 0.028073285937499998 0.73828125 0 0.7366467195312499 0.00246256875 0.74689716328125 0.037431048437499996 0.75437721640625 0.06353427890624999 0.7563164890625 0.0620567375
0 0.936945921875 0.23886918828125 0.94858156015625 0.25265957421874996 0.9560616132812501 0.25906225390625004 0.95689273046875 0.25561465703124997 0.9463652484375 0.24724192265624997 0.93306737578125 0.23049645390625 0.9147828015625 0.2058707640625 0.9120124117187499 0.206363278125 0.92447916640625 0.223108746875 0.936945921875 0.23886918828125
0 0.60588430859375 0.113278171875 0.610593971875 0.11130811640625 0.6039450351562501 0.054176517187499995 0.59785017734375 0.014282900000000001 0.5948027484375 0.015267927343750001 0.600343528125 0.06107171015625 0.60588430859375 0.113278171875
0 0.6158577125 0.1044129234375 0.61308732265625 0.0852048859375 0.60782358125 0.048758865624999995 0.6064383867187499 0.04728132421875 0.6092087765625 0.06944444453125001 0.61474955703125 0.11032308906249999 0.6158577125 0.1044129234375
1 0.60782358125 0.034475965625 0.60505319140625 0 0.5305296984375001 0.0004925140625000001 0.52692819140625 0.054176517187499995 0.53330008828125 0.054176517187499995 0.55103058515625 0.0004925140625000001 0.59064716328125 0.00098502734375 0.6042220742187501 0.03496847890625 0.60782358125 0.034475965625