1 0.52336516171875 0.9220679015625001 0.5217881945312499 0.846759259375 0.562065971875 0.6442901234375 0.51744791640625 0.5720679015625 0.51484375 0.4625 0.502690971875 0.4625 0.47491319453124997 0.5921296296875 0.41848958359375 0.59830246875 0.38463541640625 0.45324074062499997 0.37074652812500003 0.4625 0.37074652812500003 0.57515432109375 0.2943576390625 0.6924382718750001 0.32473958359375 0.83441358046875 0.354253471875 0.9115740742187499 0.36640625 0.8606481484374999 0.36553819453125 0.9995370367187499 0.41484375 0.9995370367187499 0.526128471875 0.9964506171874999 0.52336516171875 0.9220679015625001
0 0 0.24722222187499998 0.11610243046874999 0.25913065859375 0.2734375 0.27456275703125 0.42100694453125 0.28806584375 0.55555555546875 0.300282921875 0.7190393515625 0.31378600859375 0.86877893515625 0.326646090625 0.9997395835937499 0.3361111109375 0.9997395835937499 0.33148148125 0.8759548609375001 0.3220679015625 0.730121528125 0.309722221875 0.60366030078125 0.300282921875 0.4709201390625 0.28806584375 0.32784237734375 0.27526557578125 0.1569733796875 0.2584876546875 0.00108506953125 0.24305555546875 0 0.24722222187499998
0 0.00040690078125 0.31539351875 0.06795247421875 0.32262731484375 0.16573804921875 0.33161068046875003 0.2734375 0.3420781890625 0.38194444453125 0.35236625546875 0.496600115625 0.36265432109375 0.61234085625 0.37229938281249997 0.73278356484375 0.38194444453125 0.8669704859375 0.39158950625 0.9997395835937499 0.40138888906250003 0.99934895859375 0.39801954765625 0.9134756453125 0.39188836718750003 0.84314480625 0.38683489843749996 0.767144096875 0.3806584359375 0.6936631945312499 0.37453703671875 0.574725115625 0.36458333359375 0.458984375 0.35558127578125 0.32552083359375 0.34336419765625 0.224609375 0.33436213984375 0.14539930546875 0.32600308671875 0.062934028125 0.31828703671874997 0 0.3111111109375 0.00040690078125 0.31539351875
0 0 0.77731481484375 0.0643176734375 0.78921203046875 0.14829282421875 0.8056841562500001 0.242693865625 0.8236882718749999 0.32552083359375 0.8379940343750001 0.32429739921875 0.83457618671875 0.2587562921875 0.8223030078125 0.164568865625 0.8043981484374999 0.07647569453125 0.78811728359375 0 0.7731481484375 0 0.77731481484375
0 0.1382480421875 0.90433134453125 0.20813146015625 0.91982486328125 0.28428819453125 0.93621399140625 0.36432116875 0.9542008453124999 0.36385995390625003 0.9503600820312499 0.313946759375 0.93878600859375 0.21231192109375 0.9162808640625 0.13387863515625 0.8992045734375 0.066912615625 0.8847736625 0 0.8680555554687499 0.00008738828125 0.87186179453125 0.055578859375 0.88630996796875 0.1382480421875 0.90433134453125
0 0.145037615625 0.8847736625 0.22677951406250002 0.8899176953125 0.27959463828125003 0.8932672984375 0.34681847578124997 0.8975739304687499 0.34540536171874997 0.893626184375 0.29803240703125 0.8886316875 0.23256655078125 0.8834876546875 0.166015625 0.8796296296874999 0.103081596875 0.87512860078125 0.06562849531250001 0.8731046484375 0.018370478125 0.86958082109375 0.0188078703125 0.8725565843749999 0.0798727625 0.8788528460937499 0.145037615625 0.8847736625
0 0.143330103125 0.845176571875 0.22243923593749998 0.8506944445312501 0.2923133390625 0.8536850609375 0.3298611109375 0.8584104937499999 0.32696759296875 0.85198045234375 0.28754340312500004 0.84747942421875 0.23841246796874999 0.8462532296875 0.18880208359375 0.842335390625 0.13239303671875 0.8387708179687501 0.08862241640625 0.83548664921875 0.03644085546875 0.8320904796875 0.00020187343750000002 0.8293855875 0.0006056203125 0.83476887734375 0.0676359953125 0.8391203703125001 0.143330103125 0.845176571875
0 0.11115771796875 0.81997265703125 0.17288773125 0.82433127578125 0.216290509375 0.8269032921875 0.25234173125 0.82902670078125 0.25101273125 0.82561728359375 0.21620639531250002 0.823284525 0.16493055546875 0.82005455078125 0.10687569921875 0.8173315929687501 0.061487268750000004 0.8140432101562499 0.001211240625 0.80964685625 0.0021701390625 0.8134002054687499 0.050266472656250005 0.81574791875 0.11115771796875 0.81997265703125
0 0.08843680078125 0.80226199375 0.1284605703125 0.8050584140625 0.17098675703125 0.8085701984375 0.22677951406250002 0.81211419765625 0.27710780234375 0.8146905296875 0.3215883671875 0.81655481015625 0.32097868203125 0.8135946023437499 0.28501157421875 0.8127572015625001 0.2349806203125 0.8092879703125 0.19420219609375 0.80677576796875 0.14395254609375 0.8018261320312501 0.10315730000000001 0.80031581953125 0.0720687984375 0.79888027578125 0.03815406953125 0.7956503015624999 0.0010093671875 0.79277921328125 0 0.7962962960937501 0.044487846875 0.79925411484375 0.08843680078125 0.80226199375
0 0.623553240625 0.8487654320312499 0.6745515046875 0.85905349765625 0.73457673125 0.86919666171875 0.7972968015624999 0.8804447054687501 0.84837147890625 0.88957355234375 0.9048562203125 0.9006585812499999 0.94220196796875 0.90663580234375 0.99790219921875 0.9169238679687499 0.9982638890625 0.91177983515625 0.97149884296875 0.90856481484375 0.93364876796875 0.90033255078125 0.8913769070312499 0.89315988515625 0.82320601875 0.88027263359375 0.7555751171875 0.867729525 0.701678240625 0.85905349765625 0.6438078703125 0.8461934156250001 0.59461805546875 0.8378343625 0.55338541640625 0.8288323046875 0.52897135390625 0.824652778125 0.528790509375 0.8294753085937501 0.57798032421875 0.8404063789062499 0.623553240625 0.8487654320312499
0 0.63006365703125 0.900848765625 0.68185152578125 0.9115805945312501 0.7429108796875 0.9233539093750001 0.794454225 0.9329355765624999 0.8387586804687499 0.9420010289062499 0.88018999375 0.94988915 0.92386745 0.95839547578125 0.97769854609375 0.9681829484375 0.9969239375000001 0.9726882921875 0.99645543984375 0.9645061726562499 0.9301593960937501 0.95140442421875 0.874565971875 0.9407150203124999 0.81031763515625 0.9288601984374999 0.74292106796875 0.915982003125 0.68829571796875 0.9053497945312501 0.636553696875 0.8957681273437499 0.5949797453125 0.8867026750000001 0.564959490625 0.8809156375 0.5363859953125 0.874485596875 0.52413438984375 0.8721309335937499 0.525896990625 0.8796296296874999 0.57436342578125 0.8892746914062499 0.63006365703125 0.900848765625
0 0.5973995015625 0.85925273828125 0.6334360328125 0.86561032890625 0.68065947734375 0.8755542515625001 0.71431191328125 0.8819118414062499 0.7608934859375001 0.89022561328125 0.80316534609375 0.898539384375 0.8595583921875001 0.90913536796875 0.8926606515625 0.9150039124999999 0.9291981265624999 0.92204200859375 0.9616191273437501 0.92794556328125 0.99862557890625 0.93492798359375 0.9989338648437499 0.93182948046875 0.9749021250000001 0.92810091953125 0.9435519367187499 0.922176578125 0.914025821875 0.9163080335937501 0.8637764085937499 0.90750521640625 0.8176533156250001 0.8991914453125001 0.7697879984375 0.88908450703125 0.73219263515625 0.88288993203125 0.6893705984375 0.8747391757812499 0.64278902578125 0.86544731328125 0.5940067484375 0.85582942109375 0.54559125625 0.84555946796875 0.52404269375 0.84083202890625 0.5228506453125 0.84360328671875 0.5598041375 0.85175404296875 0.5973995015625 0.85925273828125
0 0.628667840625 0.9179381843750001 0.6769916375 0.9275560773437499 0.72641578671875 0.93619587890625 0.78445936015625 0.94858502890625 0.8354423414062501 0.95885498203125 0.88262024609375 0.967716878125 0.92421700234375 0.9762614960937499 0.9655515937500001 0.9837186179687499 0.9957878914062499 0.9897775289062499 0.9954383390625001 0.98635968203125 0.9636290546874999 0.9810775539062501 0.9118862476562499 0.9709452703125001 0.84195275859375 0.9570618156249999 0.79115316875 0.947769953125 0.7299562710937499 0.93493703984375 0.68038438984375 0.9247848203125001 0.640257196875 0.91757592890625 0.59613103984375 0.90728786328125 0.55787852109375 0.9004955656250001 0.5207416375 0.89267083984375 0.522392165625 0.8962571726562499 0.5824530515624999 0.9073422015625001 0.628667840625 0.9179381843750001
0 0.6116123828125 0.9533124671875 0.649482834375 0.9604851328124999 0.70023148125 0.972222221875 0.74548855625 0.98135106953125 0.80215668984375 0.9925991132812501 0.8322482640625 0.9979423867187499 0.8456307867187499 0.998585390625 0.794821009375 0.9877086593750001 0.7473224765625 0.9789058421875 0.68964568671875 0.96700573828125 0.61830619140625 0.95184533125 0.58195891171875 0.9439300414062499 0.52440947734375 0.9317944703125001 0.5245011734375 0.93521778828125 0.56668133828125 0.9440206054687501 0.6116123828125 0.9533124671875
0 0.6169307515625 0.9738523734375001 0.6699310445312501 0.9851004171875 0.7089935445312501 0.9932511734375 0.73929398125 0.9992283953125 0.74508101875 0.998585390625 0.69986979140625 0.9882973249999999 0.6417803695312501 0.9762976007812499 0.611428990625 0.9697769953125001 0.57740977109375 0.9626043296875 0.53898914296875 0.95412754296875 0.52477626171875 0.9511932710937501 0.52495965390625 0.95412754296875 0.5738336265624999 0.9642344812499999 0.6169307515625 0.9738523734375001
0 0.61317121484375 0.86642540390625 0.6589275234375 0.8625130414062501 0.73567708359375 0.8572048609375 0.81921214765625 0.84767866484375 0.86954752578125 0.841290509375 0.9198739890625 0.8346193414062499 0.91796875 0.83043981484375 0.87605794296875 0.83695023125 0.82560221328125 0.8434606484374999 0.76932951875 0.850449921875 0.72550455703125 0.8535879632812501 0.70393880234375 0.8557581015625001 0.6549845953125 0.860556859375 0.616380575 0.86283907109375 0.56420554609375 0.86495826796875 0.5234008218749999 0.8657733437499999 0.5232174296875 0.86854460078125 0.57410871484375 0.8674034953125 0.61317121484375 0.86642540390625
0 0.5245011734375 0.909787428125 0.564755721875 0.9081572773437501 0.61307951875 0.9053860195312501 0.64783230625 0.9026147625000001 0.7089935445312501 0.89821335390625 0.74823943671875 0.89381194609375 0.8012397296874999 0.8881064164062501 0.8499303109375 0.8804447054687501 0.8763387617187499 0.87734741796875 0.9324567195312501 0.866751434375 0.93419894375 0.86349113203125 0.9109081570312499 0.867729525 0.87120378515625 0.8747391757812499 0.8435115906249999 0.87881455390625 0.7851929281250001 0.88696531015625 0.750806925 0.89136671875 0.70303330390625 0.8965832031250001 0.6414135859375001 0.90098461171875 0.5918060445312501 0.9040818984375001 0.55157696796875 0.9059927984374999 0.52358421328125 0.9065271257812499 0.5245011734375 0.909787428125
0 0.5245928695312501 0.9489110585937499 0.5602626171875 0.9471178921875 0.58483714765625 0.9461398015625001 0.62830105625 0.9440206054687501 0.6669050765625 0.9412493476562499 0.7092686328125 0.93668492421875 0.75410798125 0.931468440625 0.78730193671875 0.9275560773437499 0.8354423414062501 0.9192423054687501 0.8823906984375001 0.9109285343750001 0.91971097421875 0.90440792890625 0.91806044609375 0.90147365703125 0.88046508203125 0.90913536796875 0.83883509375 0.91663406328125 0.8005061617187501 0.92250260859375 0.7479643484375 0.929186228125 0.72008876171875 0.9327725609374999 0.6704812203125 0.9378260304687499 0.6224681710937501 0.94152103984375 0.5731917546874999 0.9443466351562501 0.55266203671875 0.9453790648437501 0.524684565625 0.9456507562500001 0.5245928695312501 0.9489110585937499
0 0.19097222187500001 0.8645564171875 0.2412386953125 0.8685041632812499 0.28524709296875 0.87065747890625 0.30422319140625 0.8713752515625 0.33833979296875 0.8735285671874999 0.3375323 0.86993970703125 0.3135093671875 0.86993970703125 0.27414405703125 0.86706861875 0.23235626640625 0.8645564171875 0.20369024531250002 0.86312087265625 0.17078488359375 0.8606086703125 0.13606266171875 0.8570198101562501 0.11567345 0.85666092421875 0.11325096875 0.8595320125000001 0.1435319765625 0.86132644296875 0.19097222187500001 0.8645564171875
3 0.11526496093750001 0.97828113359375 0.113654715625 0.9140826875 0.112468540625 0.8920581656250001 0.12592631406250002 0.8903492421875001 0.12496504453124999 0.8858438976562499 0.1118568234375 0.88242605 0.11325096875 0.85594315234375 0.1265746125 0.85522538046875 0.1271802328125 0.8484065460937501 0.112847221875 0.84697100234375 0.113654715625 0.84122882578125 0.10638727421875001 0.8433821421875001 0.10497416015625001 0.8487654320312499 0.0966973515625 0.8509187484374999 0.0966973515625 0.8595320125000001 0.10638727421875001 0.8548664945312501 0.1083767359375 0.87430555546875 0.10800226093750001 0.9413580250000001 0.10901162812500001 0.9991386734375001 0.11614583359375 0.9995370367187499 0.11526496093750001 0.97828113359375
0 0.13000646015625 0.85558426640625 0.15241440546875 0.85630203828125 0.18451227421875 0.8595320125000001 0.20712209296875 0.8616853289062499 0.2291262921875 0.8616853289062499 0.2640503875 0.864915303125 0.29009205390625004 0.8667097328125 0.3173449609375 0.8681452773437501 0.33672480625 0.8674275046875 0.336269575 0.8650261 0.3227244125 0.86518145625 0.2892845609375 0.86383864453125 0.26203165390625 0.86132644296875 0.2390180875 0.8598908984375001 0.20631459921875 0.8584553546875 0.17724483203125002 0.85594315234375 0.15463501328125 0.8548664945312501 0.12738210625 0.85199540625 0.13000646015625 0.85558426640625
0 0.18047480625 0.89649727265625 0.20651647265625 0.9000861328124999 0.23215439296875 0.9015216765625 0.2575904390625 0.9033161070312501 0.28363210625 0.90582830859375 0.32864987109375 0.9076227390625 0.35004845 0.9083405109375 0.35025032265625 0.9069049671875 0.33248546484374997 0.90475165078125 0.29998385 0.9033161070312501 0.265261628125 0.9018805625 0.22529069765625 0.89829170234375 0.18673288125 0.89434395625 0.1548368859375 0.8914728679687499 0.12706236015625 0.8880188914062501 0.126974971875 0.89081531171875 0.15443313984375 0.8947028421875001 0.18047480625 0.89649727265625
0 0.162911821875 0.9040338789062501 0.192587209375 0.9061871953124999 0.22084948359375 0.9090582828124999 0.25557170546874997 0.9097760554687501 0.293322028125 0.91228825703125 0.32864987109375 0.9137238015625 0.35004845 0.91695377578125 0.35025032265625 0.9119293710937499 0.3139131140625 0.9104938273437501 0.27797965078125003 0.9086993968750001 0.25072674453125 0.9065460812499999 0.20934270000000002 0.9036749929687501 0.17482235156249998 0.901162790625 0.15241440546875 0.901162790625 0.162911821875 0.9040338789062501
0 0.58919270859375 0.88614004609375 0.628662109375 0.89192708359375 0.68522135390625 0.90133101875 0.76944986953125 0.916521990625 0.870361328125 0.9338831015625001 0.93953450546875 0.94545717578125 0.994873046875 0.95413773125 0.99853515625 0.94907407421875 0.97127278671875 0.94690393515625 0.90576171875 0.936053240625 0.85489908828125 0.9266493054687499 0.77229817734375 0.91290509296875 0.69783528671875 0.899884259375 0.61197916640625 0.88541666640625 0.53751627578125 0.87094907421875 0.58919270859375 0.88614004609375
3 0.93058268203125 0.997540509375 0.9326171875 0.83333333359375 0.94075520859375 0.8311631945312501 0.9423828125 0.82537615703125 0.93221028671875 0.82754629609375 0.933837890625 0.81741898125 0.94523111953125 0.815972221875 0.94685872421875 0.81090856484375 0.93343098984375 0.81235532421875 0.93587239609375 0.80078125 0.93098958359375 0.79427083359375 0.93098958359375 0.81307870390625 0.92203776015625 0.80584490703125 0.921630859375 0.81380208359375 0.93017578125 0.8203125 0.93017578125 0.82971643515625 0.919189453125 0.82754629609375 0.919189453125 0.8340567132812501 0.92936197890625 0.835503471875 0.927734375 0.88179976875 0.92488606796875 0.9968171296874999 0.93058268203125 0.997540509375
0 0.60628255234375 0.69155092578125 0.66243489609375 0.682146990625 0.70475260390625 0.67418981484375 0.74951171875 0.6647858796875 0.78653971328125 0.6568287039062499 0.821533203125 0.6481481484375 0.86140950546875 0.6372974539062499 0.8984375 0.626446759375 0.89599609375 0.6228298609375 0.86507161484375 0.6322337960937501 0.82560221328125 0.6438078703125 0.78572591171875 0.65248842578125 0.75358072890625 0.6604456015625 0.72428385390625 0.6662326390625 0.67789713515625 0.67491319453125 0.633544921875 0.68359375 0.58837890625 0.68865740703125 0.54931640625 0.69372106484375 0.52042643203125 0.69444444453125 0.52001953125 0.6995081015625 0.55826822890625 0.69733796328125 0.60628255234375 0.69155092578125