1 0.351179534375 0.70669934609375 0.3828125 0.5666666664062501 0.3796875 0.63148148125 0.3890625 0.6296296296875 0.39322916640625 0.53703703671875 0.38697916640624996 0.5314814812499999 0.33547794140625 0.5841503265625 0.33177083359375004 0.55 0.37239583359375 0.38518518515625 0.3796875 0.39259259296875004 0.37447916640625 0.46666666640625004 0.38489583359375 0.46666666640625004 0.3859375 0.35925925937500003 0.38177083359375 0.34629629609375 0.3140625 0.40740740703125 0.3046875 0.3481481484375 0.33697916640625 0.222222221875 0.3453125 0.22407407421875 0.34427083359375 0.30555555546875 0.35364583359375 0.30555555546875 0.35677083359375 0.2296296296875 0.3484375 0.1703703703125 0.2953125 0.2018518515625 0.2921875 0.0981481484375 0.21520004140625 0.23217247109375 0.1609375 0.33703703671874996 0.18697916640625 0.340740740625 0.18072916640625 0.48518518515625003 0.1890625 0.61481481484375 0.20052083359375 0.6111111109375 0.19114583359374998 0.49444444453124997 0.2171875 0.47222222187499996 0.22760416640624997 0.527777778125 0.20364583359375002 0.7351851851562501 0.21510416640625 0.83703703671875 0.22186911484375 0.83254865 0.2133356875 0.73524796015625 0.2578125 0.6796296296875 0.2609375 0.7018518515625 0.2515625 0.86851851875 0.25963541640625 0.9995370367187499 0.35260416640625 0.99444444453125 0.46380208359374997 0.9995370367187499 0.351179534375 0.70669934609375
1 0.55989583359375 0 0.54878766484375 0.04394224765625 0.55202448203125 0.05074283359375 0.5783604046875 0.000523121875 0.582774246875 0.0023540492187500003 0.57262241015625 0.13470391328125 0.54635416640625 0.29259259296875 0.6015625 0.23333333359375003 0.63489583359375 0.34444444453125 0.65052083359375 0.209259259375 0.66789215703125 0.24850217890624998 0.66099877421875 0.10076252734374999 0.6625306375 0.06059368203125 0.66588541640625 0 0.6213541664062501 0 0.55989583359375 0
0 0 0.1296296296875 0.0685508578125 0.1654411765625 0.14284620078125002 0.20629084999999997 0.20795036796875 0.24169390000000002 0.20909926484375002 0.2376089328125 0.17233455859375 0.2185457515625 0.11067708359374999 0.18518518515625 0.05399816171875001 0.15454793046874998 0.000382965625 0.125953159375 0 0.1296296296875
0 0 0.24643266953124998 0.029871323437500003 0.2641612203125 0.13327205859375 0.3254357296875 0.1857383578125 0.357434640625 0.1868872546875 0.3533496734375 0.17003676484375002 0.3431372546875 0.14935661796875 0.33156318046875 0.098039215625 0.30092592578125 0.04518995078125 0.268927015625 0.0001531859375 0.24261982578125002 0 0.2440904109375 0 0.24643266953124998
0 0 0.3882304953125 0.027956495312500003 0.4057734203125 0.098805146875 0.45206971640625 0.18075980390625 0.5044934640625 0.17884497578125 0.49972766875 0.14973958359375 0.48066448828124997 0.12178308828125 0.46296296328125 0.09037990234375 0.4425381265625 0.045572916406250004 0.41326252734375 0.00026041640624999997 0.38447712421875 0 0.386977121875 0 0.3882304953125
0 0 0.48591088125 0.02783394609375 0.50337690625 0.1060814953125 0.55555555546875 0.17195159296875 0.5984477125 0.17961090703125 0.60049019609375 0.1443780640625 0.5766612203125 0.11335784296875 0.55623638359375 0.07889093124999999 0.53308823515625 0.04545036796875 0.51086601328125 0.00013786796875 0.48208061015625 0 0.48340414296875 0 0.48591088125
0 0.10137123359375 0.7478028875 0.16507768359375 0.7948838671875 0.22451984296875 0.8404031734374999 0.2514418546875 0.8644590921875001 0.25171040703125 0.862189665625 0.2174552734375 0.8307177234375 0.15183615781249998 0.7825905 0.08665842734375 0.7347248375000001 0.026630178906250003 0.6899979078125 0.00010195078125000001 0.6701962015625 0.000147128125 0.67325800390625 0.0397245765625 0.70255283515625 0.10137123359375 0.7478028875
0 0 0.7412638625 0.0380667890625 0.77113289765625 0.09636887968749999 0.815808746875 0.17228695859375 0.8738752875 0.213777071875 0.90552416796875 0.2548258 0.9374346093750001 0.25467867265625 0.9340343171875001 0.21867340703125 0.9068627453125 0.1525717984375 0.85608913984375 0.0873161765625 0.8061002179687501 0.026777307031249996 0.7600962546875001 0 0.7388888890625 0 0.7412638625
0 0.48442682421875 0.8602819234375 0.54855928671875 0.9146397640625 0.61035966015625 0.96669430625 0.64921875 0.9995370367187499 0.65338541640625 0.9995370367187499 0.59244791640625 0.9483932460937501 0.52381322578125 0.8902248015625001 0.45458026953125 0.83197167734375 0.37300476796875 0.76216141484375 0.37530637265625 0.76797385625 0.41835095390625004 0.80385111484375 0.48442682421875 0.8602819234375
0 0.49660551406250003 0.7241569929687499 0.56257659296875 0.777505446875 0.63419879765625 0.8344849828124999 0.70273631875 0.8888428226562499 0.75261712265625 0.92822922421875 0.808587271875 0.9724525523437499 0.8434895835937499 0.9995370367187499 0.84635416640625 0.9994553375 0.77943615234375 0.9468859406250001 0.69353752109375 0.8784779804687499 0.6158088234375 0.8169934640625 0.54208126015625 0.7584761375 0.45164801015625 0.6856919109375 0.385053896875 0.63202506015625 0.38411458359375 0.634531590625 0.4304000828125 0.6709508015625001 0.49660551406250003 0.7241569929687499
0 0.49172794140625 0.55215141640625 0.56540215625 0.60761009765625 0.6160603234375001 0.64584485 0.687318615625 0.6988207109375 0.750803275 0.7467293164062501 0.81389925390625 0.7932559421875001 0.8872305140625001 0.8476137828124999 0.92039801015625 0.8720287453125 0.9997395835937499 0.9305555554687499 0.99942993359375 0.9277685648437499 0.9499378109375 0.89137645078125 0.8837323796875 0.8425465265625001 0.8230980515624999 0.7974018796875 0.7426409617187499 0.737746453125 0.6604995851562501 0.6762483875 0.602586028125 0.633176709375 0.5403969734375 0.5861894234375 0.47833747890625 0.5394324671875 0.41822139296875005 0.49405749062500004 0.3845356546875 0.46803021953124996 0.3837582921875 0.47056384765625003 0.43312085390625 0.5081076101562501 0.49172794140625 0.55215141640625
0 0.38984763671875 0.3454947484375 0.444263059375 0.3846508203125 0.50684079609375 0.42910447734375 0.5806902984375 0.48231066875 0.63938121875 0.5242306984375 0.6874481757812501 0.55785885390625 0.74821206484375 0.6016215218750001 0.8001658375 0.63778330546875 0.8430503734375 0.66818684375 0.9338723054687501 0.73221853671875 0.99942993359375 0.7775935140625 0.9990412523437501 0.77459922578125 0.94022077109375 0.733600515625 0.8465485078125001 0.6679565140625 0.750803275 0.60000921328125 0.66645936953125 0.54035378671875 0.57395315078125 0.474709784375 0.49958540625000003 0.42127326328125003 0.4230151328125 0.36645476328125 0.36704498359375004 0.32545605312500003 0.34618573828125 0.3109452734375 0.32195791875 0.2982771328125 0.32169879765625 0.30196241015625 0.347870025 0.31509121093750003 0.38984763671875 0.3454947484375
0 0.9997395835937499 0.3513888890625 0.96159825859375 0.328450340625 0.9229892203125001 0.30495669765625 0.851342246875 0.26142435937499997 0.79200352421875 0.22480191640624997 0.74769382265625 0.19739266640625 0.6935508578125 0.1640795203125 0.66322035625 0.14487746484375 0.663868159375 0.14787175234375 0.7422522804687499 0.196471346875 0.81325145078125 0.24023401484375 0.8781403187500001 0.27982026171875 0.9479944031249999 0.322461765625 0.9997395835937499 0.353240740625 0.9997395835937499 0.3513888890625
0 0.9997395835937499 0.3453703703125 0.9612095773437501 0.322461765625 0.92259794765625 0.29942417578125 0.85095097421875 0.2558918375 0.7916122515625 0.21926939375 0.74730255 0.19186014375 0.69315958515625 0.1585469984375 0.66282908359375 0.1393449421875 0.6634768867187499 0.14233922968749999 0.7418610078125 0.19093882421875 0.812860178125 0.2347014921875 0.87774904609375 0.2742877390625 0.9483830843750001 0.31693384921875 0.99934831015625 0.34770821796875 0.9997395835937499 0.3453703703125
0 0.99942993359375 0.3353602359375 0.9622460617187499 0.3125575828125 0.92234141796875 0.2886032796875 0.85017620234375 0.24553160156249998 0.79148009921875 0.20959093437499998 0.74717039765625 0.18218168437499999 0.69302743359375 0.14886853828125 0.66269693203125 0.12966648203125 0.6633447343750001 0.1326607703125 0.74172885546875 0.18126036484375002 0.8120854062499999 0.22434125703125002 0.8777725953125 0.2639579875 0.9482535242187501 0.30656900703125 0.9997395835937499 0.3375 0.99942993359375 0.3353602359375
0 0.687276259375 0 0.68775912109375 0.00223189609375 0.76686878125 0.04790860546875 0.8377383914062501 0.08867698515625 0.9067941539062501 0.12806338671875 0.94449626875 0.14925373125000002 0.9997395835937499 0.18009259296875 0.99955949453125 0.17735397109375 0.9774046437499999 0.16537681953125 0.93128109453125 0.1393495484375 0.87466314296875 0.1073337015625 0.8175269484375001 0.0748571953125 0.773217246875 0.049290584375 0.718542703125 0.0175050671875 0.6884231062499999 0 0.687276259375 0
0 0.7108642984375 0 0.71036872890625 0.00117468203125 0.7813912210937499 0.042452091406249996 0.8508240046875001 0.08176709062500001 0.9209162523437501 0.121383821875 0.9583592453125 0.14211350625000002 0.9997395835937499 0.165277778125 0.9996890546874999 0.16284319140625 0.99061981796875 0.15846692499999998 0.94462582890625 0.13243965390625 0.8881374375 0.10065413671875001 0.8313899250000001 0.06840796015625 0.7877396867187499 0.0438340703125 0.73306514296875 0.012048553906249999 0.71229742734375 0 0.7108642984375 0
0 0.9997395835937499 0.17268518515625 0.98862976796875 0.16656071484374999 0.94250621875 0.14053344375000001 0.8858882671874999 0.108517596875 0.82875207265625 0.076041090625 0.78444237109375 0.0504744796875 0.72976782734375 0.0186889625 0.69833644296875 0.00042150390625 0.69548092890625 0.00115164921875 0.77809390546875 0.04909250078125 0.8489635156249999 0.08986088046875 0.91801927890625 0.12924728203125 0.9557213929687499 0.15043762656249998 0.9997395835937499 0.175 0.9997395835937499 0.17268518515625
0 0.9764889359375 0.022232684375 0.9997395835937499 0.034722221875 0.99973516953125 0.031910441406250004 0.9801671375 0.021709562499999998 0.9560381359375001 0.009416196093749999 0.9377942562499999 0 0.9363229757812499 0.0007846828125 0.9564795195312501 0.01203180546875 0.9764889359375 0.022232684375
0 0.979431496875 0.01673990390625 0.9995880414062499 0.0269407828125 0.99914665703125 0.024325172656249998 0.980020009375 0.014647415624999998 0.95191855 0.000523121875 0.9479460921875 0.0007846828125 0.9629531546875001 0.0078468296875 0.979431496875 0.01673990390625
0 0.99929378515625 0.0198786359375 0.99914665703125 0.01830926953125 0.98531661953125 0.010462439843750001 0.9650129476562499 0.000523121875 0.9622175140625 0.00104624375 0.9772245765625 0.00889307421875 0.99929378515625 0.0198786359375
0 0.469191384375 0.028771709375 0.5015595578125 0.04368068671875 0.5298081453125 0.057020296875 0.5583509890625 0.0698367859375 0.5577624765625 0.06748273671875 0.5224517421875 0.05126595546875 0.49111346484374996 0.03688010078125 0.45624411484375005 0.02066331875 0.43108521640625 0.0083699515625 0.41342984921875 0.0002615609375 0.41048728828125 0.000523121875 0.43535193046875 0.012554928125 0.469191384375 0.028771709375
0 0.39122454765625003 0 0.41571621953125 0.01185132890625 0.44955567343749997 0.02806811015625 0.481923846875 0.0429770875 0.510172434375 0.0563166984375 0.57291666640625 0.08579200703124999 0.5718867703125 0.0829148359375 0.5003825328125 0.049696589062500005 0.47147775390625 0.036176501562500005 0.43660840390625 0.01995971953125 0.41144950546875 0.007666353125 0.394756640625 0 0.39122454765625003 0
0 0.38177083359375 0 0.4155014125 0.01670066953125 0.44934086640625 0.0329174515625 0.48170903984375 0.047826428125 0.50995762734375 0.0611660390625 0.5727018593750001 0.09064134765625001 0.5716719632812499 0.08776417656249999 0.50016772578125 0.054545930468750004 0.47126294765625004 0.0410258421875 0.436393596875 0.02480906015625 0.4112346984375 0.012515693750000001 0.38541666640625 0 0.38177083359375 0