1 0.27916666640625 0.48217592578125 0.33190104140625 0.46828703671875005 0.33580729140625 0.5215277781250001 0.341015625 0.5215277781250001 0.33694261718749996 0.46377517890625003 0.27916666640625 0.42199074062499997 0.27526041640625 0.33518518515625 0.33841145859375 0.31898148125 0.33841145859375 0.372222221875 0.34752604140625 0.3768518515625 0.346875 0.31203703671875 0.27395833359375 0.26689814843750004 0.270696271875 0.179499675 0.317578125 0.16504629609375 0.32083333359375 0.22754629609375 0.32734375 0.22754629609375 0.3236782625 0.16138190078125 0.26803262578125 0.11530398359375 0.290234375 0.0701388890625 0.20755208359375002 0.07939814843750001 0.22578125 0.12222222187500001 0.17511145390625 0.1792790734375 0.17714763359375002 0.25472488984375 0.18250600156250002 0.25453436953124997 0.18025548671875 0.18270842890625 0.23094564453125002 0.183851546875 0.23201731796875 0.270538028125 0.1633230453125 0.338172534375 0.1654663921875 0.4124752328125 0.1705032578125 0.4119036734375 0.16921725 0.34064929140625 0.23469650234375 0.33950617265625 0.23812585703125003 0.42047706171875 0.21658521953125 0.44638774609375 0.178540809375 0.49211248281250003 0.18175582968749998 0.555746075 0.18802083359375 0.55625 0.185721021875 0.49020728515625 0.2375900203125 0.48887364765625 0.227734375 0.6581018515625 0.21058384765625 0.84476451796875 0.22301526093750002 0.8297134585937499 0.22451560390625 0.9204008539062499 0.27591145859375 0.79583333359375 0.33190104140625 0.90115740703125 0.27916666640625 0.48217592578125
1 0.9997395835937499 0.8898148148437499 0.99140625 0.78078703671875 0.99921875 0.71828703671875 0.99791666640625 0.55509259296875 0.99921875 0.37569444453125 0.88528645859375 0.39421296328125 0.85729166640625 0.3201388890625 0.846875 0.32476851875 0.8554915937500001 0.38580246875 0.74698464921875 0.46336907109375 0.81171875 0.57592592578125 0.86184895859375 0.48333333359374997 0.88138020859375 0.7414351851562501 0.85208333359375 0.91504629609375 0.85794270859375 0.9231481484374999 0.88984375 0.8548611109375001 0.89557291640625 0.9995370367187499 0.91875 0.9995370367187499 0.95554641796875 0.8771929828125 0.99791666640625 0.9682870367187499 0.9997395835937499 0.8898148148437499
0 0.403806584375 0.44276787109375004 0.4360639578125 0.52659655546875 0.46778549375 0.60680536484375 0.49639917734375 0.67672610859375 0.5255486968749999 0.75026672734375 0.56455761328125 0.84457399765625 0.6087105625 0.95278920859375 0.62786458359375 0.9995370367187499 0.62994791640625 0.9995370367187499 0.5968149859375 0.919067215625 0.5438743140625 0.788370675 0.50175754453125 0.68396585859375 0.4547110765625 0.56603414140625 0.41559499296875 0.46753543671875003 0.37176354609375 0.35455723203125 0.33899853828125004 0.266812865625 0.32506396171874996 0.22823261874999998 0.32529239765625 0.23716699140625003 0.360189471875 0.33074226484375 0.403806584375 0.44276787109375004
0 0.4290980796875 0.6302392929687499 0.46939300390625 0.74321749765625 0.516439471875 0.87467611640625 0.56171875 0.9995370367187499 0.56380208359375 0.9995370367187499 0.53540809296875 0.9204008539062499 0.5000428671875 0.8213305898437501 0.4686428328125 0.7340725499999999 0.43563528828125 0.64052735859375 0.40209190703125 0.5445054109374999 0.3763717421875 0.47248894999999996 0.34454303828125 0.37608596250000004 0.34164951953125 0.37570492265625 0.3856953015625 0.50373418671875 0.4290980796875 0.6302392929687499
0 0.47864583359374996 0.9995370367187499 0.4645704734375 0.95126505078125 0.445494684375 0.888965096875 0.42223936875 0.8121856421875 0.3948045265625 0.719021490625 0.36694101484375 0.6241426609375 0.3380847953125 0.5255035734375 0.33602887421875 0.52631578984375 0.35654578203125 0.59804145703125 0.385588134375 0.69654016171875 0.40423525390625 0.7586495960937499 0.43274176953125 0.85600518203125 0.45449674218749997 0.9236396890625 0.47682291640625 0.9995370367187499 0.47864583359374996 0.9995370367187499
0 0.32780518984375 0.8966861601562499 0.32574926875 0.8950617281250001 0.35 0.9995370367187499 0.35247624296875 0.99943144921875 0.32780518984375 0.8966861601562499
0 0.2752057609375 0.999276025 0.25012860078125 0.8588629781250001 0.24809242109375 0.8619112937500001 0.27291666640625 0.9995370367187499 0.2752057609375 0.999276025
0 0.26009516484375 0.999276025 0.2406978734375 0.884202103125 0.23898319609375 0.887821978125 0.25833333359375 0.9995370367187499 0.26009516484375 0.999276025
0 0.794956140625 0.5490578296875 0.7595486109375 0.5210363874999999 0.6965003656250001 0.46905458125 0.63511029375 0.41830065390625004 0.5769026359375 0.36729969765625003 0.53013392890625 0.32407407421875 0.48243516171875 0.277541571875 0.42100694453125 0.20955165703124998 0.41643823125 0.2192982453125 0.45426764453125 0.26006235859375 0.49399447265624996 0.3013983375 0.5521290203125 0.36143599765625 0.59050621328125 0.39514295 0.6231725148437499 0.42600714765625 0.6821089179687501 0.47555230703125 0.73853252890625 0.5230669265625 0.8125456874999999 0.58154645859375 0.794956140625 0.5490578296875
0 0.7861519609375 0.43382352968750004 0.71783088203125 0.383714596875 0.64350328984375 0.32569850546875 0.5949723640625 0.286517384375 0.53983312109375 0.23904006015624998 0.49426020390625 0.19581443671875 0.4609831875 0.16325536093749998 0.40536556640625 0.1000174703125 0.359786184375 0.043859649218750005 0.33260233906250003 0.0004061078125 0.32239583359375 0 0.38951945781249997 0.09106394140625 0.432428728125 0.1429499671875 0.4822277046875 0.19574398984375002 0.54139254375 0.25178687421875 0.61158056953125 0.31344482265625 0.66771747109375 0.3602176734375 0.7330500734375 0.41098115625 0.77485380078125 0.44184535390625 0.7861519609375 0.43382352968750004
0 0.19505208359374998 0 0.21244517578125 0.0381741390625 0.23254751484375 0.0759421703125 0.2341465640625 0.07391163125 0.21998355234375003 0.04629629609375 0.19791666640625 0 0.19505208359374998 0
0 0.8755939328125001 0.6749512671875 0.84658260234375 0.62662443125 0.8139163007812501 0.5734243015625 0.8125456874999999 0.58114035078125 0.85480628671875 0.65180311875 0.8755939328125001 0.6863222875 0.8755939328125001 0.6749512671875
0 0.38567708359375 0 0.42306286562500006 0.04589018828125 0.46580188671875 0.09368448671875 0.49593384531250007 0.1254873296875 0.54481907890625 0.17218973359375 0.5873081140624999 0.20995776484375 0.626171875 0.24143518515625 0.67251461953125 0.27858999375 0.71980080390625 0.31310916171875 0.7259685671875 0.29970760234375 0.6875913742187499 0.27493502265625 0.6565241226562499 0.25056855078125 0.6231725148437499 0.22579597109375 0.57725694453125 0.18680961640625 0.54139254375 0.15878817421875 0.50164473671875 0.11980181953124999 0.46678459140625 0.08473095703125 0.4365405703125 0.0491390515625 0.421463815625 0.031676413281249996 0.39635416640625 0 0.38567708359375 0
0 0.847267909375 0.38255360625 0.809765625 0.35949074062499997 0.782421875 0.3421296296875 0.7259497546875 0.30119825703125 0.72058823515625 0.31263616562499996 0.76112689375 0.34231200859375 0.80018939375 0.36686307500000004 0.84132858203125 0.3947368421875 0.847267909375 0.38255360625
0 0.17511145390625 0.23986435 0.13674554218749999 0.1207895140625 0.1115612140625 0.033150434374999996 0.11038237343749999 0.03600823046875 0.12104283046875 0.07500517265625 0.14456875859375 0.154892546875 0.17403978046875 0.24138850781249999 0.17511145390625 0.23986435
0 0.1978252921875 0.1506660171875 0.179322003125 0.090562053125 0.15625 0.0154320984375 0.15533625703125 0.019899285156249998 0.172240496875 0.0767543859375 0.19599780703125 0.1539148796875 0.1978252921875 0.1506660171875
0 0.16503772265625 0.39247066015625 0.135888203125 0.2760631 0.11852709218749999 0.19661636953125 0.09902263359374999 0.09754610546875 0.09747439453125 0.09828263984374999 0.11509773671875001 0.18880506015625 0.13663837421875 0.2890184421875 0.16407321640625 0.3938042984375 0.16503772265625 0.39247066015625
0 0.87513706171875 0.6599252757812499 0.84795321640625 0.61565951953125 0.8182565789062499 0.56814489921875 0.8184850148437499 0.5742365171875 0.84955226640625 0.6245938921875 0.8755939328125001 0.6652046781250001 0.87513706171875 0.6599252757812499
0 0.29993603828125004 0.06294671874999999 0.30815972187499996 0.076348278125 0.3125 0.07147498359375 0.30907346484375 0.0649772578125 0.29239766093749997 0.040204678125 0.2764071640625 0.014213775000000001 0.27001096484375 0.0020305390625 0.2643000734375 0.00162443125 0.2786915203125 0.02964587421875 0.29993603828125004 0.06294671874999999
0 0.3364857453125 0.3667154 0.33739948828125 0.36306042890625 0.32917580390625 0.34722222187499996 0.31866776328125 0.32610461328125 0.31638340625 0.3293534765625 0.32711988281250004 0.34884665390624997 0.3364857453125 0.3667154
0 0.319124634375 0.22335932421875002 0.31889619921875 0.2176738140625 0.30404788046875 0.19574398984375002 0.29171235390625 0.1758447046875 0.28828581875000003 0.1758447046875 0.29947916640625 0.1933073421875 0.319124634375 0.22335932421875002
0 0.41849415234375 0.20670890156250002 0.40547331875000003 0.19371345 0.39016812890625 0.1758447046875 0.36983735390625 0.151072125 0.34824587265625 0.12425751249999999 0.3138706140625 0.07309941484375 0.30884502890625 0.0767543859375 0.34676535078125 0.13239116328125 0.36709612578125 0.16081871328125 0.38445723671875 0.18193632265624998 0.401133040625 0.2018356078125 0.41415387421874994 0.21523716718750002 0.41849415234375 0.20670890156250002
0 0.20010964921875002 0.65830084453125 0.20810489765625 0.704597140625 0.21655701718749998 0.7521117609375 0.21769919609375 0.74561403515625 0.20627741249999998 0.6859161796875 0.19896747109375 0.640025990625 0.19188596484375 0.59494801796875 0.18686038046875 0.559616634375 0.18526133046874999 0.562865496875 0.19165752890625 0.6067251460937501 0.20010964921875002 0.65830084453125
0 0.22112573124999998 0.7025666015625001 0.20970394765624997 0.638401559375 0.1994243421875 0.5766731640625 0.1939418859375 0.5303768679687499 0.18983004375 0.5206302796875 0.1950840640625 0.55799220234375 0.20125182734374997 0.6002274203125 0.20764802656249998 0.6440870695312501 0.2142726609375 0.674545159375 0.21952668125 0.7086582195312501 0.22112573124999998 0.7025666015625001
0 0.39746275625 0.33752327734375 0.45711126640625005 0.46942892578124995 0.50699988984375 0.57581729765625 0.56855214140625 0.7040140703125 0.62994646171875 0.8374715500000001 0.70755208359375 0.9995370367187499 0.70952630390625 0.9986033523437501 0.6494413406249999 0.8731636664062499 0.5768447390625 0.7179805499999999 0.4898452046875 0.53357128046875 0.41273859375 0.3657148765625 0.35292002890625 0.2273090671875 0.328357775 0.17096006640625 0.32632099609375 0.17354645156249998 0.35643621953125 0.24234429921874998 0.39746275625 0.33752327734375
3 0.70618091015625 0.21352985625 0.70657950703125 0.2073885109375 0.7028592687499999 0.20195578203125 0.702062075 0.20762471640625 0.69834183671875 0.2062074828125 0.69820897109375 0.20242819375 0.6948873296875 0.20549886640624998 0.6946215984374999 0.20998677265625001 0.6871811226562501 0.20998677265625001 0.6874468539062499 0.21541950078125 0.6940901359375 0.21660052890624998 0.6944887328125 0.22746598671874999 0.6942230015625 0.268565759375 0.6932929421875 0.3231292515625 0.6936915390625 0.36233938046874997 0.6964172976562499 0.36265432109375 0.69794323984375 0.21234882812500003 0.70618091015625 0.21352985625
0 0.684656675 0.21234882812500003 0.66964285703125 0.21447467890625 0.6560905609375001 0.21660052890624998 0.63974808671875 0.21825396796875 0.623007015625 0.21778155703125002 0.60786033125 0.21565570703125 0.585273171875 0.21116780078125 0.5747767859375 0.2073885109375 0.56109162421875 0.2017195765625 0.547805059375 0.19416099765625 0.53411989765625 0.18565759609375002 0.526147959375 0.17951625078125 0.5164487671875 0.17006802734374998 0.51206420078125 0.16676114921875002 0.51100127578125 0.16723356015625 0.5196375421874999 0.17620937265625 0.53318983828125 0.18754724140625 0.55245535703125 0.19982993203125 0.56932929453125 0.20762471640625 0.5862032312500001 0.2140022671875 0.603210034375 0.21778155703125002 0.6163637328125 0.21896258515625 0.6354963859375 0.22037981874999998 0.6538318453125 0.2187263796875 0.6740274234375 0.21660052890624998 0.6857196 0.21541950078125 0.684656675 0.21234882812500003
0 0.53465136015625 0.17455593359375 0.54435055234375 0.183295540625 0.55936437109375 0.193216175 0.57145514453125 0.2007747546875 0.584874575 0.20597127734375 0.60095131796875 0.21164021171875 0.6145036140625 0.21565570703125 0.626992984375 0.216836734375 0.643601190625 0.21778155703125002 0.66087372421875 0.217072940625 0.67083864765625 0.21423847343750002 0.68359375 0.21282123984374998 0.6838594812500001 0.21093159453125 0.6742931546875 0.21211262265625003 0.663663903125 0.21376606171875 0.6533003828124999 0.21447467890625 0.6424054 0.21494708984375 0.6327062078125001 0.21541950078125 0.61981823984375 0.21329365078125 0.6093218539062499 0.2118764171875 0.5949723640625 0.207860921875 0.5823501273437499 0.2029006046875 0.56986075703125 0.19652305390625 0.5594972367187501 0.189909296875 0.55272108828125 0.18589380234375 0.5402317179687499 0.17668178359375 0.53026679453125 0.167469765625 0.52442070546875 0.16203703671875 0.5167144984375 0.1544784578125 0.5175116921875 0.15873015859375 0.525616496875 0.16605253203125 0.53465136015625 0.17455593359375
3 0.51126700703125 0.15825774765625 0.5168473640625 0.15873015859375 0.5161830359375 0.154006046875 0.51100127578125 0.155187075 0.51206420078125 0.14928193515625 0.51020408125 0.14810090703125 0.509008290625 0.157312925 0.50435799296875 0.156368103125 0.50409226171875 0.15967498125 0.5094068875 0.160856009375 0.50993835 0.23407974296875 0.51272852890625 0.23407974296875 0.51126700703125 0.15825774765625
0 0.41691234296874996 0.0425838578125 0.41912342734374997 0.04826170546875 0.42244005468749996 0.056341718750000006 0.4285819578125 0.06573200546875 0.4352152125 0.07665094375 0.441479953125 0.08756988125000001 0.4481132078125 0.09652341015625 0.45769457578125 0.10940775703125001 0.46629323906250003 0.1194531796875 0.47464622656250005 0.1281883296875 0.48521029843749997 0.13626834375000002 0.4976169421875 0.14478511562500002 0.50793533828125 0.15111809921875 0.50904088046875 0.1476240390625 0.504250196875 0.14500349375 0.48693003125 0.13408455625 0.47440055000000003 0.124475890625 0.46469634453125 0.1150856046875 0.45290389140625004 0.09892557656249999 0.44442806640625 0.08756988125000001 0.43840900156249996 0.07883473125 0.43226709921874995 0.06835255078125 0.42403694999999997 0.05481306796875 0.41961477968749994 0.0436757515625 0.41691234296874996 0.0425838578125
0 0.7250306375 0.08714596953125 0.79580269609375 0.13562091484375 0.8665747546875 0.1838235296875 0.94301470625 0.23338779921875 0.9997395835937499 0.2703703703125 0.9997395835937499 0.26759259296875004 0.9517463234375001 0.23583877968750003 0.8832720585937499 0.19090413906249998 0.809742646875 0.14106753828125002 0.74096201015625 0.0942265796875 0.6954656859375 0.062091503125 0.61488970625 0.0038126359375000004 0.61534926484375 0.007897603125 0.67846201015625 0.05392156875 0.7250306375 0.08714596953125
0 0.8509497546875 0.31590413906250003 0.82291666640625 0.30147058828125 0.78599877421875 0.27913943359375 0.75076593125 0.25190631796875 0.7072610296875 0.21377995625000001 0.7046568625 0.22058823515624998 0.7380514703125 0.25680827890625 0.76041666640625 0.27723311562499997 0.79947916640625 0.30610021796875003 0.84466911796875 0.33251633984375 0.8509497546875 0.31590413906250003
0 0.90771484375 0.37523148125 0.8955078125 0.36944444453125 0.87923177109375 0.34484953671874996 0.86783854140625 0.334722221875 0.86783854140625 0.34484953671874996 0.87841796875 0.3593171296875 0.89957682265625 0.38825231484375 0.90771484375 0.37523148125