1 0.67526041640625 0 0.66710329375 0.1704923484375 0.63177083359375 0.509259259375 0.60989583359375 0.76296296328125 0.5744791664062501 0.9962962960937499 0.6057291664062501 0.9962962960937499 0.77552083359375 0.9981481484374999 0.75677083359375 0.5203703703125 0.74427083359375 0.26851851875 0.7359375 0.25 0.72552083359375 0.15925925937500002 0.7151041664062501 0 0.67526041640625 0
3 0.024343296875 0.42773752031249995 0.010756340625 0.30897745546875 0.00226449296875 0.24959742343750002 0.00169836953125 0.23248792265625 0.00509510859375 0.22141706953125 0.0005661234375 0.19524959765625 0 0.29351851875 0.0073596015625 0.35728663437499997 0.02038043515625 0.473027375 0.0328351453125 0.587761675 0.03708964609375 0.59062850703125 0.044723732031250005 0.58373591015625 0.024343296875 0.42773752031249995
3 0.05208333359375 0.00089895703125 0.046015371875 0.00044947890624999997 0.05132483828124999 0.08585041328125001 0.05435881875 0.08585041328125001 0.055875809374999995 0.08450197734375 0.05208333359375 0.00089895703125
0 0 0.82129629609375 0.1249296171875 0.8201951953125001 0.24317286015625 0.8189439437500001 0.3793637390625 0.8164414414062501 0.5081644140625 0.81331331328125 0.5996621625 0.8108108109375 0.59931024765625 0.80705705703125 0.4972550671875 0.809559559375 0.3909769140625 0.81143643671875 0.28505067578125 0.8126876875000001 0.180884009375 0.81456456484375 0.09888795078125 0.8151901898437499 0.032728040624999996 0.8164414414062501 0 0.8158158156249999 0 0.82129629609375
0 0 0.8410144039062499 0.124746621875 0.83991491484375 0.24298986484375 0.8386636632812501 0.37918074296875004 0.8361611609375 0.50798141875 0.8330330328125 0.59947916640625 0.83053053046875 0.59912725234375 0.8267767765625 0.497072071875 0.82927927890625 0.39079391874999997 0.8311561562499999 0.28486768046875 0.83240740703125 0.18070101328125 0.834284284375 0.0987049546875 0.8349099101562499 0.0325450453125 0.8361611609375 0 0.83553903359375 0 0.8410144039062499
0 0 0.85072336875 0.12466216249999999 0.849624625 0.24290540546875 0.8483733734375001 0.37909628359375 0.84587087109375 0.507896959375 0.84274274296875 0.59939470703125 0.8402402406249999 0.59904279296875 0.8364864867187499 0.4969876125 0.8389889890625 0.390709459375 0.8408658656249999 0.28478322109375 0.8421171171875 0.18061655390625 0.8439939937500001 0.0986204953125 0.8446196195312501 0.0324605859375 0.84587087109375 0 0.8452503578125 0 0.85072336875
0 0 0.51418943359375 0.1254802890625 0.512308715625 0.24298923281249998 0.51183983359375 0.37918011093750004 0.50933733125 0.50529919921875 0.50713512890625 0.62994011953125 0.5048236859374999 0.631187625 0.500942559375 0.49861282500000004 0.50400700078125 0.3887537421875 0.50648702578125 0.28687624765624997 0.50704147265625 0.17912300390625 0.5087048125 0.09678767499999999 0.50981370625 0.0316554390625 0.51009092890625 0 0.510113071875 0 0.51418943359375
0 0 0.5219651843750001 0.00046781406249999996 0.52422931875 0.12287924140624999 0.52256597890625 0.24419910156250002 0.521734309375 0.380489021875 0.5195165226562499 0.5050835828125 0.5167442890625 0.62946918671875 0.5141550234375 0.63071669140625 0.510273896875 0.4988460578125 0.5142492789062499 0.38672654687499997 0.516467065625 0.28739396171875 0.5170215125000001 0.17792539921875 0.5195165226562499 0.09631674140624999 0.5191450429687501 0.0277569859375 0.5197937460937501 0 0.519450878125 0 0.5219651843750001
0 0 0.49773432734374995 0.12516841328125 0.49585828359375006 0.24267735625000003 0.4953894015625 0.37886823515625 0.49288689921874995 0.50498732265625 0.490684696875 0.62962824375 0.48837325312499996 0.6308757484374999 0.48449212656249996 0.49830094843749995 0.48755656875 0.38844186640625 0.49003659375 0.28656437109375 0.49059103984375 0.178811128125 0.49225438046875 0.09647579843750001 0.4933632734375 0.0313435625 0.493640496875 0 0.493662421875 0 0.49773432734374995
0 0 0.26018518515625 0.1090007484375 0.260035484375 0.24451097812499997 0.25892659140625 0.3730039921875 0.2572632515625 0.52125336015625 0.25537634374999996 0.6563435625 0.2519960078125 0.65649950078125 0.24811488124999997 0.5653561828125 0.25014934296875 0.42493138750000004 0.252827678125 0.33602150546875 0.25388291484375 0.2318548390625 0.25537634374999996 0.1344186625 0.2567088046875 0 0.25648148125 0 0.26018518515625
0 0.17012849296875 0.24756043437500003 0.30049276484375 0.24589709453125003 0.41448353281249994 0.24589709453125003 0.5166330648437499 0.24417562734375 0.61533938203125 0.2426821984375 0.657123253125 0.24090707500000003 0.6556619625 0.237455196875 0.5766591812499999 0.23868928828125 0.46672280468749994 0.2406298515625 0.37752619765625 0.24229319140625 0.28234649140625 0.242750975 0.18338323359375 0.24395653125 0.1027632234375 0.245065425 0.030563871875 0.24451097812499997 0 0.24444444453125 0.00126008046875 0.24790919921875001 0.07485029921875 0.24811488124999997 0.17012849296875 0.24756043437500003
0 0.15469061875 0.2353626078125 0.24778567890624997 0.23453093828125 0.3402569859375 0.23342204453124998 0.45019336328125004 0.23231315156250001 0.5380544351562501 0.23073476718750002 0.6539818546875 0.2284946234375 0.653561828125 0.22401433671875 0.57369635703125 0.22593701484375 0.47379032265625 0.22774790937499997 0.36302395234375 0.22981814140624998 0.2722679640625 0.23092703515625002 0.17389112890625 0.23148148124999998 0.09356287421875001 0.2328675984375 0.00015593828125 0.23397649140625001 0 0.23611111093749998 0.06034805390625 0.23591705468750002 0.15469061875 0.2353626078125
0 0 0.2971834109375 0.038984531249999996 0.29746063437500003 0.08391203671875 0.298353909375 0.10658914765625001 0.29823428046875 0.14069733828125 0.29899691328125 0.168362403125 0.29877261015625 0.2062136625 0.29877261015625 0.25557170546874997 0.2993109390625 0.296451065625 0.2993109390625 0.34368943828125 0.29984926796875 0.38789970937499996 0.29984926796875 0.44997577499999997 0.2993109390625 0.48540455390625 0.2993109390625 0.52416424453125 0.29984926796875 0.573825096875 0.29984926796875 0.616824128125 0.29984926796875 0.65346414765625 0.29984926796875 0.65376695703125 0.29500430624999996 0.6206337328125 0.29524284765625 0.58139534921875 0.2955426359375 0.53506540703125 0.2955426359375 0.49206637578125 0.2955426359375 0.42817344999999996 0.2955426359375 0.378929640625 0.29607451796875 0.32154441093749997 0.29579729453125003 0.2722679640625 0.29524284765625 0.23297155703125 0.29524284765625 0.18834786796875 0.29446597734375 0.13414486406249998 0.29446597734375 0.0838947109375 0.29496562421875 0.03929640703125 0.29413395468750003 0 0.29398148125 0 0.2971834109375
0 0.75543676875 0.49301494453125 0.7794225148437499 0.4954515921875 0.8264487546874999 0.50180928046875 0.88404605234375 0.5076348281249999 0.9491502195312499 0.5153508773437501 0.997964559375 0.52096636875 0.99886254765625 0.5177735203125 0.96892959765625 0.51351638984375 0.9297174328125 0.5097914007812501 0.87222450625 0.50286306015625 0.8111829500000001 0.4964878671875 0.7564056515625001 0.48903788828124994 0.75543676875 0.49301494453125
0 0.7568073828124999 0.5096653671875 0.7836446359375 0.51138782421875 0.83542863984375 0.518837803125 0.88438870625 0.52326998046875 0.9484649125000001 0.53159519140625 0.999634503125 0.5372807015625 0.9994060671874999 0.53362573125 0.98180076640625 0.5316091953125001 0.9322459796875 0.52631578984375 0.87613745234375 0.5199020859375 0.8141762453125001 0.5129842484375 0.75700431015625 0.5055342695312499 0.7568073828124999 0.5096653671875
0 0.75863486875 0.5206302796875 0.804298371875 0.525755640625 0.8665589078125 0.532673478125 0.9410919539062499 0.54118773984375 0.9997395835937499 0.547222221875 0.99916187734375 0.5433163046875 0.980902778125 0.54118773984375 0.93061542109375 0.5363984671875001 0.8755387929687499 0.53001277109375 0.81567289296875 0.523094934375 0.7588002875 0.516177096875 0.75863486875 0.5206302796875
0 0.8568622078124999 0.24853801171874998 0.9199104531250001 0.25544184531249997 0.980902778125 0.26193957109375 0.99917763125 0.265188434375 0.99917763125 0.26153346328125 0.95234831875 0.255847953125 0.8845029242187501 0.24813190390625 0.8184850148437499 0.2404158546875 0.7364766078125 0.2310753734375 0.73579130078125 0.23432423671875 0.791758040625 0.241634178125 0.8568622078124999 0.24853801171874998
0 0.8678271195312499 0.26275178671875 0.9185398390625 0.26762508125 0.9692525585937499 0.27331059140625 0.9997395835937499 0.27731481484375 0.99894919609375 0.27290448359375 0.957830775 0.268437296875 0.88404605234375 0.26072124765625004 0.82259685703125 0.25381741406249997 0.7611476609375 0.24650747265625 0.73624817265625 0.2428525015625 0.73876096484375 0.24731968828125 0.7798793859375001 0.252599090625 0.8678271195312499 0.26275178671875
0 0.99597953203125 0.28549382734375 0.9514345757812499 0.2798083171875 0.8986659359375 0.27371669921874997 0.8477247804687501 0.2680311890625 0.7963267546874999 0.26234567890625 0.74013157890625 0.255847953125 0.74058845 0.25950292421875 0.78170687109375 0.26397011015625 0.84224232421875 0.27128005234375 0.9288194445312501 0.281026640625 0.99894919609375 0.28874268984375 0.99597953203125 0.28549382734375
0 0.9072189921874999 0.307924203125 0.9669682015625 0.30986029921874997 0.99917763125 0.31107862265624997 0.99894919609375 0.307829759375 0.945675871875 0.3052325578125 0.85320723671875 0.30092592578125 0.7906371125 0.2976959515625 0.74675621328125 0.29605263125 0.7474415203125 0.29889538671875 0.8209181203125 0.30307924218750004 0.9072189921874999 0.307924203125
0 0.77062774140625 0.81414473671875 0.85853494609375 0.82287933125 0.9453810304687501 0.832419590625 0.9997395835937499 0.8384259257812501 0.9995202851562499 0.83516081875 0.9428111296875 0.8284600390625 0.8638294953125 0.8202363546875 0.7692571273437501 0.80988060390625 0.77062774140625 0.81414473671875
0 0.84052905703125 0.84094785546875 0.9265350874999999 0.8503898632812501 0.9997395835937499 0.8578703703125001 0.99934895859375 0.8546539960937499 0.93077956953125 0.84677419375 0.84761424765625 0.8378136203125001 0.7697711078125 0.8296783624999999 0.7689144734375 0.83333333359375 0.84052905703125 0.84094785546875
0 0.838301809375 0.8503898632812501 0.91694078984375 0.8592227093749999 0.9997395835937499 0.86851851875 0.9997395835937499 0.8643518515625 0.9219590054687499 0.8557347671875 0.8432702851562499 0.8473440546875001 0.7711417218750001 0.8391203703125001 0.77079906796875 0.8427753414062501 0.838301809375 0.8503898632812501
0 0.057645631249999996 0.1681049984375 0.1076388890625 0.1535493828125 0.16307645625 0.13619201718750001 0.217435275 0.11911183046875 0.276850728125 0.09843581484375 0.3233717640625 0.082254584375 0.3693871359375 0.0656238765625 0.4157986109375 0.0470679015625 0.4626736109375 0.0293209875 0.49956597187499996 0.013117283593750001 0.52791262109375 0.0013484359375 0.5234375 0 0.48063309062500004 0.017529665625 0.42905542109374994 0.03865516015625 0.3865796921875 0.05483638984375 0.339805825 0.07281553359375001 0.285194175 0.09124415703125 0.23563915859375 0.10832434375 0.1790048546875 0.1276519234375 0.13374797734375 0.14113628203125 0.08368729765625 0.1568680328125 0.03792475703125 0.1699029125 0.00025283203125 0.18113987812500001 0.00130208359375 0.18364197499999999 0.02256944453125 0.1774691359375 0.057645631249999996 0.1681049984375
0 0.00303398046875 0.1447321109375 0.017192556249999998 0.14113628203125 0.05410598671875 0.13259618828125 0.0917779125 0.12180870156250001 0.12970266953125 0.11057173671875001 0.1699029125 0.09888529296875001 0.20555218437499997 0.08809780625 0.24019012968750003 0.07820927734375001 0.26951860859375 0.06877022656250001 0.30466221718750003 0.055735346875 0.33651901328125 0.044048903125 0.37747775078125 0.029216109375 0.417930825 0.014383315625 0.45130461171874997 0.00044947890624999997 0.44498381875000004 0.00044947890624999997 0.4100930421875 0.01393383671875 0.378741909375 0.0251708015625 0.35017192578125 0.03595828828125 0.32210760546875 0.04629629609375 0.290250809375 0.05663430390625 0.25434870546875 0.06832074765625 0.22046925546875001 0.07955771328125 0.18886529140625 0.08989572109375 0.15119336562500002 0.10158216484375 0.10618932031249999 0.114167565625 0.0637135921875 0.12540453046875 0.028064320312500002 0.13484358125 0 0.14113628203125 0.00303398046875 0.1447321109375
0 0.062449433593750006 0.08809780625 0.0993628640625 0.0777597984375 0.1403216015625 0.0656238765625 0.17875202265625 0.0539374328125 0.21338996796875 0.0422509890625 0.25106189296875 0.0310140234375 0.28999797734375 0.017529665625 0.314269821875 0.00943905078125 0.33955299375000003 0.00089895703125 0.32943972499999996 0 0.29783576015625 0.01078748671875 0.263197815625 0.0233728875 0.21945792890625002 0.036857245312499995 0.17495954687499998 0.050791082031250004 0.12793284765625 0.06472491875 0.08065331718749999 0.07865875546875 0.03615493515625 0.09124415703125 0 0.1 0.0010113265625 0.1038295578125 0.0245246765625 0.0979863359375 0.062449433593750006 0.08809780625
0 0.055622977343750005 0.0453973390625 0.09380056640625 0.034609852343750004 0.13779328515625 0.02112549453125 0.1699029125 0.01168644375 0.195438915625 0.0022473929687500003 0.19270833359375 0 0.17116707109375 0.0076411359375 0.141080096875 0.01708018671875 0.09860436875 0.030115066406250002 0.06598907734375001 0.03910463828125 0.0313511328125 0.04899316796875 0.00025283203125 0.05663430390625 0.0007584953125 0.062028047656249995 0.022249190625 0.05483638984375 0.055622977343750005 0.0453973390625
3 0.9017684109375 0.0699827734375 0.906613371875 0.00053832890625 0.90025436015625 0.00161498671875 0.8951065890625 0.07321274765625 0.88783914765625 0.16472868203125 0.88995881796875 0.1706503015625 0.89419815859375 0.16742032734375 0.9017684109375 0.0699827734375