1 0.44921875 0.9995370367187499 0.45052083359374995 0.8111111109375001 0.51302083359375 0.7518518515625 0.5328125 0.78703703671875 0.51822916640625 0.9203703703125001 0.52726337421875 0.9224965703124999 0.5390625 0.79444444453125 0.53802083359375 0.7240740742187499 0.45260416640625 0.66851851875 0.4511154859375 0.40609507109375 0.49427083359374996 0.38148148125 0.50885416640625 0.42222222187499997 0.49511316875 0.5692729765625 0.50475823046875 0.5692729765625 0.5140625 0.43703703671875005 0.51614583359375 0.36481481484375 0.45364583359375 0.28148148125 0.46614583359374995 0.14629629609375 0.2984375 0.16296296328124998 0.31927083359375 0.28148148125 0.29114583359375 0.43148148124999997 0.27239583359375 0.622222221875 0.28385416640625 0.622222221875 0.29750631328125 0.43396932265625 0.3206544609375 0.43350168359375 0.32170665 0.67246539453125 0.2609375 0.8740740742187499 0.2515625 0.9962962960937499 0.2640625 0.99259259296875 0.26927083359375004 0.88518518515625 0.32135416640625 0.8629629632812501 0.3265625 0.990740740625 0.44921875 0.9995370367187499
1 0.99739583359375 0.9888888890624999 0.9984375 0.8629629632812501 0.9984375 0.5055555554687501 0.9953125 0.41111111093749997 0.9859375 0.41851851875 0.9578125 0.5314814812499999 0.9046875 0.5611111109375 0.88072916640625 0.47407407421875 0.87158203125 0.47887731484374996 0.86822916640625 0.5666666664062501 0.7921875 0.7111111109375 0.8476870078125 0.8646835812500001 0.85885416640625 0.82407407421875 0.85364583359375 0.9962962960937499 0.99739583359375 0.9888888890624999
0 0.18293467109375 0.8304755374999999 0.26620370390625003 0.8550525835937499 0.26716821015625 0.8504801093750001 0.16203703671875 0.82075903046875 0.067836934375 0.7933241882812501 0.00096450625 0.77217649765625 0.00128600859375 0.7767489710937501 0.081983025 0.8013260171875001 0.18293467109375 0.8304755374999999
0 0.5182613171875 0.9202103335937499 0.45235339531249996 0.9019204390625 0.45203189296875 0.9064929125000001 0.5163323046875 0.9247828078125 0.5182613171875 0.9202103335937499
0 0.671875 0.9995370367187499 0.67916666640625 0.9995370367187499 0.64075360078125 0.9802240515625 0.58384773671875 0.95278920859375 0.52919238671875 0.9236396890625 0.52887088515625 0.92935528125 0.59413580234375 0.96079103828125 0.671875 0.9995370367187499
0 0.7053755140625 0.8201874710937499 0.80471965 0.8636259718750001 0.8555169749999999 0.8859167812500001 0.85583847734375 0.88134430703125 0.75617283984375 0.83790580703125 0.67226080234375 0.8007544578125 0.5973508226562501 0.7687471421875001 0.54044495859375 0.74245541875 0.54044495859375 0.7470278921875 0.61310442421875 0.7796067671875 0.7053755140625 0.8201874710937499
0 0.6931584359375 0.8247599453125 0.8105066875 0.8567672609375 0.84362139921875 0.8664837679687499 0.84265689296875 0.8636259718750001 0.7746883203125 0.8439049289062501 0.69251543203125 0.8213305898437501 0.6239747375 0.80161854765625 0.5757874015625 0.7877661125000001 0.54108796328125 0.7767489710937501 0.5407664609375 0.7801783265625 0.611818415625 0.8013260171875001 0.6931584359375 0.8247599453125
0 0.64364711953125 0.797325103125 0.7233796296875 0.819044353125 0.772890946875 0.83333333359375 0.8378343625 0.851623228125 0.839074803125 0.84864391953125 0.77578446484375 0.8316186554687499 0.71277006171875 0.8139003203125 0.6282150203125 0.78932327421875 0.5787037039062499 0.775605853125 0.5407664609375 0.7641746687500001 0.5407664609375 0.7676040234375 0.59092078203125 0.7824645632812499 0.64364711953125 0.797325103125
0 0.621141975 0.7847508000000001 0.6838348765625 0.8018975765624999 0.7516718109375 0.8219021492187499 0.78800154296875 0.8316186554687499 0.8269032921875 0.84247828046875 0.8259387859375 0.8390489257812501 0.769997428125 0.8236168265625 0.71180555546875 0.80761316875 0.66197273671875 0.7933241882812501 0.5835262343750001 0.77103337890625 0.53908300546875 0.75896762890625 0.5398019546875 0.76188843203125 0.5915637859375 0.77617741171875 0.621141975 0.7847508000000001
0 0.50765174921875 0.57670324609375 0.5690586421875 0.59956561484375 0.62403549375 0.620141746875 0.70891203671875 0.651577503125 0.75938786015625 0.6692958390625 0.8043981484374999 0.6864426156250001 0.86001800390625 0.70644718828125 0.86291152265625 0.7030178328125001 0.78221450625 0.674439871875 0.71662808671875 0.65043438515625 0.64879115234375 0.6258573390625 0.5973508226562501 0.6064243257812499 0.5417309671874999 0.585276634375 0.50765174921875 0.57213077265625 0.4890046296875 0.5664151804687501 0.45331790156249996 0.5629858249999999 0.45396090546875 0.5652720625 0.49061213984374996 0.57270233203125 0.50765174921875 0.57670324609375
3 0.65200617265625 0.784179240625 0.64975565859375 0.7001600367187499 0.64975565859375 0.65614997734375 0.6594007203125 0.6578646546875 0.65875771640625 0.6475765890625 0.64975565859375 0.6464334703125 0.65007716015625 0.61671239140625 0.64461162578125 0.61671239140625 0.643676346875 0.64768050859375 0.6359310703125 0.6470050296875 0.636252571875 0.65500685859375 0.64364711953125 0.6555784179687499 0.6439686210937501 0.67158207578125 0.64461162578125 0.73845450390625 0.6478266460937501 0.84819387265625 0.6507201648437501 0.99851394609375 0.6568287039062499 0.99851394609375 0.65200617265625 0.784179240625
0 0.51041666640625 0.67351290703125 0.5798611109375 0.692648709375 0.6423611109375 0.7086980921875 0.6434133 0.7056677890625 0.58422769375 0.6911709687500001 0.52267466328125 0.6738683125 0.48374368671875 0.6640478859375001 0.45323021875 0.6551627382812499 0.45323021875 0.658903853125 0.51041666640625 0.67351290703125
0 0.50242003359375 0.6659184437500001 0.5794928453125 0.686494575 0.6423611109375 0.702861953125 0.64288720546875 0.70005611640625 0.58370686015625 0.68463337109375 0.51820286171875 0.66732136171875 0.48322285390625 0.65751028828125 0.45270938515625003 0.648625140625 0.45401936015625 0.65282454140625 0.50242003359375 0.6659184437500001
0 0.51530934375 0.68509165703125 0.581597221875 0.70379723125 0.643676346875 0.720164609375 0.6434133 0.71735877265625 0.58502209609375 0.7014683875000001 0.525305134375 0.68509165703125 0.4845380890625 0.6743453046875 0.45402462109375 0.6654601570312499 0.45402462109375 0.669201271875 0.51530934375 0.68509165703125
0 0.19176136328124999 0.6149457539062501 0.27304292890625004 0.62757201640625 0.26936026953125 0.62196034453125 0.18334385546875 0.61026936015625 0.10679713828125 0.59717545859375 0 0.5800925929687499 0.0018413296875 0.5836139171875 0.084175084375 0.59717545859375 0.19176136328124999 0.6149457539062501
0 0.14283459609375 0.51814440703125 0.21675084140625 0.53077066953125 0.27882996640625 0.54059109609375 0.32012836718750004 0.55041152265625 0.32012836718750004 0.54760568671875 0.29145622890625 0.54059109609375 0.26041666640625 0.5340441453125 0.18702651484375 0.5214178828125 0.11574074062499999 0.51112981640625 0.07075968046875 0.50271230859375 0.025252524999999998 0.49523007890625 0.0013152359375 0.49008604531250005 0.00105218828125 0.49429480000000003 0.06734006718749999 0.50598578359375 0.14283459609375 0.51814440703125
0 0 0.59343434375 0.01157407421875 0.59717545859375 0.056029040625000005 0.61213991796875 0.12863005078125 0.6355218851562501 0.23016624609375 0.6677890007812499 0.23174452890625 0.66498316484375 0.16835016796875 0.6458099515625 0.103377525 0.62476618046875 0.05418771015625 0.6083988031249999 0.00052609453125 0.59062850703125 0 0.59343434375
0 0 0.5982119171875 0.0112899828125 0.6018612046875 0.05574494921874999 0.6168256640625 0.12834595937499998 0.64020763203125 0.23095538750000003 0.6738683125 0.23174452890625 0.6710624765625 0.16806607734375 0.65049569765625 0.103093434375 0.6294519265625 0.05390361953125 0.61308454921875 0.00024200312499999998 0.59531425390625 0 0.5966049382812499 0 0.5982119171875
0 0 0.6094386625 0.01125052578125 0.61307519609375 0.055705492187500004 0.62803965546875 0.12830650234375002 0.6514216234375 0.23091593046874997 0.6850823046875 0.231705071875 0.68227646875 0.16802662031249999 0.66170968984375 0.10305397734374999 0.64066591875 0.0538641625 0.624298540625 0.00020254609375 0.6065282453124999 0 0.6076084921875 0 0.6094386625
0 0.00105218828125 0.45641601171875 0.012626262499999999 0.46062476640625 0.055986953125 0.47325102890625 0.12937710468750002 0.49569771796874995 0.24143518515625 0.5293677515625 0.2422664140625 0.5232884398437501 0.16598274375 0.50130938984375 0.0999579125 0.482603815625 0.051031144531249996 0.46763935625 0.00046822421875000004 0.4522166109375 0.00105218828125 0.45641601171875
0 0 0.52338536875 0.0112742 0.5270295546875 0.05574494921874999 0.5415170218750001 0.12913510078124998 0.5639637109375 0.27146464609375 0.60606060625 0.27172769375 0.60325476953125 0.16780303046875 0.57238121953125 0.10204124609375001 0.55274036640625 0.052588383593749996 0.53777590703125 0.00022622031249999998 0.52048260390625 0 0.52168911328125 0 0.52338536875
0 0.0007891414062499999 0.53264122734375 0.012626262499999999 0.5368499812499999 0.056555134375 0.55041152265625 0.1290325125 0.57424242421875 0.2706755046875 0.61541339296875 0.27146464609375 0.6126075570312499 0.1677004421875 0.5826599328125 0.10232533671874999 0.5616348671875 0.0484006734375 0.54479985 0.0007891414062499999 0.5293677515625 0.0007891414062499999 0.53264122734375
0 0.00024200312499999998 0.519547325 0.01181607734375 0.5232884398437501 0.0562868265625 0.53777590703125 0.129676978125 0.56022259609375 0.27409511796874997 0.6018518515625 0.271990740625 0.5981107367187499 0.16834490703125 0.5686401046875 0.10258312265625 0.5489992515625 0.05313026093749999 0.5340347921874999 0.00076809765625 0.5167414890625001 0.00024200312499999998 0.519547325