0 0.06875 0 0.12609649140625 0.045991715625 0.23249040546875 0.12944688124999998 0.26332922187499996 0.153813353125 0.30222039453125 0.1845760234375 0.35944353046875 0.22843567265625003 0.44485294140625 0.295479303125 0.5283394609375 0.3608387796875 0.576133578125 0.39651416093749997 0.6496340093749999 0.45295295312499995 0.7224264703125 0.509259259375 0.76485906875 0.54166666640625 0.81292229765625 0.578078078125 0.86605674375 0.61860380078125 0.9385723039062499 0.6726579523437499 0.9995404414062501 0.7189542484375 0.9997395835937499 0.71481481484375 0.9545036765624999 0.68082788671875 0.9107730265624999 0.64875731015625 0.8287377453125 0.5852396515625 0.7816019140625 0.54929929921875 0.73973651953125 0.51797385625 0.69438733515625 0.48276072109375 0.658237390625 0.45473927890625 0.611293859375 0.41971247578125004 0.54259183125 0.36641081875000003 0.48502604140625005 0.32255116953125 0.40518777421875 0.261025828125 0.35064338203125 0.2189542484375 0.26058799375 0.14772173515625 0.13466282890625 0.04934210546875 0.07239583359375 0 0.06875 0
0 0.10122360156250002 0.01807458125 0.12494648984375001 0.03725900546875 0.1593714328125 0.06484652421875 0.1826484015625 0.08292110625 0.19852311640625 0.09512937578125 0.21332762578125003 0.10670345 0.23294805937500002 0.12208269921875 0.25 0.13534858359375 0.2812856734375 0.16013444921875 0.30634631875 0.178684678125 0.33078267656250004 0.19786910234375 0.350135559375 0.21324835078125 0.3679723171875 0.22704211093749999 0.3894656109375 0.2441653984375 0.40685645 0.25637366796875 0.40703481718749995 0.25621511953125 0.46776897812499996 0.30409690546875 0.5214576195312499 0.345319634375 0.58900122578125 0.3973311546875 0.6217002 0.42269152734375004 0.6476526828125 0.44298579374999997 0.7107843140625 0.491285403125 0.765625 0.53240740703125 0.79917279375 0.5582788671875 0.85753676484375 0.6018518515625 0.93658088203125 0.66122004375 0.9997395835937499 0.709722221875 0.9997395835937499 0.70555555546875 0.9437806375 0.6639433554687499 0.8676470585937499 0.60511982578125 0.7919730390625 0.5484749453125 0.72135416640625 0.49564270156249995 0.6369485296875 0.42973856171874997 0.57766544140625 0.38453159062500003 0.48529411796875 0.31399782109375 0.40287990234375004 0.25 0.32858455859375 0.19226579531250002 0.24617034296875 0.1285403046875 0.18979779375 0.08496732031250001 0.105851715625 0.0182461875 0.08272058828125 0.0008169937500000001 0.0783925515625 0.00063419609375 0.08615154140625 0.006659056250000001 0.10122360156250002 0.01807458125
0 0.22778798984374998 0.09940087109375 0.31219362734375 0.1647603484375 0.400428921875 0.23311546875000003 0.45266544140625 0.27369281015625 0.54212622578125 0.34150326796875 0.64813112734375 0.42211328984375 0.7642463234375 0.509803921875 0.83195465703125 0.56100217890625 0.9454656859374999 0.64569716796875 0.9997395835937499 0.6865740742187499 0.9992340687500001 0.68191721171875 0.9224877453125 0.6247276687500001 0.85539215703125 0.57434640546875 0.7927389703125 0.527777778125 0.7236519609375 0.47467320234375 0.6321997546875 0.4060457515625 0.53293504921875 0.330065359375 0.46446078437500005 0.27805010859375 0.3771446078125 0.2107843140625 0.27941176484375 0.13589324609375 0.19761029375 0.0724400875 0.13832720625 0.026688453125 0.105851715625 0 0.1014093140625 0.0008169937500000001 0.15533088203125 0.04221132890625 0.22778798984374998 0.09940087109375
0 0.85229013515625 0.244757625 0.9997319242187499 0.34483932500000003 0.9997395835937499 0.340740740625 0.8264399507812501 0.223311546875 0.6857000609375 0.12833605703125 0.50052083359375 0 0.49623842578125005 0.00128600859375 0.65678615234375 0.1123366015625 0.85229013515625 0.244757625
0 0.53359375 0 0.6364889703125 0.0718273421875 0.75884650703125 0.15386710234375 0.8578431375 0.22092864921875002 0.95032935078125 0.28254357265625 0.9997395835937499 0.31620370390625 0.9997319242187499 0.31181917187499997 0.8798636640625 0.23080065390625001 0.77837775703125 0.16271786484375 0.67918964453125 0.09599673203125 0.5955116421875 0.038466775781250004 0.53828125 0 0.53359375 0
0 0.5085358796875 0 0.603553921875 0.06569989140625 0.7036994484375 0.13412309375 0.81495098046875 0.21071623125 0.9066712625 0.271990740625 0.9997319242187499 0.333946078125 0.9997395835937499 0.33009259296875004 0.92218137265625 0.27879901953125 0.8205039828125 0.21071623125 0.704273896875 0.130378540625 0.58363970625 0.04867919375 0.51470588203125 0 0.5085358796875 0
0 0.9275428921875 0.0799972765625 0.9767539828125 0.1119961875 0.99915747578125 0.12527233124999998 0.9982000609374999 0.12186819140625 0.97234987734375 0.10552832265625 0.92352175234375 0.07489106718750001 0.8700980390625 0.0408496734375 0.8390778187500001 0.02212690625 0.81380208359375 0.0054466234375 0.81437653203125 0.0091911765625 0.8580346203125 0.0364242921875 0.9275428921875 0.0799972765625
0 0.99915747578125 0.043572984375 0.99858302734375 0.03880718984375 0.98326439921875 0.030637254687499997 0.956648284375 0.0136165578125 0.9340533085937499 0.0003404140625 0.9294577203125 0.00136165546875 0.9620098039062499 0.02110566484375 0.99915747578125 0.043572984375
0 0.9995404414062501 0.03097766875 0.99877451015625 0.0268927015625 0.97943474296875 0.01599945546875 0.95364583359375 0 0.94956341875 0.0010212421875 0.9746476718749999 0.016339869531250002 0.9995404414062501 0.03097766875
0 0.9997319242187499 0.0142973859375 0.9767539828125 0.0010212421875 0.97196691171875 0.0010212421875 0.9997319242187499 0.017701525000000003 0.9997319242187499 0.0142973859375
0 0 0.93194444453125 0.02240794609375 0.9533807062499999 0.05813953515625 0.9894487507812499 0.06927083359375 0.9995370367187499 0.07388565859375 0.998062015625 0.04057655 0.9652239445312499 0 0.92484926796875 0 0.93194444453125
0 0.27820121953125 0.9377822945312501 0.34583333359375 0.9995370367187499 0.350292175 0.9981933156249999 0.290904471875 0.9456865398437501 0.19435975625 0.8581752484375 0.09949252109375 0.77160493828125 0.096862296875 0.77518066875 0.1832444109375 0.85196476953125 0.27820121953125 0.9377822945312501