1 0.49635416640625 0.78703703671875 0.5140625 0.7555555554687501 0.51302083359375 0.74259259296875 0.45892589843750003 0.635950321875 0.45253243515625 0.5785650921875 0.45144086796874994 0.533100465625 0.44052519921875 0.3953204703125 0.43489583359374995 0.3296296296875 0.39739583359375 0.2 0.36302083359375004 0.3518518515625 0.36197916640625 0.44444444453125 0.40260416640625 0.70555555546875 0.39010416640625 0.9555555554687499 0.39635416640625 0.9629629632812501 0.44739583359374996 0.88333333359375 0.50885416640625 0.95740740703125 0.51822916640625 0.94629629609375 0.49635416640625 0.78703703671875
0 0 0.90694444453125 0.038060897656249995 0.9018874640625001 0.16626602578125 0.890313390625 0.2784455125 0.8796296296874999 0.39312900625 0.8680555554687499 0.39212740390625 0.862713675 0.29747596171875 0.8733974359375001 0.19481169843749999 0.8831908828125 0.09114583359375 0.89298433046875 0 0.9018518515625 0 0.90694444453125
0 0.8213141023437499 0.8653846156249999 0.94000400625 0.86627492890625 0.9997395835937499 0.86620370390625 0.9975961539062499 0.8609330484375001 0.9264823718749999 0.86182336171875 0.7757411859375 0.8609330484375001 0.6084735578125 0.86004273515625 0.50681089765625 0.859152421875 0.5078125 0.8636039882812501 0.65705128203125 0.86449430234375 0.8213141023437499 0.8653846156249999
1 0.4890625 0.06296296328124999 0.4921875 0.07407407421875 0.48307291640625005 0 0.42135416640625 0.00740740703125 0.41927083359374995 0.16851851874999998 0.45364583359375 0.09629629609375 0.49010416640625004 0.16666666640625 0.49635416640625 0.16296296328124998 0.4890625 0.06296296328124999
0 0 0.87135949296875 0.038060897656249995 0.86627492890625 0.1662059296875 0.8547364671875 0.27838541640625 0.84405270625 0.39306891015625 0.8324786328125 0.3920673078125 0.82713675234375 0.297415865625 0.8378205124999999 0.19475160234375 0.8476139601562499 0.0910857375 0.8574074070312501 0 0.86626908203125 0 0.87135949296875
0 0 0.73515561328125 0.037059294531249995 0.73094729375 0.16927083359375 0.71759259296875 0.27894631406250003 0.70601851875 0.40014022421875 0.69177350390625 0.39713541640625 0.68821225078125 0.29397035234375 0.699786325 0.18880208359375 0.7113603992187499 0.09088541640625 0.72122507109375 0 0.73006725703125 0 0.73515561328125
0 0 0.59274335859375 0.0370793265625 0.58853276328125 0.16478365390625 0.577813390625 0.2749599359375 0.5671296296875 0.37912660234375 0.55644586875 0.378125 0.55199430234375 0.28898237187500003 0.56178774921875 0.1828125 0.5724715101562501 0.08615785234375 0.5795940171875 0 0.5876555703124999 0 0.59274335859375
0 0 0.47438321328125 0.037219551562499995 0.4701566953125 0.164923878125 0.459437321875 0.27510016015625 0.44875356093749996 0.357572115625 0.44159544140625 0.35807291640625 0.437143875 0.28545673046875 0.44337606875 0.18295272421875 0.45409544140625 0.08163060859375 0.46296296328125 0 0.46929422578124996 0 0.47438321328125
0 0 0.38089575781249996 0.037179487500000004 0.3766737890625 0.16025641015625 0.36413817656249997 0.27694310859375004 0.35256410234375 0.36157852578125 0.34544159531249996 0.35907451953125 0.3392094015625 0.28745993593749997 0.34722222187499996 0.17427884609375 0.35879629609374997 0.08625801250000001 0.36773504296875 0 0.37580596796875 0 0.38089575781249996
0 0.43740643749999997 0.337935240625 0.5255114773437499 0.34181636718749997 0.6292103296875 0.34625194062500003 0.75474051875 0.3509647375 0.9206586828125 0.35595475703125 0.9997395835937499 0.3578703703125 0.99940743515625 0.35540031015625 0.9042851796875 0.35262807734375 0.8085391718749999 0.3501330671875 0.72214945078125 0.34736083359375003 0.60691117734375 0.3426480375 0.51927395234375 0.33904413359375 0.43771831328125 0.33544023046875 0.43740643749999997 0.337935240625
0 0.44379989999999997 0.4321911734375 0.52722679609375 0.43524062968750005 0.6270271953125001 0.43829008671874997 0.75957460078125 0.44244843671874995 0.9173839820312499 0.44605233984375003 0.9997395835937499 0.44768518515625005 0.9992514968749999 0.44522066953125006 0.9041292414062501 0.4435573296875 0.8135291914062501 0.44133954296875 0.71669161640625 0.43912175624999994 0.5995820859375 0.43524062968750005 0.51537549921875 0.43246839687499994 0.4441117765625 0.42969616328125 0.44379989999999997 0.4321911734375
0 0.8218149039062499 0.7006766382812499 0.94000400625 0.703347578125 0.9997395835937499 0.7023148148437499 0.9997395835937499 0.6986111109375 0.9189703523437499 0.69800569765625 0.7702323718749999 0.6953347578125 0.609375 0.69173789140625 0.49529246796875004 0.68999287734375 0.4972956734375 0.6953347578125 0.65795272421875 0.69618945859375 0.8218149039062499 0.7006766382812499
0 0.82431891015625 0.8324430203125001 0.94000400625 0.8324430203125001 0.9995993585937499 0.83333333359375 0.99859775625 0.827991453125 0.92998798046875 0.827991453125 0.78225160234375 0.827991453125 0.61197916640625 0.8262108265625001 0.50330528828125 0.8253205124999999 0.50631009609375 0.8297720796875 0.6585536859375 0.83066239296875 0.82431891015625 0.8324430203125001
0 0.7907451921875001 0.5581908828125 0.9078717562499999 0.55999112890625 0.9992514968749999 0.561100021875 0.9990955585937501 0.5586050124999999 0.8810503992187501 0.5574961187499999 0.73696357265625 0.5550011085937501 0.5722929140625 0.55195165234375 0.45487150703125 0.54862497265625 0.4597055890625 0.55111998203125 0.63451222578125 0.5544466625 0.7907451921875001 0.5581908828125
0 0.54593937109375 0.008593923437500001 0.5767588796875 0.011059068750000001 0.62231654921875 0.0143117359375 0.65883857265625 0.017187846875000003 0.68815493984375 0.01885118671875 0.7494386226562499 0.02273231328125 0.7816769125 0.0246118484375 0.8118657296875 0.026129759375 0.86342939140625 0.0288312265625 0.89938280625 0.030466649218750003 0.9417103296875 0.0318806828125 0.97671496875 0.033502471875 0.9997395835937499 0.034722221875 0.99970726015625 0.0330687828125 0.96821981015625 0.03132623671875 0.92346556875 0.029940119531249997 0.8794910179687501 0.02799955625 0.853917165625 0.026613439843749996 0.8038610281249999 0.02384120625 0.7740768460937499 0.02245508984375 0.7514658187500001 0.021346196875 0.69829091796875 0.01774229296875 0.6660117265625 0.0158017296875 0.63778692578125 0.01386116640625 0.6000498999999999 0.01108893359375 0.5749438625 0.00942559296875 0.5489021953125001 0.00720780625 0.5267589820312499 0.00554446640625 0.50113436796875 0.003794778125 0.48344798984375004 0.00216844453125 0.48449975078124996 0.0038811265625 0.51787050859375 0.00693058359375 0.54593937109375 0.008593923437500001
0 0.99970726015625 0.02103391484375 0.9618263476562501 0.0199600796875 0.9281689109375 0.01843178046875 0.8997487312500001 0.01734755859375 0.872629740625 0.016078953125 0.8518735359375 0.014853846875000002 0.82039046875 0.013583942968750002 0.7817178140625 0.011366156249999999 0.75754740546875 0.00970281640625 0.724165690625 0.0079148234375 0.68946379765625 0.00542111171875 0.65759106796875 0.0038811265625 0.6270271953125001 0.0016633398437499998 0.60098552890625 0.0002772234375 0.5922529937500001 0.0008316703125 0.6058196109375 0.0016633398437499998 0.6334206585937501 0.003603903125 0.6812936625 0.0066533601562500004 0.7127000390625 0.008999046093750001 0.766435878125 0.011920603125 0.7884231539062501 0.013029496875 0.8224176648437499 0.01524728359375 0.86230240078125 0.0172391359375 0.89664421171875 0.01857396328125 0.9343812375 0.020237303125 0.9732098304687501 0.02162341953125 0.9997395835937499 0.022685185156250003 0.99970726015625 0.02103391484375
0 0.99952429765625 0.0291655828125 0.97098214296875 0.0279729375 0.94286690078125 0.026563448437499998 0.9209113976562501 0.02580449296875 0.9009074945312501 0.025262382031250002 0.877854215625 0.0240697375 0.8464321359375001 0.02273231328125 0.8141529437499999 0.02079175 0.787487525 0.0194056328125 0.75879491015625 0.01746506953125 0.72214945078125 0.01552450625 0.6994657492187499 0.01398646875 0.67645958046875 0.0127522734375 0.6527569859375 0.01108893359375 0.60800274453125 0.0083167 0.59209705625 0.00720780625 0.55968237734375 0.00466215625 0.5258233531250001 0.00221778671875 0.49806636718749997 0.0002772234375 0.48683882265625 0.0008316703125 0.49557135703125 0.0011088929687500001 0.5264471054687501 0.003603903125 0.5481225046875 0.0049900203125 0.574164171875 0.00720780625 0.6006736523437499 0.0091483703125 0.6239084328125 0.01081171015625 0.65152956640625 0.0124685578125 0.6878430640625 0.01469283671875 0.7127931640625 0.016356176562499998 0.74631986015625 0.01829673984375 0.77856654921875 0.020600225781250002 0.8013660179687501 0.021900642968750002 0.83411302421875 0.02328676015625 0.87403318359375 0.025504546093750004 0.9067013078124999 0.0269971375 0.9343896367187501 0.0279729375 0.9732098304687501 0.029662896093750002 0.9996462726562501 0.030900338281250002 0.99952429765625 0.0291655828125