0 0.5546171171875 0.6368868867187499 0.3561373875 0.80518018046875 0.12708333359375 0.9995370367187499 0.13229166640625 0.9995370367187499 0.3079251125 0.85085085078125 0.48353040546875 0.7013263265624999 0.6330128203125 0.5733618234375 0.87239583359375 0.3668091171875 0.9997395835937499 0.25555555546875 0.9997395835937499 0.2513888890625 0.753912728125 0.46526626093749995 0.5546171171875 0.6368868867187499
0 0.75025923828125 0.49585218671875 0.570453265625 0.653153153125 0.37660256406250003 0.820764203125 0.234375 0.94406906875 0.16979166640625 0.9995370367187499 0.17473958359375 0.9995370367187499 0.22240991015625 0.9584584585937501 0.37338119375 0.828328328125 0.40400159375 0.8017101804687501 0.56267076484375 0.66383323203125 0.670110428125 0.56997571328125 0.7567736796875 0.49433313125 0.85951730390625 0.40401740546875003 0.9997395835937499 0.2796296296875 0.9997395835937499 0.27592592578124997 0.8688766890625 0.3922672671875 0.75025923828125 0.49585218671875
0 0.19322916640625 0.9995370367187499 0.19921875 0.9995370367187499 0.2378608921875 0.9656605421875 0.368274278125 0.851924759375 0.51865019921875 0.7202262140625 0.5950623359375 0.6532516765625 0.7107119421875 0.55081656484375 0.7878116796875 0.48301253984375 0.9339080460937501 0.35280970625 0.9997395835937499 0.29351851875 0.9997395835937499 0.28981481484375 0.9289490046875001 0.35286530312500003 0.7686781609375 0.4960887609375 0.58054956875 0.6617177523437501 0.47054597734375003 0.7583014046875001 0.34999102031249996 0.86326628359375 0.25293163671875 0.94754934609375 0.1970615671875 0.996637184375 0.19322916640625 0.9995370367187499
0 0.87838541640625 0 0.8220780367187499 0.03903797890625 0.7514158578125001 0.08809780625 0.67084942109375 0.1422851421875 0.550092503125 0.22433147421875002 0.41294642890625 0.31603031640625 0.28393001640625004 0.4022833515625 0.19897856015624998 0.4580186984375 0.127427184375 0.5052139515625 0 0.5884259257812501 0.00027508828125 0.59239697421875 0.14284991875 0.4989212515625 0.24111164765624998 0.4331116828125 0.41832185703125 0.31563873203125004 0.5113435734375 0.25345260546875 0.72494369375 0.10850135859375001 0.85573358046875 0.01883239140625 0.8830729164062501 0 0.87838541640625 0
0 0 0.61898148125 0.13392857109375 0.53017303046875 0.21587435625 0.47493922499999996 0.29128458828125 0.42417417421875003 0.45547779921875 0.31263406250000003 0.5671854890625 0.2359502359375 0.61806225859375 0.2012727015625 0.7179054054687499 0.13245388281249998 0.7855735203124999 0.08544258515625 0.850225225 0.039682539843749996 0.8515323359375 0.039682539843749996 0.90683317265625 0.00017875 0.9026041664062501 0 0.80095720703125 0.071500071875 0.70292390625 0.1394251390625 0.5692969757812499 0.23130273125 0.45537725234375 0.309237809375 0.31803008359375 0.40254540234374997 0.20984153828125002 0.47529672500000003 0.09893822421875001 0.54929929921875 0 0.615740740625 0 0.61898148125
0 0.9203125 0 0.88578345078125 0.02428925390625 0.7961309523437501 0.0877663375 0.67286036015625 0.17410267421875 0.5701013515625 0.24524524531249997 0.387206403125 0.3705491203125 0.26614784453125 0.45259545234375 0.18500643515624998 0.5076505078125 0.10235682109375 0.56342056328125 0 0.63240740703125 0 0.63657407421875 0.0240243546875 0.6202725609375 0.13020833359375 0.5485459046875001 0.17935739453125 0.5152908187499999 0.2331829515625 0.47893844531249996 0.267110475 0.45627934296875 0.32744644921875 0.4148735 0.3886076875 0.37314162734375 0.4930494421875 0.30157798671874997 0.54467429609375 0.2658776734375 0.61234595078125 0.21909233203124998 0.64838248203125 0.19382498671874998 0.78848938203125 0.09652509687500001 0.8436896718750001 0.05755755781250001 0.89728121015625 0.01948376953125 0.92421875 0 0.9203125 0
0 0.55546875 0 0.55140398515625 0.0023483625000000003 0.40421195625 0.08688942578125 0.20897520546875 0.19757433515625 0.0930329109375 0.26251341953125 0.00009169609375 0.31445618125 0 0.31805555546875 0.041138285156249996 0.29471953828125 0.2628698671875 0.17025630703125 0.32476600234375 0.1350308640625 0.41902551328125004 0.0815217390625 0.5004528984375 0.034722221875 0.56015625 0 0.55546875 0
0 0.5231770835937499 0 0.47244990859374997 0.0283343453125 0.41357260703125 0.06188118828125 0.3185162265625 0.115053171875 0.23970365781249997 0.159210365625 0.1272199453125 0.2211090875 0.059904428125 0.25822026640625 0 0.290740740625 0 0.29398148125 0.008869263281250001 0.28968733203124997 0.051395764843750004 0.26616550546875 0.21142739296875002 0.17800391171875002 0.304249175 0.12620706484375 0.3522930421875 0.09916269375 0.4338558859375 0.053324776562499995 0.46092890546875004 0.03804547109375 0.50321438359375 0.014056960937499998 0.52864583359375 0 0.5231770835937499 0
0 0.5080729164062501 0 0.417783965625 0.0505745015625 0.31057889375 0.11055454375 0.19267987265625 0.17582473203125 0.08663366328125 0.23377337734374998 0 0.28101851875 0.00025783828125 0.284653465625 0.14885018203125 0.20314713593749997 0.199866234375 0.17519226875 0.2845372265625 0.12801052421875 0.36686019999999997 0.08196721328124999 0.40279200781249996 0.062360857812500003 0.460842959375 0.029489060156250003 0.50055498671875 0.0070835859375 0.51302083359375 0 0.5080729164062501 0
0 0.62369791640625 0 0.57313012265625 0.01985933984375 0.48803221796875 0.0505970453125 0.43409892968749997 0.0683060109375 0.35334130234375 0.0924661 0.2709471765625 0.1138433515625 0.1286429875 0.14559299765625 0.06218693046875 0.1579892734375 0 0.16851851874999998 0 0.16990740703125 0.015297700000000001 0.167223234375 0.0672387296875 0.15849524375 0.13625626171875 0.1453400125 0.20313923046875 0.13129933203125 0.29620617031249996 0.1086571546875 0.34252618359375 0.09651386328125 0.4019381828125 0.0794373609375 0.448044740625 0.06539668046875 0.5040414390625 0.046549281250000005 0.5752646859375 0.020491803125 0.62760416640625 0 0.62369791640625 0
0 0.49401041640625004 0 0.46728698515625 0.0087130671875 0.41798338046875 0.024448606249999998 0.316626821875 0.054644808593750004 0.229181296875 0.07828755703125 0.0900074 0.11055454375 0.03351658984375 0.1225994515625 0 0.12945816171875 0 0.13101851874999998 0.0730775984375 0.116130878125 0.13569463984375002 0.10208593437499999 0.25397940078125003 0.07295568046874999 0.3667890484375 0.0422485328125 0.43356448984374996 0.020937370312500002 0.49895833359374997 0 0.49401041640625004 0
0 0.3069739171875 0 0.19635097109375 0.0303908203125 0.10796584843749998 0.052559190624999995 0.00055260859375 0.07527753203125001 0 0.07638888906249999 0.1084803171875 0.05368098125 0.20338062343750002 0.029822767187499998 0.3109375 0 0.3069739171875 0
0 0 0.01342592578125 0.01613408515625 0.01072124765625 0.044016290624999996 0.0054998609375 0.07025033124999999 0.00024560390625 0.06640625 0 0.04840225546875 0.00341130625 0.0224780703125 0.00835421875 0 0.01296296328125 0 0.01342592578125
0 0.050964598437499994 0 0.04346783046875 0.0015468929687500002 0.02792984296875 0.0043092015625 0.009035650000000001 0.0077344648437499995 0 0.00894471875 0 0.0103787015625 0.026811107812500002 0.00585609453125 0.040111625 0.00353575546875 0.05598958359375 0 0.050964598437499994 0
3 0.9020833335937499 0 0.89597409921875 0.09634634609375001 0.9044200453125001 0.09572072109375 0.9096987609375 0 0.9020833335937499 0