0 0.63020833359375 0 0.6168556953125 0.08669383671875 0.6013714609374999 0.17839267812499998 0.6043878703125001 0.17767767734375 0.6143420203125001 0.11958386953125 0.62127976171875 0.08168883203125 0.6342299578125 0 0.63020833359375 0
0 0.59244791640625 0 0.5797538609374999 0.05648505625 0.5577340734375 0.14979265 0.56044884140625 0.15015015 0.577742921875 0.07704132734375 0.5955397359375 0.0007150007812500001 0.59244791640625 0
0 0.5625 0 0.5511985203124999 0.03700128671875 0.5303852960937501 0.10170885156250001 0.5041425351562501 0.18089518124999998 0.50595238125 0.184291434375 0.5235481015625 0.13227513203125002 0.5423503859375 0.07453882421875 0.565625 0 0.5625 0
0 0.59829905078125 0.23675574296875 0.59401371328125 0.26722925468750003 0.59566191953125 0.27367557421875 0.60060653984375 0.23675574296875 0.59829905078125 0.23675574296875
0 0.60861084296875 0.17875017890625 0.61987210390625 0.090983840625 0.61665460078125 0.10617760624999999 0.6078064671875001 0.16945516953125 0.6014720078125 0.2141427140625 0.6030807593749999 0.21932646953125 0.60861084296875 0.17875017890625
0 0.5797538609374999 0.38520663515625003 0.5923222328125 0.2951165453125 0.5904118406250001 0.2949377953125 0.5773025515625 0.3838490390625 0.5797538609374999 0.38520663515625003
0 0.48805501953124997 0.234520234375 0.46955437578125 0.2986915484375 0.44831223593749997 0.3703703703125 0.42963722656250003 0.43150293125 0.40875527421875 0.5004688234375 0.37876045703125 0.596846846875 0.3543644515625 0.67451945625 0.3265765765625 0.76040326015625 0.2976661390625 0.851500234375 0.2693169828125 0.93823253671875 0.24921875 0.9995370367187499 0.25364583359375004 0.9995370367187499 0.28344192421875 0.90644215625 0.31169562421874997 0.81974831953125 0.34286518671875 0.721793221875 0.36623153984375 0.64756211875 0.39161392421875 0.5666901078125 0.42062236249999996 0.47175339921875 0.43697715546874993 0.41720291718749997 0.45899694375 0.34391534375 0.49066924062500006 0.2363077359375 0.48805501953124997 0.234520234375
0 0.49281381875 0.39498359140625 0.47732067499999997 0.44831223593749997 0.4558939875 0.5291842476562499 0.42589662421875 0.63056727578125 0.4079190796875 0.69301444296875 0.387206403125 0.76362076328125 0.36478442734375 0.84101959140625 0.34749034765625 0.8998284 0.330959915625 0.95522737890625 0.31770833359375 0.9995370367187499 0.32213541640625 0.9995370367187499 0.34051951484375 0.9376465070312501 0.36029799609375 0.86908110625 0.3827823359375 0.7918632921875 0.40530485859375 0.7137494640625001 0.42358913515624996 0.65107829375 0.450290084375 0.55848570078125 0.4680907171875 0.4928504453125 0.48885812265624995 0.41842475390624995 0.50544964609375 0.35946660937499997 0.5261075953125001 0.28012189374999996 0.54174710390625 0.22272272265624998 0.53953507109375 0.21932646953125 0.51258848125 0.321750321875 0.49281381875 0.39498359140625
0 0.559342825 0.39932789921875 0.5475342828125 0.45944678828125 0.5346782703125 0.5297702765625 0.517207278125 0.6112283171875 0.50171413515625 0.6856540085937499 0.48984704609375 0.74718706015625 0.47402426171874995 0.82278481015625 0.45556434609374996 0.9124472570312501 0.4367747890625 0.997421471875 0.439082278125 0.99859353046875 0.454575421875 0.9341303328125001 0.46776107578125004 0.863220815625 0.48556170859375003 0.779418659375 0.49907700390625004 0.7143694328125 0.5135812234375 0.641701828125 0.5303929328125 0.562001875 0.5448971515625 0.49050632890625 0.556764240625 0.42780121875 0.571710103125 0.34909909921875004 0.5857866796875 0.27706277734375 0.59463481328125 0.23326898359374998 0.5921211390625001 0.23040898046875 0.57720200390625 0.30649320234375 0.559342825 0.39932789921875
0 0.5297336500000001 0.6604547585937499 0.5181962023437501 0.72667604296875 0.50237341796875 0.8057899671875 0.4895174046875 0.87259728046875 0.478639240625 0.9282700421875001 0.4638053796875 0.9980075015625 0.467431434375 0.9968354429687499 0.4835838609375 0.9147913734375 0.4977584390625 0.8444678859374999 0.512921940625 0.7706282234375 0.5254483125 0.70147679296875 0.54028217265625 0.62412095625 0.552478903125 0.56317393359375 0.5633570671875 0.5139474914062501 0.5597310125 0.5121894046875 0.54423786953125 0.58837318359375 0.5297336500000001 0.6604547585937499
3 0.57942708359375 0.93998015859375 0.58175223203125 0.8705357140625001 0.5710565476562499 0.868882275 0.57059151796875 0.8325066140624999 0.5650111609375 0.8325066140624999 0.5640811015625 0.56051587265625 0.5784970234375 0.55555555546875 0.577101934375 0.5142195765625 0.57989211328125 0.4918981484375 0.5910528273437501 0.48197751328124994 0.59291294609375 0.42741402109375004 0.5882626484375 0.4265873015625 0.586867559375 0.37863756640625 0.60918898828125 0.26289682578125 0.60918898828125 0.20998677265625001 0.61337425625 0.15707671953125 0.546875 0.1488095234375 0.498046875 0.177744709375 0.4808407734375 0.2389219578125 0.4957217265625 0.2579365078125 0.49339657734375003 0.30671296328125003 0.5189732140625 0.33151454999999996 0.52920386875 0.36292989453125 0.52083333359375 0.4828042328125 0.53989955390625 0.48776454999999996 0.54361979140625 0.553075396875 0.54453125 0.9995370367187499 0.5659412203125 0.9986772484375 0.56826636875 0.9482473546874999 0.57942708359375 0.93998015859375