0 0.20260416640624998 0 0.13550884921875 0.12864634531250002 0.06981722890625 0.25249943203125 0 0.38333333359375 0 0.39907407421875 0.046172034375 0.3101567828125 0.09517883515625 0.21550311406249997 0.148183996875 0.11184857421875001 0.20579830390625 0 0.20260416640624998 0
0 0.27734375 0 0.22607853984375 0.10734185546875 0.174565971875 0.21296296328125003 0.12861068515625002 0.30873665078125 0.07173440703125 0.42547148359375003 0 0.57083333359375 0 0.5796296296875 0.03291155390625 0.51266757578125 0.09298312890625 0.39082026796874997 0.146823875 0.279197909375 0.18989675546875 0.18969190390625 0.24359328906250002 0.077433628125 0.28072916640625 0 0.27734375 0
0 0.34088541640625 0 0.283692846875 0.12864634531250002 0.228144171875 0.2536355375 0.1811733125 0.35588502578125 0.14730316953125 0.42973187890625003 0.10081160546875001 0.5308452625 0.04425485703125 0.6518404906249999 0 0.74490740703125 0 0.752777778125 0.060710633593749994 0.6240059078125 0.1434688140625 0.4462054078125 0.21009074609375 0.29907975468750003 0.26087758125 0.1868239921875 0.31203908515625 0.07169780390625 0.34348958359375004 0 0.34088541640625 0
0 0.38125 0 0.3666574484375 0.03810226171875 0.32402286171875 0.14093739765625 0.27981770859375 0.24961419765624998 0.21570796484375002 0.39904949218749997 0.1721515484375 0.49737790859375003 0.1203029140625 0.617757328125 0.06646216796875 0.7370483984375 0 0.88240740703125 0 0.89120370390625 0.06646216796875 0.7461372414062499 0.13228527578125 0.5970234039062501 0.18713126875 0.4727958046875 0.25119837734375 0.32571288125 0.313191371875 0.17781055390625 0.384375 0 0.38125 0
0 0.4078125 0 0.347068584375 0.15158964296875 0.30489491171875 0.25401507734375 0.2486633484375 0.38880694843749997 0.182061209375 0.5420353984374999 0.1196638546875 0.68592365390625 0.06390593046875001 0.8111792773437501 0 0.9523148148437499 0 0.9611111109375001 0.01981083828125 0.91768916171875 0.0915452453125 0.75749829609375 0.1597648265625 0.6004317203125 0.2196257375 0.46460176953125 0.27908370234375 0.32448377578125 0.34660766953125 0.16019337890625002 0.4109375 0 0.4078125 0
0 0.51875 0 0.48257743359375 0.10816125859375 0.42749815625 0.26671583125 0.36320058984375 0.44862340234375003 0.3099649703125 0.5936578171875 0.2594948375 0.73049819765625 0.20178297578125 0.8861622359375 0.15677083359375 0.9995370367187499 0.16119791640625 0.9995370367187499 0.23181876250000003 0.8123153828125 0.30696902656249997 0.6096361851562501 0.38601585546875 0.3924942640625 0.465062684375 0.1692068171875 0.52135416640625 0 0.51875 0
0 0.53385416640625 0 0.46644542734375005 0.21058669296875002 0.398691003125 0.41502785937500003 0.34245943984375 0.57767944921875 0.26226032421875 0.80506391328125 0.19166666640625002 0.9995370367187499 0.19348958359375 0.9995370367187499 0.234375 0.88905276953125 0.29798119453125 0.7120616195312499 0.35974373125 0.53670927578125 0.42473266953125 0.34414945937499997 0.49110435078125 0.14462471328124998 0.53619791640625 0 0.53385416640625 0
0 0.74088541640625 0 0.7248263890625 0.0817901234375 0.68055555546875 0.3209876546875 0.65104166640625 0.46990740703125 0.6154513890625 0.66049382734375 0.578559028125 0.8572530867187499 0.5515625 0.9995370367187499 0.55598958359375 0.9995370367187499 0.57942708359375 0.8788580250000001 0.62239583359375 0.648919753125 0.6584201390625 0.45601851875 0.69053819453125 0.29166666640625 0.71788194453125 0.13888888906250002 0.74479166640625 0 0.74088541640625 0
0 0.88932291640625 0 0.8806423609375 0.060956789843750005 0.8546006945312501 0.24845678984375003 0.8263888890625 0.446759259375 0.8016493054687499 0.6296296296875 0.7712673609375 0.8464506171874999 0.7502604164062501 0.9995370367187499 0.75390625 0.9995370367187499 0.77039930546875 0.8819444445312501 0.7986111109375 0.68441358046875 0.8272569445312501 0.4660493828125 0.870659721875 0.15586419765624998 0.89322916640625 0 0.88932291640625 0
0 0.43255208359374997 0 0.38924225625000003 0.1212717140625 0.34038532421875 0.25565388359374996 0.29590707968749996 0.37282858046875 0.24013643046875002 0.5199115046875 0.18851401171874999 0.6526548671875 0.1389657078125 0.7780235984375 0.08987831874999999 0.89970501484375 0.04973958359375 0.9995370367187499 0.053645833593750004 0.9995370367187499 0.07167219765625 0.9541953460937499 0.1315910765625 0.80506391328125 0.1795261796875 0.68420190078125 0.23045722734375002 0.55473615234375 0.2892238203125 0.40068829921875004 0.3468381265625 0.24623074374999998 0.39477323046875 0.114306784375 0.43567708359374996 0 0.43255208359374997 0
0 0.459375 0 0.4196626109375 0.11348738124999999 0.37794985234375 0.22943297265624998 0.3376198375 0.34087184531250003 0.27885324453125004 0.49246148828124997 0.20372418906249998 0.6915765320312499 0.15002765468749998 0.8284169125 0.10670169609374999 0.93739757421875 0.08151041640625 0.9995370367187499 0.08489583359375 0.9995370367187499 0.10117072265625 0.960340871875 0.13412610625000002 0.8767617171875 0.18874446875 0.7374631265625 0.274935471875 0.51417568046875 0.3579000734375 0.30563749609375 0.41666666640625005 0.13069485390625 0.4625 0 0.459375 0
0 0.06660213828125 0.99844313359375 0.09540929218750001 0.9341199609374999 0.1311301625 0.8489019992187499 0.1493362828125 0.8067027203125001 0.17146017734375002 0.75630940703125 0.22100848046875 0.63995411328125 0.24151917421875 0.58915109765625 0.26848266953125 0.52318911796875 0.30950405625 0.42527040312500003 0.34222898203124996 0.3453785640625 0.38716814140625 0.23230088515624997 0.4072179203125 0.1802687640625 0.43049410000000005 0.12004260859375 0.45837942500000006 0.04875450703125 0.47589417421875 0.00122910546875 0.47335914453125005 0.00163880703125 0.45791851015624996 0.0409701734375 0.43648598828124996 0.099557521875 0.41874078203125 0.14462471328124998 0.389933628125 0.21796132421875 0.3438421828125 0.33185840703124997 0.32148783203125003 0.39003605390625 0.29198930703125 0.46378236640625004 0.26133849531250003 0.5346607671875 0.23829277265624998 0.5907899046875 0.2110988203125 0.6555227796875001 0.19104904140625 0.7005899703125 0.17122971953125 0.7485250734375 0.145188053125 0.8083415273437501 0.11246312656249999 0.8861848578125 0.08411688828125 0.9500983281250001 0.06291482265625001 0.99803343203125 0.06660213828125 0.99844313359375