0 0 0.18055555546875 0.0165939921875 0.17657192109375 0.05305232578125 0.16925064609375 0.08854166640625 0.1614987078125 0.12863372109375 0.1537467703125 0.1814437984375 0.14298018984375 0.23691860468749998 0.13178294609375002 0.30922965078125003 0.11670973281250001 0.3103197671875 0.11498708046874999 0.26865310078125 0.12360034453124999 0.21426841093750001 0.13479758828125 0.14874031015625 0.14857881171875 0.11046511640625001 0.15611541796875 0.07255329453125 0.16365202421875 0.03548934140625 0.17140396171875 0 0.1782945734375 0 0.18055555546875
0 0.3912306203125 0.0996985359375 0.44113372109375 0.08914728671875 0.44077034921875 0.08742463359375 0.4052810078125 0.09539190390624999 0.36107073671875 0.10422049921875001 0.3296996125 0.11132644296875001 0.32994186015625 0.11261843203125 0.3912306203125 0.0996985359375
0 0.4528827515625 0.08742463359375 0.47589631796875 0.08763996562500001 0.51332364375 0.08763996562500001 0.5673449609375 0.08742463359375 0.59738372109375 0.08699397109375 0.6400193796875 0.08699397109375 0.68701550390625 0.0867786390625 0.75654069765625 0.0859173125 0.81068313984375 0.08527131796875001 0.8743943796875 0.08462532265625 0.9293846898437501 0.08333333359375 0.9697189921874999 0.08268733828125 0.99927325546875 0.082256675 0.999636628125 0.0809646859375 0.9515503875 0.08161068046875 0.90261627890625 0.08268733828125 0.84520348828125 0.083763996875 0.782461240625 0.08440999140625 0.72722868203125 0.0850559859375 0.66254845 0.08548664921875 0.6183381781249999 0.08570198125 0.578488371875 0.08613264453125 0.5392441859375 0.08613264453125 0.49479166640625005 0.0865633078125 0.45227713203125 0.0865633078125 0.4528827515625 0.08742463359375
0 0.9698401164062499 0.24763135234375003 0.9318071703124999 0.24763135234375003 0.8914728679687499 0.24763135234375003 0.84641472890625 0.24741602031249998 0.79517926328125 0.24720068906249998 0.7416424421875 0.24677002578125 0.69561531015625 0.24590869921874997 0.65394864375 0.2454780359375 0.60828488359375 0.24483204140625 0.56492248046875 0.24375538359374999 0.5203488375 0.24310938828125 0.46790213203125 0.24160206718750002 0.46826550390625005 0.2435400515625 0.49854651171875003 0.2435400515625 0.53984980625 0.24483204140625 0.58175872109375 0.24569336796875 0.6265746125 0.24655469453125 0.67260174453125 0.24720068906249998 0.713662790625 0.24741602031249998 0.765261628125 0.248277346875 0.81419573671875 0.24870801015625 0.8654312015625001 0.24892334218749998 0.9095203492187499 0.24892334218749998 0.9437984500000001 0.24892334218749998 0.9993943796875 0.24892334218749998 0.9997395835937499 0.24768518515625 0.9698401164062499 0.24763135234375003
1 0.49321705390625 0.9748062015625001 0.49345930234375 0.9702842374999999 0.49285368203125 0.874892334375 0.49067344999999996 0.7844530578125 0.48958333359374995 0.74224806171875 0.48861434140625004 0.71490094765625 0.48861434140625004 0.703273040625 0.48825096874999996 0.6559000859374999 0.4865552328125 0.6522394484375 0.48825096874999996 0.6524547804687499 0.487887596875 0.505813953125 0.46765988359375 0.25043066328124997 0.46572189921874996 0.22416020703125 0.4568798453125 0.17592592578125 0.45506298437500003 0.139750215625 0.45603197656249994 0.1408268734375 0.4517926359375 0.0809646859375 0.4493701546875 0.08333333359375 0.44888565859374996 0.0738587421875 0.44379844999999996 0.0745047375 0.44440406953125 0.080318690625 0.44161821718749994 0.08139534921875 0.44404069765625 0.143841515625 0.44113372109375 0.23169681328124997 0.45990794609375 0.52110249765625 0.46354166640625005 0.5473729546875 0.4662063953125 0.60809646875 0.4674176359375 0.61498708046875 0.47262596874999996 0.71963824296875 0.47880329453125 0.8031869078125 0.48328488359375 0.9065460812499999 0.48825096874999996 0.9735142117187501 0.49055232578124996 0.97717484921875 0.49212693828125 0.97631352265625 0.49321705390625 0.9748062015625001
0 0.56782945703125 0.360249784375 0.63880813984375 0.356158484375 0.76283914765625 0.34862187734375 0.76296027109375 0.34732988828125 0.7337693796875 0.34926787265625003 0.6623062015625 0.3533591734375 0.53779069765625 0.3611111109375 0.4771075578125 0.36434108515624997 0.47722868203125 0.36584840625 0.56782945703125 0.360249784375
0 0 0.46481481484375 0.02434593046875 0.4597329890625 0.1443798453125 0.43475452187499997 0.23243701562500002 0.41602067187499997 0.35089631796875 0.3910422046875 0.44949127890625 0.3701550390625 0.44949127890625 0.36886304921875 0.312863371875 0.39771748515625 0.1890746125 0.42377261015625 0.09702034921875 0.4431524546875 0 0.46339362656249994 0 0.46481481484375
0 0.00024224843750000002 0.565460809375 0.12403100781250001 0.53509905234375 0.22940891484375 0.5086132640625001 0.310562015625 0.48901808750000003 0.3485949609375 0.47889750234374995 0.45482073671874995 0.4524117140625 0.45506298437500003 0.45004306640624997 0.383963178125 0.468346253125 0.28718507734375 0.49224806171875 0.09653585234374999 0.53962101640625 0.00012112421875000001 0.5626614984375 0.00024224843750000002 0.565460809375
0 0.0006056203125 0.35422049921875 0.11967054296874999 0.3255813953125 0.24406492265625 0.29521963828125003 0.37645348828124997 0.26248923359375 0.44161821718749994 0.2454780359375 0.44161821718749994 0.24418604687499998 0.3591327515625 0.26528854453125 0.22674418593749998 0.2978036171875 0.08975290703125 0.3309646859375 0.00024224843750000002 0.35228251484375 0.0006056203125 0.35422049921875
0 0.625 0.7125323 0.797238371875 0.6970284234374999 0.8989825578125 0.6873385015625 0.999636628125 0.6780792421874999 0.9997395835937499 0.6763888890625 0.9267199609375 0.6828165375 0.82982073671875 0.6925064601562501 0.6775678296875001 0.70650301484375 0.55208333359375 0.7172695953125 0.48946220937499996 0.72243755390625 0.48970445703125 0.7252368648437499 0.625 0.7125323
0 0.80402131796875 0.4401378125 0.999636628125 0.43324720078125 0.99951550390625 0.43173987968749994 0.89323988359375 0.43552812109375 0.7478137859375 0.44048163359375003 0.74738511640625 0.4420057921875 0.80402131796875 0.4401378125
0 0.420663759375 0.73944875078125 0.3376937984375 0.7603359171874999 0.20591085234375 0.79328165390625 0.08272771328125 0.82342807890625 0.00024224843750000002 0.84366925078125 0.00024224843750000002 0.8460378984375 0.1297238375 0.81395348828125 0.2451550390625 0.785314384375 0.3743943796875 0.75322997421875 0.47311046484375 0.72803617578125 0.47262596874999996 0.72545219609375 0.420663759375 0.73944875078125
3 0.7810356656249999 0.33893461328124996 0.7935742453125 0.340458771875 0.7963605968749999 0.33798201484375 0.78221450625 0.33512421875 0.7820001710937501 0.33702941640625 0.7799639914062501 0.33702941640625 0.7761059671874999 0.3195016 0.7770704734375 0.31683432421875 0.77782064453125 0.31835848203125 0.77878515078125 0.32083523828125 0.7803926609375 0.32045419921875 0.78157150234375 0.31873952109375 0.78178583671875 0.31702484375 0.78275034296875 0.31683432421875 0.7843578531250001 0.323693034375 0.78553669375 0.3215973171875 0.7883230453125 0.3196921203125 0.7875728734375 0.3181679625 0.7910022289062499 0.31626276484375004 0.79775377265625 0.31702484375 0.79721793515625 0.31550068593749997 0.7963605968749999 0.31378600859375 0.7916452328125 0.30330742265625 0.7919667351562499 0.30025910703125 0.79325274375 0.30083066640625 0.79421725 0.30349794218750004 0.79700360078125 0.3040695015625 0.79818244140625 0.30387898203125 0.79807527421875 0.3015927453125 0.8012902953125 0.30235482421875004 0.8017189640625 0.29968754765625 0.80504115234375 0.29968754765625 0.80621999296875 0.29702027109375 0.8031121398437501 0.29702027109375 0.80011145390625 0.29702027109375 0.79893261328125 0.29663923203125 0.797325103125 0.29549611328125003 0.79582476015625 0.2937814359375 0.7962534296875 0.28882792265625 0.79389574765625 0.28939948203125 0.79271690703125 0.29149519921875 0.790359225 0.28920896171875 0.78789437578125 0.28349336953125 0.78671553515625 0.27892089609375004 0.78864454765625 0.27625361953125 0.790359225 0.27377686328125 0.7921810703125 0.26806127109375 0.7861796984375 0.26710867265625 0.7842506859375 0.26958542890625 0.7830718453125 0.26615607343750003 0.7792138203125 0.265775034375 0.77653463671875 0.26710867265625 0.76924725625 0.274157903125 0.7691400890625 0.27491998203125 0.7705332648437501 0.27739673828125 0.7722479421874999 0.276634659375 0.77267661171875 0.281397653125 0.77267661171875 0.2829218109375 0.7739626203125 0.28311233046875 0.77578446484375 0.28730376484375003 0.7743912890625 0.28959000156250003 0.77760631015625 0.29778235 0.774284121875 0.31054717265625 0.77342678359375 0.30940405390625003 0.7714977710937501 0.3088324953125 0.77074759921875 0.31073769218749997 0.77246227734375 0.31702484375 0.77064043203125 0.32083523828125 0.768068415625 0.3088324953125 0.7660322359375 0.30902301484375 0.76592506875 0.31054717265625 0.76978309296875 0.32693187031250004 0.7617455421875 0.35455723203125 0.7355967078125001 0.47267946953125 0.7399905695312501 0.47325102890625 0.7705332648437501 0.332075903125 0.7710691015625 0.334552659375 0.772140775 0.33855357421875 0.7810356656249999 0.33893461328124996
0 0.62135631015625 0.4444825484375 0.48343192734375 0.44676878515625 0.48364626171875 0.449055021875 0.57859653671875 0.44695930468749995 0.7418124140625 0.44238683125 0.74213391640625 0.44048163359375003 0.62135631015625 0.4444825484375
0 0.82851080234375 0.3438881265625 0.93792866953125 0.33702941640625 0.9996570648437499 0.33283798203125003 0.9994427296874999 0.33150434375 0.9141375171874999 0.33741045546875 0.76742541171875 0.34693644296875 0.7672110765625 0.34827008046875 0.82851080234375 0.3438881265625
0 0.7710691015625 0.34960371874999996 0.9019204390625 0.3480795609375 0.9996570648437499 0.34465020546875 0.999203746875 0.34389955781250003 0.8781292867187499 0.347698521875 0.8199374140625 0.34827008046875 0.76860425234375 0.3486511203125 0.7710691015625 0.34960371874999996
0 0.89731224296875 0.33436213984375 0.9496099109375 0.33074226484375 0.9996570648437499 0.32712238984374997 0.9995498968750001 0.3257887515625 0.92496141953125 0.33169486328125003 0.858196159375 0.33512421875 0.7974322703125 0.33741045546875 0.79721793515625 0.3383630546875 0.89731224296875 0.33436213984375
0 0.79850394375 0.3179774421875 0.8817729765625 0.31664380468750003 0.9997395835937499 0.3106481484375 0.9996570648437499 0.30959457421875 0.9235682445312501 0.31378600859375 0.8625900203124999 0.3160722453125 0.7986111109375 0.31683432421875 0.79850394375 0.3179774421875
0 0.92603309296875 0.27491998203125 0.8875600140625 0.27777777812500004 0.8406207132812501 0.27892089609375004 0.79603909453125 0.27834933671875 0.7949674210937501 0.2793019359375 0.8282964679687501 0.28044505390625 0.87094907421875 0.2793019359375 0.9132801781250001 0.27701569843749996 0.96911436875 0.27263374453125 0.9997395835937499 0.26898148125 0.9992283953125 0.26806127109375 0.96343449921875 0.27225270546874997 0.92603309296875 0.27491998203125
0 0.79068072734375 0.2739673828125 0.8347265085937501 0.272443225 0.88745284609375 0.2684423109375 0.9306412890625 0.26501295546875003 0.9997395835937499 0.25740740703125 0.9997395835937499 0.25555555546875 0.9645061726562499 0.25967840234375 0.9121013375 0.26558451484375 0.88284465 0.2678707515625 0.8628043554687499 0.26920438984375 0.79914694765625 0.27301478437500004 0.79132373125 0.27263374453125 0.79068072734375 0.2739673828125
0 0.7951958109375 0.30965391640625 0.8874089250000001 0.2997874921875 0.9997395835937499 0.29305555546875 0.99926001796875 0.283343453125 0.94959585625 0.29017405390625 0.89352800546875 0.29801659609375003 0.8700478140625 0.29902853671875 0.83987932578125 0.2997874921875 0.8061532328125001 0.30004047734375 0.79448428984375 0.30763003437499997 0.7951958109375 0.30965391640625