1 0.447424540625 0.05723242890625 0.43255208359374997 0 0.33649114140625 0.00072907578125 0.30677083359375 0 0.31094061875 0.09286981562499999 0.32357160703125 0.0853847859375 0.3362860890625 0.13414989765625002 0.35310039375 0.1986730828125 0.34992515 0.21235307187500002 0.35756611796875004 0.24284763828124997 0.3555610234375 0.2500729078125 0.36099675625 0.27583721484375 0.36411551875 0.28359946796875 0.39202844296875 0.16716566875 0.45767839296875 0.1092259921875 0.45892589843750003 0.1710467953125 0.47030938125 0.162452871875 0.47904191640624993 0.19710578828125 0.48023293984375004 0.1902887140625 0.47966566874999994 0.18962075859375 0.44680938281250004 0.0583260421875 0.447424540625 0.05723242890625
0 0.2265625 0.9995370367187499 0.23673268203125 0.9899405578125 0.29632394765625 0.9324042468749999 0.3519375859375 0.8784865109375 0.41366598046874997 0.81866331328125 0.560851034375 0.67514262734375 0.6393984640625 0.5990077109375 0.63882009609375 0.59724287109375 0.5494675515624999 0.6851226671874999 0.47274599453125 0.7594185203125 0.4084994875 0.82179376953125 0.32663197265625 0.901356865625 0.22480437812499998 0.9997711484374999 0.2265625 0.9995370367187499
0 0.23958333359375 0.9995370367187499 0.27339306015625 0.9671659710937501 0.30352317968750003 0.9380925296875 0.34351891328125 0.89906459375 0.37436006796875 0.8688850968749999 0.42617676328125 0.818480596875 0.48901450546875 0.7576475796875 0.5377204210937501 0.7099292125 0.6149566265625 0.63440146640625 0.64170932890625 0.608804196875 0.64064277578125 0.6069081023437499 0.58989263359375 0.65762861875 0.51283418671875 0.7322083171875 0.43666453359375 0.8066300085937501 0.38546999453124997 0.8564024773437501 0.3039675765625 0.93588041953125 0.238463453125 0.9993995703125 0.23958333359375 0.9995370367187499
0 0.64428683125 0.6138604476562499 0.59540315703125 0.6622108453125 0.53674274765625 0.7200417140625001 0.43586461875 0.8180065734375 0.3472518484375 0.90459486796875 0.30467861171875 0.9459929210937499 0.25026041640624996 0.9995370367187499 0.251706484375 0.9990835546874999 0.30734499453124997 0.94504487421875 0.36076151875 0.8929022882812501 0.395602246875 0.85924661875 0.43906427734375003 0.81674251015625 0.49096985234375 0.76633801015625 0.57789391328125 0.68132979375 0.6448201078125 0.61607255703125 0.64428683125 0.6138604476562499
0 0.5818046078125 0.7636518773437501 0.47994880546875 0.86493490078125 0.36840514765625 0.9760144101562499 0.34556313984375 0.9992415625 0.34680745156250004 0.9992415625 0.40688993203125 0.9387245609375 0.48937002265625 0.8567184929687499 0.6019802335937501 0.74437492109375 0.68259385703125 0.66363291640625 0.68757110390625 0.65889268125 0.6877488625 0.65731260234375 0.65050838984375 0.69428643671875 0.5818046078125 0.7636518773437501
0 0.6847269625 0.55745164921875 0.751830915625 0.49551257734375 0.85910836171875 0.397863734375 0.95465372578125 0.3096953609375 0.9997155859375001 0.269087346875 0.9997395835937499 0.26759259296875004 0.96407494296875 0.299898875 0.8088914960937499 0.442105928125 0.7369880546875 0.5075211734375 0.6841936859375 0.55650360234375 0.6847269625 0.55745164921875
0 0.6884598976562499 0.56566805703125 0.77751706484375 0.48366198984375003 0.85368671796875 0.41334850234375003 0.94069965859375 0.33387056015625 0.9995378273437501 0.27935785625 0.9996267062499999 0.2782518015625 0.9853171218749999 0.2910504359375 0.89439348671875 0.37479458984375 0.78649388515625 0.47386550390625004 0.7200120875 0.53501453671875 0.68792662109375 0.56424598671875 0.6884598976562499 0.56566805703125
0 0.6914817976562501 0.5727784101562501 0.767207053125 0.5024649218749999 0.8334222125 0.44131588906249997 0.86995164921875 0.40734420390625 0.95758674609375 0.32628618359375 0.9997395835937499 0.28703703671874997 0.99936006796875 0.28615219296875 0.9772290953124999 0.30669321171875 0.8787507109374999 0.39802174218749997 0.84470989765625 0.42930729375 0.7497866890625 0.5171596507812499 0.6905930031249999 0.5719883703125 0.6914817976562501 0.5727784101562501
0 0.8216012515625 0.5286942234375 0.737343571875 0.6086461890625 0.73769908984375 0.6099102515625 0.84630972734375 0.50641511796875 0.9554536406249999 0.40260396953125 0.9976713593750001 0.3621539625 0.9997395835937499 0.36018518515625 0.9997395835937499 0.35879629609374997 0.9392775882812501 0.41666666640625005 0.8216012515625 0.5286942234375
0 0.8111134812499999 0.8687270890625 0.74774246328125 0.93730248984375 0.7484534984375 0.938566553125 0.796181740625 0.8867399820312499 0.87910622890625 0.7977815703125 0.977762371875 0.6923903421875 0.9936717859374999 0.67564151171875 0.9997155859375001 0.669163190625 0.9997155859375001 0.66742510390625 0.9323449945312501 0.7391606625 0.8111134812499999 0.8687270890625
0 0.90834755390625 0.7725003164062499 0.7927154437499999 0.89669447578125 0.749431171875 0.9429907726562501 0.7497866890625 0.9442548351562501 0.8086248578124999 0.8812097078125 0.8753732937500001 0.8097901656250001 0.9395442265625 0.7416887875 0.9997395835937499 0.6768518515624999 0.9996267062499999 0.67548350390625 0.9603420078125 0.7175135890625 0.90834755390625 0.7725003164062499
0 0.867374146875 0.83317532578125 0.77102886796875 0.937934521875 0.77165102421875 0.9390405765625 0.80133674609375 0.90680697734375 0.8958155578125 0.80473391484375 0.97251848671875 0.7219378078124999 0.9997395835937499 0.69259259296875 0.9995378273437501 0.6912842875 0.94469923203125 0.7505372265625 0.867374146875 0.83317532578125
1 0.7340407757812499 0.64072093515625 0.7252673796875 0.61819172109375 0.7192460320312499 0.62610229296875 0.72089947109375 0.6312463257812501 0.71872214765625 0.64146365625 0.696924603125 0.58568489140625 0.616505125 0.3899286984375 0.612048796875 0.39116656796875 0.6107954546875 0.39686076484375 0.61636586484375 0.41493365000000004 0.6228913632812499 0.47083520781250005 0.6212044531250001 0.47514619921875 0.63175154296875 0.54441015078125 0.63850308671875 0.59327846328125 0.64309988203125 0.606448646875 0.6462396570312501 0.6123588125 0.6455008867187499 0.61629892265625 0.662955465625 0.6539586148437501 0.67745271875 0.6826241132812501 0.67117316796875 0.6534016289062501 0.6571365250000001 0.62516417109375 0.64919473984375 0.6080903601562501 0.6471631203125 0.60973207265625 0.6429234140625 0.59510421328125 0.64387230078125 0.5898560500000001 0.63491059375 0.53062678046875 0.6271086367187501 0.4719598140625 0.6242612296875001 0.4701864984375 0.61742760078125 0.41929340703125 0.62813977578125 0.46657473046875 0.634049940625 0.49349881796875 0.65676713984375 0.5913448906250001 0.67006501171875 0.6481481484375 0.6858341765625 0.716936571875 0.68594858125 0.72465195703125 0.68742612265625 0.7289204101562501 0.6778213562500001 0.7549857546875 0.67523640625 0.75223272890625 0.675790484375 0.75157604375 0.6733894796875 0.74468085078125 0.6678487 0.7496059890625 0.6692813765625 0.7525491078125001 0.6318530703125 0.8069050835937499 0.6000664890625 0.8366167585937501 0.5804890664062501 0.8510638296874999 0.57864213984375 0.8461386921875 0.5749482859375 0.84088521171875 0.5679299648437499 0.843183609375 0.56460549609375 0.8540189125 0.5660830375 0.8664959289062499 0.57106973984375 0.873391121875 0.5755023640625 0.8730627789062501 0.57642582734375 0.8717494085937499 0.586517375 0.90118458515625 0.6067602898437501 0.966224321875 0.61588541640625 0.9995370367187499 0.8234375 0.9995370367187499 0.7453703703125 0.739711934375 0.7340407757812499 0.64072093515625
0 0.1828125 0 0.11109711015624998 0.05451015546875 0 0.14120370390625 0.000363371875 0.1425495265625 0.12294089140625 0.0475882859375 0.18489583359375 0 0.1828125 0