0 0.88385416640625 0 0.8586786984374999 0.06758764140625 0.79712566875 0.2349475140625 0.7382185828125001 0.39488017421875 0.6967190289062499 0.508021390625 0.6578654187499999 0.61348781953125 0.647095959375 0.64066591875 0.64893728984375 0.64206883671875 0.681261140625 0.55307981796875 0.77609737109375 0.29461279453125 0.839460784375 0.1230441671875 0.88489583359375 0 0.88385416640625 0
0 0.87838541640625 0 0.8663380125 0.032184590624999995 0.8220532531250001 0.15176272500000001 0.75771501796875 0.325807090625 0.70674576640625 0.4646959796875 0.6582832 0.59541493359375 0.6442024414062499 0.6331836890625 0.646569865625 0.63458660703125 0.67012032109375 0.56595365390625 0.7606394828124999 0.3203604671875 0.8260918 0.14408793828125 0.87914995546875 0.0002475734375 0.87838541640625 0
0 0.87317708359375 0 0.861881684375 0.030946721875 0.82121769140625 0.14037433125 0.74128230859375 0.35625866484375 0.68112188046875 0.5191622101562501 0.64700311953125 0.61125965546875 0.640782828125 0.62476618046875 0.641432709375 0.63081798359375 0.6829322640625 0.5164388984375 0.75952540078125 0.3089720734375 0.8233065953125 0.1376510203125 0.874263065625 0.0000885203125 0.87317708359375 0
0 0.82734375 0 0.8138368984375 0.035898197656250005 0.77261586484375 0.14532580703125 0.685160428125 0.3760645671875 0.63279857421875 0.51495345625 0.62040441171875 0.54788076875 0.62165775390625 0.54763319453125 0.62889928671875 0.52757971875 0.70145387734375 0.33546246796875 0.76941287890625 0.156219053125 0.82818070390625 0.0002475734375 0.82734375 0
0 0.68203125 0 0.6247214796875 0.142354921875 0.5541165328125001 0.31738958203125 0.50718582890625 0.43374925703124995 0.507603609375 0.43473955234375 0.51985851171875 0.40404040390624996 0.61998663125 0.156219053125 0.68265374296875 0.00049514765625 0.68203125 0
0 0.67864583359375 0 0.67012032109375 0.0217864921875 0.579183378125 0.24658348203124997 0.5357341796874999 0.35353535390625 0.5053754453125 0.429540503125 0.5057932265625 0.43028322421875 0.5577372992187499 0.3020400078125 0.6167836453125 0.15572390546874998 0.6794507578125 0 0.67864583359375 0
0 0.67109375 0 0.64324309296875 0.06981580546875 0.58948863671875 0.2027629234375 0.51860516953125 0.3773024359375 0.50008355625 0.42211328984375 0.5007798570312499 0.42310358515625 0.52038519765625 0.37497344374999997 0.6084280304687499 0.1572093484375 0.6722092242187501 0.0002475734375 0.67109375 0
0 0 0.38148148125 0.1416276734375 0.151267578125 0.22942708359375003 0 0.22755124765625 0.0002475734375 0.17184714765625 0.0958110515625 0.08035316406250001 0.24905921953125 0 0.37870370390625 0 0.38148148125
0 0 0.38796296328125 0.008564371875 0.37391119609375 0.077567959375 0.26143790859375 0.14719808359375 0.14507823359375 0.23075423359374997 0.00049514765625 0.2296875 0 0.18145610546875 0.0831847890625 0.12672682734375001 0.17726282421875 0.05069073046875 0.30278272890625 0 0.384722221875 0 0.38796296328125
0 0.25286458359375 0 0.19092580234375 0.10769459296874999 0.14538770078125002 0.18617548046875002 0.06990864531249999 0.31243810625 0 0.427731746875 0.00004979296875 0.43003328359375 0.0857843140625 0.28891859765625 0.1455269609375 0.1888987921875 0.1977495546875 0.09853436328125001 0.25390625 0 0.25286458359375 0
0 0 0.43194444453124997 0.00039834296874999997 0.43383967109375005 0.0240920234375 0.39611804296875 0.06823752265625001 0.32481679531249996 0.21070075781250003 0.085412953125 0.25860628359375004 0.00049514765625 0.257770721875 0.00049514765625 0.23089349375 0.04753416484375 0.15987076640625 0.1695880375 0.0689338234375 0.3203604671875 0 0.43194444453124997
0 0.26822916640625 0 0.20443404609375002 0.11338878984375 0.14176693437500001 0.223311546875 0.10416666640625001 0.28792830234375 0.014343805468750002 0.43919588046875 0.00181038359375 0.46073479921875 0.0022281640625000003 0.46197266796875003 0.02130681796875 0.43028322421875 0.04915886796875 0.38299663281249996 0.096089571875 0.3040205984375 0.14510917968749998 0.21984551406250002 0.20262366328125 0.11933056015625002 0.26953125 0 0.26822916640625 0
0 0.27864583359375 0 0.20986519609375 0.12155872421875 0.13536096250000001 0.25054466249999996 0.0905191625 0.32654981171875 0.00174275 0.4732313578125 0.0018921289062499998 0.4745591671875 0.035372103125 0.42013269921875 0.089126559375 0.33100613984375 0.15903520468750001 0.21118043203124998 0.20916889453124998 0.12576747890625 0.2796875 0 0.27864583359375 0
0 0.028730481250000002 0.46765455703125003 0.07130124765625 0.39587046953125 0.12059937578124999 0.31268568046875 0.17950646171875 0.2116755796875 0.23632464375 0.11116062578125001 0.29870737734374997 0.00017704140625000002 0.297599153125 0 0.2861798125 0.0205486234375 0.21710672890625 0.1438403640625 0.174214571875 0.21885521875 0.11266154218749999 0.3235789265625 0.028282345312500002 0.46676935078125004 0.028730481250000002 0.46765455703125003
0 0.0509692515625 0.47781738984375 0.08968360078125 0.4124579125 0.1910650625 0.23890869453125002 0.27852049921875 0.08367993671875 0.32405860078125 0.00049514765625 0.32364082031249997 0 0.30595476796875 0.032184590624999995 0.248301025 0.1356704296875 0.195521390625 0.22925331718750003 0.12575200546875 0.3495741734375 0.049298128125 0.4783125375 0.0509692515625 0.47781738984375
0 0.05737522265625 0.51544860390625 0.00004979296875 0.59946179453125 0.00004979296875 0.600878125 0.05780951250000001 0.51616386953125 0.05737522265625 0.51544860390625
0 0 0.55509259296875 0.038435828906250004 0.4981184390625 0.0376002671875 0.49712814453125 0 0.553240740625 0 0.55509259296875
0 0 0.5837051203125 0.014091379687499999 0.5621060828125 0.042572896875 0.51828836484375 0.042335115625 0.51767676796875 0.04191733515625 0.51742919375 0.00013926015625 0.5822935234375 0 0.5837051203125
0 0.00013926015625 0.5892255890625 0 0.590740740625 0.041676625 0.52740599140625 0.041178696875 0.526786346875 0.00013926015625 0.5892255890625
0 0.058907085937500006 0.49291938984375 0.07380793203125 0.46543870078125 0.16613747734375 0.29906912265624996 0.21863859218749998 0.201772628125 0.277127896875 0.09184987109375001 0.32419786093749997 0.0034660328125 0.3232230390625 0.0034660328125 0.2992702765625 0.048772034375 0.23047571328125 0.17825311953125 0.19190062421875 0.24955436718750001 0.10249554375 0.4122103390625 0.0572359625 0.4936621109375 0.058907085937500006 0.49291938984375
0 0.11280080234375 0.42582689609375 0.193571746875 0.28718558125000004 0.26403743281250003 0.16018023359375 0.26306261171875 0.1594375125 0.19440730859375 0.28272925312499997 0.14222051093750002 0.3723265515625 0.06627429921875 0.5011153601562499 0.06642367734375 0.5012924015625 0.066722434375 0.50270873203125 0.11280080234375 0.42582689609375
0 0.04088541640625 0.9995370367187499 0.10068516015625 0.8615567437499999 0.15959224609375 0.725638740625 0.2189171125 0.5884828679687499 0.30275178281250004 0.3956228953125 0.3321356953125 0.327044959375 0.33130013359375 0.3260546640625 0.32294451875 0.3463557140625 0.27072192500000003 0.466181421875 0.1774175578125 0.68305605078125 0.10681261171875 0.8442265796875 0.03984375 0.9995370367187499 0.04088541640625 0.9995370367187499
0 0.051822916406249996 0.9995370367187499 0.0888480390625 0.9147851062499999 0.11864973281249999 0.8462071695312501 0.1499832890625 0.7739156265625 0.17337901093750002 0.719201821875 0.20262366328125 0.6518617546875001 0.26556929609375 0.5060408 0.34717580234375 0.31763715625 0.34536541875000004 0.31590413906250003 0.32300629375 0.3685999578125 0.26111296796875 0.51223014453125 0.2027629234375 0.6466627054687499 0.14664104296875 0.777381659375 0.09497548984375001 0.89646464609375 0.05052083359375 0.9995370367187499 0.051822916406249996 0.9995370367187499
0 0 0.9379629632812501 0.02423128359375 0.8855714000000001 0.045816621875000005 0.83828480859375 0.08717691640625 0.74767280625 0.10695187187499999 0.7043473953125 0.18605169375 0.530798178125 0.26027740625 0.36814220625 0.311942959375 0.25574371171875 0.31138591796875004 0.25450584296875 0.24022393046874999 0.40973460078125 0.195521390625 0.5082689640625 0.11864973281249999 0.67637155859375 0.053197415625 0.8199643492187499 0.00013926015625 0.9348385820312499 0 0.9379629632812501
0 0.26510416640625 0.9995370367187499 0.27629233515624996 0.9719746484374999 0.3331105171875 0.83358090703125 0.3864471921875 0.70236680546875 0.4197303921875 0.62041988515625 0.41945187187500005 0.61942958984375 0.40315842265625 0.6592889679687499 0.351353609375 0.78703703671875 0.31068961640625 0.88482867890625 0.2640625 0.9995370367187499 0.26510416640625 0.9995370367187499
0 0.44401041640625005 0.9995370367187499 0.47432041015625004 0.922955040625 0.51219919765625 0.82615369375 0.5549520945312499 0.71722123203125 0.5886994953125 0.6331836890625 0.5865951179687501 0.6317807703125 0.55021724609375 0.7263814617187501 0.4924242421875 0.87467815390625 0.44312611406249997 0.9992077640625 0.44401041640625005 0.9995370367187499
0 0.49895833359374997 0.9995370367187499 0.5131652328125 0.9634586789062499 0.54381127421875 0.8838383835937501 0.5832219249999999 0.7818379875 0.60898507109375 0.714250346875 0.6088458109375 0.7120221828125 0.5950590460937499 0.749653396875 0.5459001781249999 0.8761635968749999 0.49791666640625004 0.9995370367187499 0.49895833359374997 0.9995370367187499
0 0.50494791640625 0.9995370367187499 0.543950534375 0.8991879578124999 0.58726047265625 0.78703703671875 0.62110071328125 0.6998910671874999 0.62068293203125 0.69766290390625 0.59770499140625 0.7575757578125 0.549799465625 0.8818577937500001 0.50426136328125 0.9994553375 0.50494791640625 0.9995370367187499
0 0.5114583335937499 0.9995370367187499 0.5411653296875001 0.922955040625 0.59074197890625 0.795206971875 0.6262533421875001 0.70236680546875 0.6256963015625 0.7006337890625 0.60592134609375 0.75287185546875 0.5690173796875 0.84818776015625 0.5386586453125 0.9276589421875 0.51015625 0.9995370367187499 0.5114583335937499 0.9995370367187499
0 0.34101745859375 0.00016301484375 0.31653462421875 0.04694835703125 0.28013130859375 0.11411058984375 0.26637690703125 0.13921491953125 0.258736559375 0.15344982109375 0.24844590078125 0.171744325 0.21085349453125 0.23932198359374998 0.16066028203125 0.3274342890625 0.11819615624999999 0.40183228984374997 0.1190214203125 0.40346244140625 0.2165238578125 0.232601553125 0.26426789921875 0.14622456953125001 0.34266798671875 0.00016301484375 0.34101745859375 0.00016301484375
0 0.48359375 0 0.44625946953125 0.0869809203125 0.3763366515625 0.2450016390625 0.3777193953125 0.24623074374999998 0.39733270234375 0.20202020234375 0.43876262656250004 0.10732323203125001 0.4859375 0 0.48359375 0
0 0.47428097343750003 0 0.4558443953125 0.04301868203125 0.404682890625 0.15937397578125 0.370805678125 0.23516879687499997 0.37185968125 0.23692810468749997 0.39523414453125 0.1839560796875 0.44455199140625 0.0725172078125 0.47589417421875 0 0.47428097343750003 0
0 0.34811580859375 0.17565359453125 0.42509191171875005 0.00170206953125 0.42394301484375 0.00170206953125 0.34734987734375 0.1749727671875 0.34811580859375 0.17565359453125
3 0.08015046328125 0.5149176953125 0.03964120390625 0.480452675 0.017071759375000002 0.45781892968750004 0.021990740624999998 0.4480452671875 0.02112268515625 0.4459876546875 0.015335648437499998 0.45627572031249997 0.00983796328125 0.45524691328125 0.0031828703125000002 0.4372427984375 0 0.4377572015625 0.00491898125 0.451646090625 0 0.44855967109375 0.0002893515625 0.45781892968750004 0.049768518750000004 0.5005144031250001 0.098090278125 0.54012345703125 0.11776620390625 0.5524691359375 0.11834490703125 0.54578189296875 0.08015046328125 0.5149176953125
0 0.30566077421875 0.921717171875 0.3456439390625 0.8244481859375 0.381155303125 0.73653198671875 0.41508838359375 0.6518892632812501 0.41403619531249997 0.6518892632812501 0.36458333359375 0.7725402171875 0.33038720546875 0.8557800226562501 0.30539772734375 0.91517022109375 0.30566077421875 0.921717171875
0 0.30539772734375 0.93060231953125 0.34090909062499997 0.84642723515625 0.3922032828125 0.718761690625 0.41640361953125 0.65750093515625 0.41482533671875005 0.65750093515625 0.40377735703125 0.68509165703125 0.3606376265625 0.7921810703125 0.32749368671875 0.8730826789062499 0.30513468046875 0.92779648359375 0.30539772734375 0.93060231953125
1 0.53240740703125 0.6841563789062499 0.56134259296875 0.6099353320312499 0.56671626953125 0.6099353320312499 0.59110449765625 0.63639035859375 0.6167328039062501 0.68930041171875 0.6274801585937501 0.70105820078125 0.68121693125 0.75396825390625 0.71965939140625 0.7921810703125 0.7262731484375 0.77968841875 0.66674933828125 0.67313345078125 0.612185846875 0.57686654921875 0.6159060843749999 0.5651087593749999 0.60557208984375 0.5474720750000001 0.5629960320312499 0.5129335687500001 0.5257936507812501 0.46075837734374997 0.46792328046875 0.38212816015625 0.39434523828125 0.27777777812500004 0.35259589921875 0.20135214609375002 0.34019510546875 0.185920046875 0.33192791015625 0.20796590234374998 0.26455026484375 0.14476778359375 0.26124338593749996 0.151381540625 0.26579034375 0.1601998828125 0.31911375625 0.2652851265625 0.34102182578125 0.30790711328125 0.35714285703125 0.31599059375 0.37078373046875 0.33656672578125 0.39310515859375 0.44238683125 0.42534722187499996 0.58215020546875 0.41898148125 0.61507201640625 0.41203703671875 0.6469650203125 0.46006944453125 0.71486625546875 0.49652777812500004 0.7920267492187499 0.53240740703125 0.6841563789062499