1 0 0.41157407421875 0.039211309374999996 0.44338624375 0.132961309375 0.502910053125 0.17090773828125 0.52275132265625 0.18653273828125 0.52539682578125 0.23861607109375 0.44735449765624996 0.304836309375 0.60079365078125 0.38221726171875 0.77539682578125 0.38221726171875 0.865343915625 0.37924107109375 0.959259259375 0.45662202343749997 0.93148148125 0.529538690625 0.959259259375 0.52284226171875 0.8256613757812501 0.5201099539062499 0.7128772289062499 0.51614583359375 0.6788359789062499 0.5488839289062499 0.5465608468750001 0.5816220234375 0.41164021171875 0.6240327382812499 0.46322751328124995 0.6515625 0.48703703671875004 0.664211309375 0.4857142859375 0.7311755953125 0.43015873046875 0.81376488125 0.3547619046875 0.81450892890625 0.34021163984374997 0.7066220234375 0.3018518515625 0.6128720234375 0.26746031718749996 0.63874421328125 0.17403978046875 0.62254464296875 0.1735449734375 0.57677469140625 0.23533950625000002 0.545163690625 0.28201058203125 0.387249228125 0.29492455390625 0.26316964296875 0.30582010546875 0.210985725 0.2597736625 0.15417588515625 0.20730907890625 0.13221726171874998 0.2105820109375 0.17313988125 0.303174603125 0.07016782421875 0.3613683125 0 0.39994855937499996 0 0.41157407421875
0 0.6876929015625 0.9992283953125 0.6816647375 0.91778120703125 0.67201967578125 0.7814643343750001 0.659722221875 0.6074245539062499 0.65152391953125 0.49382716015624994 0.64983603359375 0.4959705078125 0.664544753125 0.70644718828125 0.67611882734375 0.8693415640625 0.6859375 0.9995370367187499 0.6876929015625 0.9992283953125
0 0.41328125 0 0.41304976875 0.0985939640625 0.4128086421875 0.19633058984375001 0.41304976875 0.29192386796875003 0.4147376546875 0.29063786015625 0.4147376546875 0.15174897109375002 0.41497878125 0.06687242812500001 0.41546103359375 0 0.41328125 0
0 0.13411458359375 0.9995370367187499 0.145879425 0.87020648984375 0.164316003125 0.65593248125 0.176069321875 0.528515240625 0.1742256640625 0.52564732890625 0.1617809734375 0.65716158671875 0.1530235984375 0.7579482140625 0.1419616515625 0.8915109796875 0.13307291640625002 0.9995370367187499 0.13411458359375 0.9995370367187499
0 0.14895833359375 0.9995370367187499 0.165007375 0.8021960015625 0.1779129796875 0.6387250078125 0.18802083359375 0.5293650796875 0.1845962390625 0.528515240625 0.17676069296875002 0.6260242546875 0.1647769171875 0.7722877742187501 0.15555862812500001 0.886594559375 0.14635416640625 0.9995370367187499 0.14895833359375 0.9995370367187499
0 0.22239583359375 0 0.2141203703125 0.087019890625 0.20688657421875 0.160322359375 0.19917052500000001 0.245627571875 0.20072824453125002 0.2495083578125 0.2136381171875 0.11359739375 0.22421875 0 0.22239583359375 0
0 0.0009218289062499999 0.0725172078125 0.0173611109375 0.00042866953125 0.01484375 0 0.00783554609375 0.029498524999999998 0 0.06666666640624999 0.0009218289062499999 0.0725172078125
0 0.00096450625 0.1693244171875 0.013827433593749999 0.11102917109374999 0.028935185156249998 0.04458161875 0.038097993749999996 0.0008573390625 0.036642699218750005 0.00122910546875 0.0217013890625 0.0660150890625 0.00940393515625 0.12131344296874999 0 0.16481481484375 0.00096450625 0.1693244171875
0 0.00096450625 0.22247942421875 0.021942515625 0.13031550078125 0.0378568671875 0.0565843625 0.04967206796875 0.00128600859375 0.047704646093750004 0.00122910546875 0.03917772890625 0.0401507703125 0.0253502953125 0.10488364453125001 0.01181520078125 0.16589506171875 0.00046091484375000003 0.21714192031250001 0.00096450625 0.22247942421875
0 0.0002411265625 0.249485596875 0.026272124218749998 0.12946574921875 0.04217367265625 0.058997049999999995 0.05442708359375 0 0.052324460156249995 0.0017146773437499998 0.04263458671875 0.04875450703125 0.027729552343750002 0.11702674921875 0.01205632734375 0.188614540625 0.00096450625 0.23705418359375 0.0002411265625 0.249485596875
0 0.000482253125 0.30349794218750004 0.013827433593749999 0.24336283203125003 0.034799041406249995 0.14831202890625 0.054848820312500005 0.05449033125 0.06655092578125 0 0.0638366515625 0.0008194031250000001 0.048626475 0.07497541796875 0.03180309765625 0.154047853125 0.01374421328125 0.2344821671875 0 0.29629629609374997 0.000482253125 0.30349794218750004
0 0.003858025 0.39394718828125 0.0142883484375 0.34619796796875 0.030881268750000003 0.2683546375 0.0467828171875 0.19296951796875 0.06389853359375 0.11316872421874999 0.078807740625 0.03918712734375 0.08608217578125 0.00042866953125 0.08415316328125 0.0008573390625 0.06867625390625 0.08275975078125 0.05277470468749999 0.15650606328125 0.036181784375 0.2347590953125 0.01682337734375 0.3261225828125 0.00138274375 0.39659128125 0.003858025 0.39394718828125
0 0.0373746140625 0.37765775 0.05208333359375 0.30154047890625 0.06896219140625 0.2181927296875 0.08728780859375 0.1217421125 0.1017554015625 0.042866940625 0.10995370390625 0.0017146773437499998 0.10706018515625 0 0.09982638906249999 0.03600823046875 0.08642146015624999 0.11512618828125001 0.06968557109375 0.20233196171875 0.04701327421875 0.31792854765625 0.0343381265625 0.38184201875 0.0373746140625 0.37765775
0 0.056692478125 0.36709275625000004 0.078125 0.25032776171875 0.094280478125 0.1581790125 0.10850694453125001 0.07030178359375 0.11983989218749999 0.00128600859375 0.1178214734375 0.0012137609375 0.112847221875 0.03215020546875 0.10561342578124999 0.07758916328125 0.097173996875 0.12902949218749998 0.08711283203125 0.19174041328125 0.07443768437500001 0.26302851562499996 0.06365740703125 0.32021604921875 0.055217978125 0.3660836765625 0.056692478125 0.36709275625000004
0 0.06727430546874999 0.35665294921875 0.08005401250000001 0.28677983515625 0.09476273125 0.20276063125000002 0.10802469140625 0.1208847734375 0.11694366406250001 0.06502288828125 0.12708333359375 0 0.12490781718749999 0.0008194031250000001 0.1152584875 0.06430041171874999 0.10657793203124999 0.11917009609375 0.0959683640625 0.18089849140625 0.08487654296875 0.249485596875 0.0740258484375 0.30949931406250003 0.06510416640625 0.3613683125 0.06727430546874999 0.35665294921875
0 0.421209490625 0.29142661171875 0.421209490625 0.15253772265625 0.4214506171875 0.06766117968749999 0.42076581796875 0.00128600859375 0.41956018515625004 0.0008573390625 0.4195216046875 0.09938271640625 0.41928047812499997 0.19711934140625 0.4195216046875 0.2927126203125 0.421209490625 0.29142661171875
0 0.42623456796875 0.29007201640625 0.42558834843750004 0.152177640625 0.425829475 0.06858710546874999 0.42486496875 0.00128600859375 0.42317708359374995 0 0.42414158984375006 0.09773662578125 0.42430555546875004 0.19576474609375 0.42454668203125 0.29135802499999996 0.42623456796875 0.29007201640625
0 0.621141975 0.17189643359375 0.6230709875 0.170610425 0.61728395078125 0.10931069921875 0.6081211421875 0.0030006859375 0.6057098765625 0.0008573390625 0.61149691328125 0.06215706484375 0.621141975 0.17189643359375
0 0.62383294765625 0.17110768203124999 0.6257619601562501 0.16982167343750001 0.61997492265625 0.10852194765625 0.6108121140625 0.002211934375 0.6084008484375001 0.00006858671875 0.6141878859375 0.0613683125 0.62383294765625 0.17110768203124999
0 0.61614583359375 0 0.6223476078125 0.06644375859375 0.63247492265625 0.17318244140625 0.63416280859375 0.17489711953125 0.628375771875 0.1127400546875 0.61704282421875 0 0.61614583359375 0
0 0.63151041640625 0.27220507578125 0.6271701390625 0.21905006875000002 0.62596450625 0.22290809296875 0.63006365703125 0.27220507578125 0.63151041640625 0.27220507578125
0 0.63536844140625 0.2769204390625 0.629340278125 0.20833333359375 0.6281346453125 0.21176268828125 0.633159721875 0.2747085046875 0.63536844140625 0.2769204390625
0 0.691753471875 0.99744513046875 0.68572530859375 0.9159979421875001 0.676080246875 0.7796810703125 0.66378279296875 0.6056412890625 0.655584490625 0.49204389609375 0.6538966046875 0.49418724296875 0.66860532421875 0.7046639234375001 0.6801793984375 0.86755829921875 0.68999807109375 0.9977537726562501 0.691753471875 0.99744513046875
0 0.70206048984375 1 0.69605516953125 0.9188614539062501 0.6864101078125 0.78254458125 0.6725019289062499 0.6099965703125 0.6638213734375 0.48696845 0.660686728125 0.48996913593749997 0.67804783984375 0.7077331960937501 0.690509259375 0.8704218109375 0.7002813796875 1 0.70206048984375 1
0 0.6194455375000001 0 0.625633928125 0.06630036328125 0.63576124296875 0.17303904609375 0.63744912890625 0.1747537234375 0.63166209140625 0.112596659375 0.62034355859375 0 0.6194455375000001 0
0 0.6436049828125 0.2784527234375 0.63757681875 0.20986561796875 0.63637118671875 0.21329497343749998 0.64182337734375 0.2753195671875 0.6436049828125 0.2784527234375
1 0.99884259296875 0.55643004140625 0.97916666640625 0.5595164609375 0.925347221875 0.60992798359375 0.925347221875 0.62433127578125 0.99768518515625 0.650051440625 0.99884259296875 0.55643004140625
0 0.41041666640625 0.9995370367187499 0.4107638890625 0.95 0.40868055546875004 0.94876543203125 0.40833333359374996 0.99691358046875 0.41041666640625 0.9995370367187499
0 0.4185839609375 1 0.41892361093749997 0.95154321015625 0.416840278125 0.9503086421875 0.41649305546875004 0.9984567898437501 0.41771854609375003 1 0.4185839609375 1
0 0.42526041640625 0.9995370367187499 0.42534722187499996 0.945061728125 0.4236111109375 0.94413580234375 0.42291666640625003 0.9995370367187499 0.42526041640625 0.9995370367187499
0 0.00095274375 0.5482158984375001 0.01492632109375 0.478206865625 0.02477134140625 0.43021680234375 0.02286585390625 0.43078139140625 0.0114329265625 0.4861111109375 0 0.5386178859374999 0.00095274375 0.5482158984375001
0 0 0.706478971875 0.001884315625 0.70238465625 0.015243902343749999 0.6345980124999999 0.0269944109375 0.57644534765625 0.03334603671875 0.5397470640625001 0.03938008125 0.51208220390625 0.042873475781249996 0.49514453515624995 0.0508130078125 0.45054200546875 0.047637195312500005 0.45054200546875 0.04128556875 0.485546521875 0.0292174796875 0.54708672109375 0.020642784375 0.592818428125 0.00863585859375 0.65523102109375 0 0.70543829609375 0 0.706478971875
0 0.00095274375 0.66000451640625 0.0079395328125 0.6244354109375 0.027947154687499996 0.52732610625 0.041920732031250005 0.44715447187499996 0.04001524375 0.44602529375 0.017149390625 0.56628274609375 0.00031758124999999997 0.64645438125 0.00095274375 0.66000451640625