1 0.5002604164062501 0.9995370367187499 0.5124255953125 0.9962962960937499 0.50721726171875 0.83227513203125 0.49754464296874995 0.778042328125 0.5250744046875 0.62460317421875 0.56302083359375 0.42486772500000003 0.59873511875 0.4830687828125 0.6426339289062499 0.534656084375 0.711086309375 0.46455026484374995 0.795163690625 0.3640211640625 0.795163690625 0.35211640234375 0.59189276484375 0.26270456484375 0.6203125 0.14708994687500002 0.59873511875 0.14576719609375 0.5243303570312501 0.28333333359375 0.242336309375 0.29788359765625 0.13816964296875 0.16693121718749998 0.11808035703125 0.1735449734375 0.16123511875000002 0.29126984140625 0.0012648812500000001 0.38518518515625 0 0.43333333359375 0.15528273828125 0.57301587265625 0.21778273828125 0.45396825390625006 0.25349702343749997 0.5637566140625 0.36138392890625004 0.87724867734375 0.3561755953125 0.9962962960937499 0.5002604164062501 0.9995370367187499
0 0 0.228240740625 0.04622900546875 0.09438702265625 0.076413690625 0.0015873015625 0.07265625 0 0.0296753875 0.1274045359375 0 0.21435185156249997 0 0.228240740625
0 0 0.28703703671874997 0.02180232578125 0.2235859890625 0.07045381171875001 0.07931381015625 0.09548611093750001 0.0003588859375 0.09322916640625 0 0.06359011640625 0.09295147890625 0.03330910859375 0.18410852734375 0 0.27916666640625 0 0.28703703671874997
0 0.10598958359374999 0 0.07368378515625 0.10838357734375 0.03250161484375 0.23435256953125 0 0.33009259296875004 0.0006056203125 0.33950617265625 0.0724725453125 0.11735572812499999 0.10833333359375 0 0.10598958359374999 0
0 0.00040374687500000005 0.38185472265625 0.023013565625 0.31617858203125004 0.054909560937500004 0.21892047109375 0.10174418593750001 0.070341659375 0.12213339765625 0.00143554375 0.12057291640625001 0 0.09488049062500001 0.08685041640624999 0.0659970234375 0.17883597890625 0.0298772609375 0.28997990234375004 0 0.3782658625 0.00040374687500000005 0.38185472265625
0 0.03209786796875 0.36714039609375 0.058947028125 0.28244329609375 0.10759851406250001 0.12273901796875 0.1421875 0 0.14010012890625 0.0003588859375 0.10234980625000001 0.1342233703125 0.06379198984375 0.26055124921875 0.029271640625 0.37001148437500003 0.03209786796875 0.36714039609375
0 0.06883882421875001 0.34560723515624997 0.09165051640625001 0.26234567890625 0.1271802328125 0.13530002890624998 0.16170058125 0.000717771875 0.15963541640625 0 0.12253714453125 0.1453488375 0.09286175703125 0.24978466875 0.0666182171875 0.34668389296875 0.06883882421875001 0.34560723515624997
0 0.68307291640625 0.9995370367187499 0.66945043125 0.85648148125 0.65238864921875 0.6728927203125 0.638918821875 0.53400383125 0.6373473421875 0.53360472578125 0.64655172421875 0.63098658984375 0.65912356328125 0.76947637265625 0.67281788828125 0.91155811015625 0.68098958359375 0.9995370367187499 0.68307291640625 0.9995370367187499
0 0.71380208359375 0.9995370367187499 0.7069414507812499 0.94707854375 0.6903286640624999 0.7998084289062499 0.67191989921875 0.63936781640625 0.65867456875 0.52083333359375 0.6573275859375001 0.5212324390624999 0.6820222703125001 0.74473180078125 0.6986350578125 0.89120370390625 0.71171875 0.9995370367187499 0.71380208359375 0.9995370367187499
0 0.69869791640625 0.9995370367187499 0.69010416640625 0.91075989765625 0.6764098421875 0.77546296328125 0.66226652265625 0.6369731796875 0.6517151578125 0.53041187734375 0.64947018671875 0.52841634765625 0.66204202578125 0.6533365265625 0.67618534453125 0.7942209453125 0.68718570390625 0.9047733078125001 0.69661458359375 0.9995370367187499 0.69869791640625 0.9995370367187499
0 0.578125 0 0.5830103359375001 0.04450186640625 0.5953246125 0.15073212734375002 0.59693959921875 0.14929658359375 0.58624031015625 0.05885730703124999 0.57957848828125 0 0.578125 0
0 0.61531007734375 0.13673557265625 0.6050145351562499 0.05957507890625 0.5975452195312501 0.0010766578125 0.59557291640625 0 0.6042070414062499 0.06603502734375 0.6140988375 0.138530003125 0.61531007734375 0.13673557265625
0 0.401929909375 0.28926213046875 0.40495801015625005 0.182314096875 0.4075823640625 0.08936261875 0.40963541640625 0 0.40778423750000004 0.000717771875 0.40556363046875 0.09510479453125001 0.40233365625 0.20707723203125 0.40031492265625 0.28926213046875 0.401929909375 0.28926213046875
0 0.1877422484375 0.22968705156250002 0.21398578828125 0.08039046796875 0.228125 0 0.22609819140625 0.0003588859375 0.21539890156250002 0.058498421093749996 0.20126776484375003 0.1381711171875 0.1861272609375 0.22394487500000002 0.1877422484375 0.22968705156250002
0 0.23932291640624997 0 0.23074127890625 0.054909560937500004 0.21438953515625 0.15755096171875 0.19945090468749999 0.24440137812499999 0.20086401796875003 0.24727246640625 0.2234738375 0.1116135515625 0.241844315625 0 0.23932291640624997 0
0 0.2609375 0 0.24487241640625 0.10766580546875 0.23518249375 0.17226528828125 0.22084948359375 0.26808785546874997 0.2228682171875 0.27418891796875 0.2337693796875 0.20133505624999998 0.24971737734375 0.08828596015625 0.26276041640625 0 0.2609375 0
0 0.08046875 0.9995370367187499 0.0975930421875 0.8931139874999999 0.12515169921875 0.7155699390625 0.1484122171875 0.56993887109375 0.14664239453125 0.56589356328125 0.12944983828125 0.6751168640625 0.10618932031249999 0.8247932398437501 0.07864583359375 0.9995370367187499 0.08046875 0.9995370367187499
0 0.09609375 0.9995370367187499 0.11149878671874999 0.8980582523437499 0.14133292890625 0.70028766640625 0.16181229765625 0.56274721328125 0.157766990625 0.57128730703125 0.127174353125 0.77804746484375 0.1059364890625 0.9178353109374999 0.09501488125 0.9962962960937499 0.09609375 0.9995370367187499
0 0.0010113265625 0.69129809453125 0.03185679609375 0.559151384375 0.05056634296875 0.48184106406250005 0.04955501640625 0.4786947140625 0.02149069609375 0.5951096726562499 0 0.684259259375 0.0010113265625 0.69129809453125
0 0 0.56944444453125 0.03387945 0.46296296328125 0.0316039640625 0.46116504843749995 0 0.5634259257812501 0 0.56944444453125
0 0.41666666640625005 0 0.41484980625 0.09582256640625 0.41303294609375 0.19523399375 0.41182170546875 0.28890324453125 0.41323481875 0.28926213046875 0.415253553125 0.1876973875 0.41747416015625005 0.058498421093749996 0.41848958359375 0 0.41666666640625005 0
0 0.137475775 0.16544645390624999 0.1505975453125 0.10694803359375 0.16331556875 0.0484496125 0.17340923749999998 0 0.17118863046875 0.0010766578125 0.1635174421875 0.03768303203125 0.15443313984375 0.082543784375 0.1447432171875 0.1259689921875 0.13545704140624998 0.16580533984375 0.137475775 0.16544645390624999
0 0.0849886953125 0.3348406546875 0.10033107265625 0.27060005703125 0.1193071703125 0.1894918171875 0.11789405703125 0.1873385015625 0.0829699609375 0.33448176875 0.0849886953125 0.3348406546875
0 0.09790859140625 0.3265862765625 0.11607719609375 0.25480907265625 0.1271802328125 0.20707723203125 0.12576711875 0.20635946015625 0.10699289375000001 0.28351995390625 0.09488049062500001 0.32909847812500004 0.09790859140625 0.3265862765625
0 0.0359334625 0.23614700000000002 0.06459948359374999 0.15073212734375002 0.09609173125 0.051679586718750004 0.11123223515625 0.0010766578125 0.10961724843750001 0 0.083979328125 0.08326155625000001 0.061773255468749996 0.15288544375 0.03674095625 0.22896927968749997 0.0359334625 0.23614700000000002
0 0.1453125 0 0.10739664062500001 0.1403244328125 0.070655684375 0.2659345390625 0.0415859171875 0.35888601796874997 0.04299903125 0.35960378984374997 0.066012596875 0.28818547265625 0.11264534921875 0.12704565 0.14713541640625 0 0.1453125 0
0 0.16510416640625 0 0.15714228046875 0.037474878125 0.14716569765625 0.0843382140625 0.13767764843750002 0.1245334484375 0.12798772578125 0.1668819984375 0.12980458671875 0.16616422656250002 0.1435319765625 0.10766580546875 0.15694040703125 0.048241458593749995 0.16744791640625 0 0.16510416640625 0
0 0.12818959921875 0.15360321562499998 0.13767764843750002 0.10838357734375 0.1505975453125 0.04988515625 0.1489825578125 0.051679586718750004 0.1322270671875 0.124892334375 0.1255652453125 0.155038759375 0.12818959921875 0.15360321562499998
0 0.24791666640624999 0 0.2390180875 0.06065173671875 0.222262596875 0.16652311250000001 0.2088218671875 0.25244760234374997 0.21023498046875 0.255318690625 0.23215439296875 0.11663795546875 0.25052083359375 0 0.24791666640624999 0
0 0.41302083359374997 0 0.41141795859375 0.09510479453125001 0.40928213828125 0.20758685078125 0.4072634046875 0.28977174843750003 0.40887839140625 0.28977174843750003 0.41121608515624997 0.1812374390625 0.41323481875 0.0911570484375 0.41432291640625 0 0.41302083359374997 0
0 0.60400516796875 0.14678438124999998 0.5947189921875 0.0707005453125 0.58624031015625 0.0003588859375 0.58489583359375 0 0.58987403125 0.04450186640625 0.60239018125 0.14355440703125 0.60400516796875 0.14678438124999998
0 0.5950056523437499 0.1512417453125 0.58430636328125 0.060802468750000005 0.57764454140625 0.0019451625 0.576191053125 0.0019451625 0.5810763890625 0.046447028125 0.593390665625 0.15267728984375 0.5950056523437499 0.1512417453125
0 0.62944121484375 0.27849555000000004 0.6306524546875 0.2788544359375 0.62762435390625 0.2512202125 0.6201550390625 0.1805196671875 0.6189437984375 0.181596325 0.6243943796875 0.23435256953125 0.62944121484375 0.27849555000000004
0 0.6179344312499999 0.27418891796875 0.61923045859375 0.27290410546875 0.6162023578125 0.24526988203125 0.60965762265625 0.19272179140625 0.6084463828125 0.1970284234375 0.6126857234374999 0.22861039296875002 0.6179344312499999 0.27418891796875
0 0.6067143085937501 0.27075078984375 0.6080103359375 0.26946597734375 0.6049822351562499 0.24183175390625 0.60279392734375 0.2221504453125 0.6015826875 0.22502153281249998 0.60440891484375 0.2501435546875 0.6067143085937501 0.27075078984375
0 0.60982719609375 0.270901521875 0.6111232234374999 0.26961670937500004 0.60809512265625 0.24198248671874997 0.60440891484375 0.21317829453125 0.6038032945312499 0.2178438125 0.6075218023437501 0.25029428671875 0.60982719609375 0.270901521875
0 0.68737244453125 1 0.673868534375 0.85818965546875 0.65642959765625 0.67488825 0.6429597703125001 0.53520114921875 0.64093929609375 0.53480204375 0.65081716953125 0.6321839078125 0.66354166640625 0.771184546875 0.67723599140625 0.9132662835937501 0.6852920289062501 1 0.68737244453125 1
0 0.00050566328125 0.6485976265625 0.031098300781249998 0.5429701546875 0.04702669921875 0.48408845703125003 0.0467738671875 0.4786947140625 0.01820388359375 0.58027687890625 0.00050566328125 0.64050701171875 0.00050566328125 0.6485976265625