1 0.62767857109375 0.4513227515625 0.6976190476562499 0.33492063515625004 0.7675595234375 0.21851851875 0.78020833359375 0.21851851875 0.8196428570312501 0.24232804218749998 0.834523809375 0.23703703671874998 0.897023809375 0.2105820109375 0.9982142859375 0.15105820078125 0.99895833359375 0.1325396828125 0.90669642890625 0.11137566171874999 0.84122023828125 0.09153439140625 0.8605654765624999 0.07566137578125 0.8627976187499999 0.053174603125 0.8479166664062501 0.05052910078125 0.80997023828125 0.06772486796875 0.73407738125 0.10740740703125 0.5577380953125 0.1298941796875 0.443898809375 0.1417989421875 0.36241319453125 0.10716735234375001 0.3419642859375 0.11269841249999998 0.35833333359375 0.14576719609375 0.24691358046874998 0.19461591250000002 0.17144097187500001 0.22505144062500002 0.17144097187500001 0.24305555546875 0.27127976171875 0.2793650796875 0.32857142890625 0.29391534375 0.33973214296875 0.29391534375 0.393036265625 0.25805898515625 0.4123263890625 0.26020233203125 0.43643904296875 0.31121399140625 0.48394097187499996 0.40937928671875 0.48804012343750003 0.48911179687499995 0.48705357109375 0.57566137578125 0.56145833359375 0.55714285703125 0.6284226187499999 0.55582010546875 0.62767857109375 0.4513227515625
0 0.34244791640625 0.9995370367187499 0.34095293203125 0.9143518515625001 0.33830053984375 0.76131687265625 0.334442515625 0.5332647460937501 0.3327546296875 0.40594993125 0.330584490625 0.2970679015625 0.328655478125 0.2974965703125 0.3317901234375 0.49254115234375 0.334442515625 0.6451474625 0.33709490703125 0.8149005484374999 0.340625 0.9995370367187499 0.34244791640625 0.9995370367187499
0 0.60703125 0.9995370367187499 0.6039450351562501 0.92888100859375 0.5980348703125 0.8100210140625 0.592309396875 0.6826241132812501 0.5865839242187499 0.5565405828125 0.5851063828124999 0.55818229609375 0.59009308515625 0.67310218046875 0.59655732890625 0.80870764375 0.6009899523437501 0.90294194921875 0.6057291664062501 0.9995370367187499 0.60703125 0.9995370367187499
0 0.8769772375 0.99879972578125 0.86588541640625 0.8534807953125 0.8535879632812501 0.7030178328125001 0.83984375 0.519547325 0.82706404296875 0.35965363515625 0.8186246140625 0.24262688593749998 0.8159226187499999 0.24100529062499998 0.82320601875 0.345078875 0.83260995390625 0.46767832656249997 0.84345238125 0.60608465625 0.85286458359375 0.73602537734375 0.8634741515625001 0.8710562414062499 0.8734375 0.9995370367187499 0.8769772375 0.99879972578125
0 0.94244791640625 0.9995370367187499 0.9355709875 0.92592592578125 0.92472029296875 0.8041838132812501 0.91266396640625 0.6704389578125001 0.896026234375 0.48696845 0.88589891953125 0.37337105625 0.8728780867187499 0.22076474609375 0.87094907421875 0.2220507546875 0.8851755398437501 0.383659121875 0.8965084875 0.50797325078125 0.90663580234375 0.62328532265625 0.9201388890625 0.7771776406249999 0.9312307101562499 0.8989197531249999 0.94036458359375 0.9995370367187499 0.94244791640625 0.9995370367187499
0 0.32916666640625 0 0.32913773125 0.07073045234375 0.32913773125 0.156464334375 0.330584490625 0.15775034296874998 0.33082561718750003 0.04929698203125 0.33125 0 0.32916666640625 0
0 0.5609375 0 0.5637538578125 0.06344307265625 0.5661651234375 0.12731481484375 0.5683352625 0.12860082265625 0.565923996875 0.06730109765625 0.5627604164062501 0 0.5609375 0
0 0.337326375 0 0.33729745390625 0.070696159375 0.33729745390625 0.15643004140625 0.33878279296875 0.156464334375 0.33898533984375 0.04926268828125 0.3394094265625 0 0.337326375 0
0 0.34336419765625 0.10759602187499999 0.34312307109375 0.054869684375000005 0.34384645078125 0.0008573390625 0.34143518515625 0.00128600859375 0.34119405859374996 0.05829903984375 0.34191743828125 0.10802469140625 0.34336419765625 0.10759602187499999
0 0.3513213890625 1 0.34983603359375 0.91536351171875 0.3471836421875 0.7623285320312501 0.34288194453125 0.53155006875 0.34095293203125 0.40723593984375006 0.33946759296875 0.2980795609375 0.33753858046874996 0.29850823046874997 0.34047067890625 0.49511316875 0.3433256171875 0.646159121875 0.345978009375 0.81591220859375 0.3494976109375 1 0.3513213890625 1
0 0.35567129609375 0.99926268828125 0.35417631171875 0.9140775031249999 0.35152391953125 0.76104252421875 0.34722222187499996 0.5302640601562499 0.34529321015625 0.40594993125 0.3438078703125 0.296793553125 0.3418788578125 0.29722222187499997 0.34481095703125 0.49382716015624994 0.3476658953125 0.6448731140625 0.35059799375 0.81747256484375 0.3538483796875 0.99926268828125 0.35567129609375 0.99926268828125
0 0.8892361109375001 0.9983024687500001 0.8777006171874999 0.85390946484375 0.86584683671875 0.7025205757812499 0.85141782421875 0.5204046640625 0.8393614968750001 0.3652263375 0.83019868828125 0.24048353906250003 0.8281814921875 0.24050803437499998 0.8359857249999999 0.34636488359375 0.84538966015625 0.46810699609375 0.8559992281250001 0.6074245539062499 0.86660879609375 0.73816872421875 0.8772183640625 0.87277091875 0.88723958359375 0.9995370367187499 0.8892361109375001 0.9983024687500001
0 0.8053626546875 0.06987311406249999 0.802228009375 0.0355795609375 0.8000578703125001 0.00128600859375 0.79571759296875 0.00042866953125 0.7983699843750001 0.02829218125 0.8012635031249999 0.07030178359375 0.8053626546875 0.06987311406249999
0 0.81524884296875 0.058727709375000006 0.8128375773437501 0.02829218125 0.81090856484375 0 0.80873842578125 0.0017146773437499998 0.8113908179687501 0.036865569531249996 0.8140432101562499 0.06344307265625 0.81524884296875 0.058727709375000006
0 0.5662052265625 0 0.56902006171875 0.06340877890624999 0.57143132734375 0.12728052109375002 0.57360146640625 0.1285665296875 0.57119020078125 0.06726680390624999 0.56802823203125 0 0.5662052265625 0
0 0.5731707328125 0 0.5759741515625 0.06315157734375 0.5783854164062501 0.12702331953124998 0.58055555546875 0.128309328125 0.57814428984375 0.06700960234375 0.5749944124999999 0 0.5731707328125 0
0 0.61222942890625 1 0.61276041640625 0.9995370367187499 0.60933436796875 0.93031258203125 0.6034242023437499 0.8114525875 0.5976987296875 0.68405568671875 0.59197325625 0.55797215625 0.59049571484375 0.55961386953125 0.59618794296875 0.673758865625 0.60209810859375 0.811334384375 0.6065307328125 0.9039269765625001 0.61107270625 1 0.61222942890625 1
0 0.6212562796875 0.9982236671875 0.61783023046875 0.92899921171875 0.6119200648437501 0.8101392171875 0.6057919625 0.68295245625 0.59969710390625 0.55719726796875 0.5980348703125 0.5565405828125 0.6037603429687499 0.6708037828125 0.6104092789062501 0.80936432890625 0.61502659609375 0.9026136062499999 0.6196143617187501 0.999655240625 0.6212562796875 0.9982236671875
0 0.34205082734375003 0.9994746523437501 0.34038859375 0.91706067734375 0.33868777890625 0.7610151625 0.33438608125 0.5302366984375 0.33245706953125 0.40592256953124994 0.3309717296875 0.296766190625 0.3290427171875 0.29719486015625 0.33197481640625004 0.49379979843750005 0.3348297546875 0.64484575234375 0.33748214609375 0.8145988382812501 0.34020390078124996 0.9991463093749999 0.34205082734375003 0.9994746523437501