1 0.453125 0 0.4453869046875 0.0293650796875 0.4513392859375 0.27275132265625 0.4580357140625 0.40238095234375004 0.45654761875 0.48703703671875004 0.43125 0.7449735453125 0.4171130953125 0.8732804234374999 0.43645833359374997 0.9050264546875001 0.43794642890624996 0.9962962960937499 0.46979166640625003 0.9995370367187499 0.48556547656250004 0.9579365078125001 0.5197916664062501 0.9420634921875 0.5510416664062501 0.9949735453124999 0.57135416640625 0.9995370367187499 0.56145833359375 0.9354497351562501 0.53169642890625 0.68148148125 0.5071428570312501 0.509523809375 0.506398809375 0.20529100546875 0.5071428570312501 0.051851851562499995 0.48776041640625 0 0.453125 0
0 0.15914351875 0.73199588515625 0.2971643515625 0.69238683125 0.43952546328125 0.6496913578125 0.438946759375 0.64557613203125 0.35734953671874997 0.6712962960937501 0.243634259375 0.7037037039062499 0.13194444453125 0.7361111109375 0.05989583359375 0.75668724296875 0 0.7736111109375 0.0002893515625 0.777777778125 0.07233796328125 0.75668724296875 0.15914351875 0.73199588515625
0 0.45428240703125 0.49382716015624994 0.3483796296875 0.52160493828125 0.25491898125 0.5452674898437501 0.17621527812499999 0.56532921796875 0.079571759375 0.58950617265625 0.00057870390625 0.60802469140625 0.0002893515625 0.61316872421875 0.068865740625 0.5956790125 0.140625 0.57818930078125 0.2063078703125 0.5617283953125 0.27430555546875 0.5442386828125 0.34288194453125 0.52726337421875 0.40509259296875 0.510288065625 0.45601851875 0.49588477343750004 0.45428240703125 0.49382716015624994
0 0.45688657421874995 0.4665637859375 0.360821759375 0.489711934375 0.26822916640625 0.5123456789062499 0.1559606484375 0.53909465 0.06857638906249999 0.5591563789062499 0.0017361109374999999 0.5730452671874999 0 0.5768518515625 0.06510416640625 0.5632716046875 0.11631944453125001 0.5519547328125001 0.23813657421875 0.52263374453125 0.33015046328125003 0.5005144031250001 0.40509259296875 0.48251028828125 0.45688657421874995 0.46913580234375 0.45688657421874995 0.4665637859375
0 0.45052083359374995 0.31069958828125 0.3434606484375 0.33281892968750004 0.23697916640625 0.35442386796875003 0.1409143515625 0.37294238671875 0.046875 0.3904320984375 0.00115740703125 0.39917695468750003 0 0.40277777812500004 0.09895833359375 0.38374485625 0.21614583359375 0.36213991796875 0.31192129609374997 0.34259259296875 0.38368055546875 0.32870370390625003 0.4528356484375 0.31327160468750004 0.45052083359374995 0.31069958828125
0 0 0.3638888890625 0.039930555468750004 0.355967078125 0.13570601875 0.33796296328125003 0.23553240703124997 0.3184156375 0.313946759375 0.3024691359375 0.38396990703125 0.28909465 0.44965277812500004 0.2752057609375 0.45052083359374995 0.27211934140625 0.35561342578125 0.29012345703125 0.26273148125 0.30915637890625003 0.14612268515625 0.33281892968750004 0.043981481249999996 0.3513374484375 0 0.35925925937500003 0 0.3638888890625
0 0.446759259375 0.15637860078125002 0.35706018515625 0.172325103125 0.26938657421875 0.18621399140625 0.16782407421875 0.201646090625 0.073784721875 0.2155349796875 0 0.22731481484375 0.0002893515625 0.23148148124999998 0.090277778125 0.21656378593749998 0.1843171296875 0.20216049374999998 0.2861607140625 0.18677248671875 0.3672619046875 0.1735449734375 0.44791666640625005 0.16049382734375 0.446759259375 0.15637860078125002
0 0.6869212960937501 0.1579218109375 0.80179398125 0.15740740703125 0.91464120390625 0.153806584375 0.9997395835937499 0.15277777812499999 0.9997106484374999 0.1481481484375 0.93229166640625 0.1502057609375 0.842303240625 0.15329218125 0.76302083359375 0.1543209875 0.66956018515625 0.154835390625 0.566840278125 0.15586419765624998 0.5083912039062499 0.1543209875 0.50694444453125 0.15740740703125 0.60561342578125 0.1589506171875 0.6869212960937501 0.1579218109375
0 0.68634259296875 0.26131687265625 0.76851851875 0.25771604921875 0.87557870390625 0.25308641953125 0.9997395835937499 0.24768518515625 0.9997395835937499 0.24444444453125 0.92303240703125 0.24794238671875002 0.84895833359375 0.25102880625 0.77633101875 0.2546296296875 0.6608796296875 0.25874485625 0.56510416640625 0.26080246875 0.5075231484375 0.26234567890625 0.5081018515625 0.2644032921875 0.60648148125 0.2633744859375 0.68634259296875 0.26131687265625
0 0.701678240625 0.30144032890625 0.8015046296874999 0.29526748984375 0.89467592578125 0.288580246875 0.9997395835937499 0.28101851875 0.9997395835937499 0.2768518515625 0.90914351875 0.28395061718750003 0.83333333359375 0.289609053125 0.74305555546875 0.29526748984375 0.66521990703125 0.29989711953125 0.57233796328125 0.3040123453125 0.50665509296875 0.307098765625 0.506365740625 0.30967078203125 0.60358796328125 0.30606995859374997 0.701678240625 0.30144032890625
0 0.71354166640625 0.44393004140625003 0.7829861109375 0.43621399140625006 0.86226851875 0.4269547328125 0.93692129609375 0.41820987656249997 0.998553240625 0.41100823046875 0.99884259296875 0.40637860078125004 0.9305555554687499 0.41563786015625004 0.8518518515625001 0.42489711953125 0.76359953671875 0.43518518515625004 0.67071759296875 0.44495884765625 0.58304398125 0.45318930078125 0.50868055546875 0.45987654296875 0.50868055546875 0.46347736640625004 0.6012731484375 0.45473251015624994 0.71354166640625 0.44393004140625003
0 0.693865740625 0.60390946484375 0.7737268515625 0.5910493828125001 0.84114583359375 0.5807613171875 0.938946759375 0.5658436210937501 0.9997395835937499 0.55555555546875 0.9997395835937499 0.55231481484375 0.91030092578125 0.566872428125 0.82523148125 0.58024691328125 0.74103009296875 0.5931069960937501 0.6608796296875 0.604938271875 0.5856481484375 0.6152263375 0.5234375 0.625 0.52430555546875 0.6286008226562501 0.61979166640625 0.61368312734375 0.693865740625 0.60390946484375
0 0.9997395835937499 0.42870370390624996 0.934027778125 0.4372427984375 0.83709490703125 0.44753086406250003 0.75 0.45679012343750003 0.66666666640625 0.4655349796875 0.58043981484375 0.47427983515624994 0.5081018515625 0.48096707812500006 0.5078125 0.48456790156249996 0.61024305546875 0.4747942390625 0.71919642890625 0.46322751328124995 0.81973379609375 0.45370370390625 0.9089285710937499 0.44338624375 0.9997395835937499 0.43194444453124997 0.9997395835937499 0.42870370390624996