1 0.40710033984375 0.99678760390625 0.49266581640625 0.9977324265625 0.4995748296875 0.9901738476562499 0.45705782343749995 0.6953892671874999 0.4499421296875 0.43381344296875 0.44728973749999995 0.29192386796875003 0.43473639453125 0.24659863984375 0.40231717656250005 0.16250944843749998 0.3980654765625 0.165343915625 0.38477891171875 0.255102040625 0.39487670078125003 0.43461829140625 0.40550595234375003 0.67932728671875 0.393117559375 0.8124338625 0.37823660703125 0.9949735453124999 0.40710033984375 0.99678760390625
0 0.096875 0.9995370367187499 0.209027778125 0.95061728359375 0.31006944453125 0.9067901234375 0.3875 0.8709876546875 0.3875 0.86728395078125 0.28472222187499996 0.9135802468750001 0.18194444453125 0.95740740703125 0.09166666640625 0.9975308640625 0.096875 0.9995370367187499
0 0.000347221875 0.8839506171875 0.04930555546875 0.8654320984374999 0.10381944453125 0.8432098765625 0.19583333359375 0.809259259375 0.29583333359375 0.76975308671875 0.399652778125 0.7296296296875 0.39930555546875 0.7246913578124999 0.29201388906250003 0.76728395078125 0.17272533984375 0.81349206328125 0.090277778125 0.84444444453125 0 0.8796296296874999 0.000347221875 0.8839506171875
0 0.47767168203125 0.83547668046875 0.5579668210937501 0.8123285320312499 0.7310956789062499 0.7617455421875 0.87191358046875 0.71802126171875 0.9992283953125 0.6785836765625 0.9997395835937499 0.675 0.92568479921875 0.6978738 0.8236882718749999 0.73002400546875 0.71783371875 0.7617455421875 0.65369405859375 0.7810356656249999 0.55169753125 0.8106138546875 0.47791280859374996 0.8316186554687499 0.47767168203125 0.83547668046875
0 0 0.8004629632812501 0.00008680546875 0.80154321015625 0.0490451390625 0.78302469140625 0.112847221875 0.7623456789062499 0.1982638890625 0.732098765625 0.29756944453125 0.6975308640625 0.40416666640625004 0.659259259375 0.4045138890625 0.6549382718750001 0.28819444453125 0.69629629609375 0.17534722187500001 0.7364197531250001 0.096875 0.7635802468749999 0 0.79713202890625 0 0.8004629632812501
0 0.000482253125 0.63443072734375 0.04791666640625 0.62160493828125 0.11319444453125001 0.6018518515625 0.19965277812499999 0.5753086421875 0.2982638890625 0.54444444453125 0.39713541640625 0.5126886148437501 0.39583333359375 0.509259259375 0.29166666640625 0.54197530859375 0.17430555546874998 0.57839506171875 0.09895833359375 0.6018518515625 0.0013888890625 0.63148148125 0.000482253125 0.63443072734375
0 0 0.6258573390625 0.04756944453125 0.6126543210937501 0.10440779296875 0.59627914921875 0.19989390468749998 0.56798696875 0.30116705234375 0.5375514406249999 0.39689428984375 0.50883058984375 0.39617091015625 0.5054012343750001 0.28983410468750004 0.5384087789062499 0.17361111093749998 0.5731310015625 0.093798225 0.59627914921875 0.0010416664062500001 0.6225308640625 0 0.6258573390625
0 0 0.46327900624999996 0.04412615703125 0.45267489687499995 0.11067708359374999 0.4372427984375 0.20109953671874997 0.41538065859374995 0.30381944453125 0.38880315468750004 0.391107253125 0.36694101484375 0.3899016203125 0.363082990625 0.289110725 0.38966049375 0.18036265468749998 0.41666666640625005 0.09114583359375 0.43767146796875 0.00085841015625 0.4599965703125 0 0.46273783203125 0 0.46327900624999996
0 0.45331790156249996 0.49854252421874995 0.5444637343750001 0.48525377265624997 0.73037229921875 0.45653292187499994 0.8432195218749999 0.4393861453125 0.9992283953125 0.41237997265625 0.9997106484374999 0.40980795625 0.8945794749999999 0.4273834015625 0.75231481484375 0.45010288046875 0.6609278546875 0.46424897109375 0.57942708359375 0.47710905312499996 0.51408178984375 0.4861111109375 0.45355902812500004 0.49468449921874996 0.45331790156249996 0.49854252421874995
0 0.45975115703125 0.70716735234375 0.542255015625 0.687517146875 0.72092978359375 0.64465020546875 0.84101080234375 0.6155006859375 0.9980227625 0.5748456789062499 0.9992283953125 0.5714163234375 0.90466821015625 0.59578189296875 0.78723958359375 0.62536008203125 0.68861882734375 0.6502229078124999 0.6196566359375 0.66565500703125 0.53381558671875 0.68623113828125 0.45999228359375 0.703309328125 0.45975115703125 0.70716735234375
0 0.45689621875 0.64636488359375 0.5417727625000001 0.6275034296875 0.7204475312499999 0.5889231828125 0.8429398148437499 0.56020233203125 0.99921875 0.521227709375 0.9989486882812499 0.51862139921875 0.8964699070312501 0.5439128945312499 0.7773533953125 0.5726337445312499 0.680217978125 0.59499314140625 0.6143518515624999 0.6090706445312499 0.52802854921875 0.6275034296875 0.4571373453125 0.64250685859375 0.45689621875 0.64636488359375
0 0.8352623453125 0.4372427984375 0.9020543984374999 0.42566872421874996 0.9616126546875 0.41452331953125 0.9992283953125 0.40680727031249997 0.9987461421875 0.4046639234375 0.9215856484374999 0.41966735234375 0.8292341820312499 0.43681412890625 0.8352623453125 0.4372427984375
0 0.9987461421875 0.2974965703125 0.92086226875 0.30778463671875 0.8615451390625 0.314643346875 0.78824266953125 0.32321673515625 0.70818865703125 0.33221879296875 0.6462191359375 0.338648834375 0.54084683671875 0.3489369 0.47357253125 0.355366940625 0.45114776250000005 0.35622427968750003 0.4513888890625 0.35965363515625 0.4928626546875 0.35579561015625 0.584490740625 0.3480795609375 0.6247588734375 0.34336419765625 0.6681616515625 0.33950617265625 0.71180555546875 0.33436213984375 0.75882523125 0.33007544609375 0.80632716015625 0.32407407421875 0.8656442898437501 0.31721536328125 0.9116994601562499 0.31078532265625 0.9577546296874999 0.30521262031249996 0.99609375 0.30006858671875 0.9987461421875 0.2974965703125