1 0.76223958359375 0.9995370367187499 0.82421875 0.9995370367187499 0.7474702382812499 0.7489417992187499 0.73482142890625 0.6484126984375 0.72142857109375 0.6179894179687501 0.71845238125 0.6391534390625 0.6767857140625 0.53201058203125 0.6165178570312501 0.3891534390625 0.60907738125 0.39444444453125 0.6380952382812499 0.5994708992187501 0.6455357140625 0.6206349203125 0.6752976187499999 0.6761904765625 0.68794642890625 0.725132275 0.68050595234375 0.7568783070312499 0.67157738125 0.7515873015625 0.6358630953125 0.8058201054687499 0.61205357109375 0.82301587265625 0.57410714296875 0.8640211640625 0.61502976171875 0.9962962960937499 0.76223958359375 0.9995370367187499
1 0.32317708359375 0 0.30550595234375 0.0015873015625 0.3107142859375 0.09285714296875 0.33080357109374997 0.10740740703125 0.33675595234375 0.13518518515625 0.35982142890625 0.2793650796875 0.3672619046875 0.2793650796875 0.39314516093749996 0.1633811234375 0.42306547656250004 0.140476190625 0.4766369046875 0.184126984375 0.43255208359374997 0 0.32317708359375 0
0 0.228125 0.9995370367187499 0.33101851875 0.8996913578125 0.4014880953125 0.83095238125 0.46961805546875 0.7654320984375 0.551215278125 0.6862139914062501 0.63773148125 0.60288065859375 0.637152778125 0.59876543203125 0.5407986109375 0.691358025 0.45862268515625004 0.77160493828125 0.3845486109375 0.84259259296875 0.28038194453125 0.9439300414062499 0.22317708359375002 0.9995370367187499 0.228125 0.9995370367187499
0 0.6873319890625 0.55615292734375 0.7482638890625 0.5005144031250001 0.81655092578125 0.43827160468750004 0.9030671296874999 0.35853909453125 0.97540509296875 0.2932098765625 0.9997395835937499 0.27129629609375 0.99942129609375 0.26800411484375003 0.91695601875 0.34104938281249997 0.8434606484374999 0.4094650203125 0.7638888890625 0.48199588515625 0.68565188203125 0.5543608125 0.6873319890625 0.55615292734375
0 0.7971643515625 0.91152263359375 0.8662634406249999 0.8378136203125001 0.9296034945312501 0.7706093187499999 0.9997395835937499 0.6953703703125 0.9997106484374999 0.68981481484375 0.946875 0.74761904765625 0.89785879609375 0.79938271640625 0.8516465054687499 0.8497610515625 0.7962962960937501 0.9089506171874999 0.7971643515625 0.91152263359375
0 0.0002893515625 0.144032921875 0.058159721875 0.09876543203125 0.121527778125 0.04938271640625 0.18385416640625002 0 0.178240740625 0.00102880625 0.14409722187500001 0.027777778125000003 0.09982638906249999 0.0622427984375 0.046875 0.10339506171874999 0 0.13981481484375 0.0002893515625 0.144032921875
0 0.3484375 0.9995370367187499 0.41290509296875 0.93518518515625 0.4670138890625 0.88168724296875 0.5361607140625 0.8124338625 0.59953703671875 0.74897119375 0.6721643515625 0.6764403289062499 0.67071759296875 0.672325103125 0.59577546328125 0.74691358046875 0.52922453671875 0.81481481484375 0.44155092578125005 0.902777778125 0.3825231484375 0.96090535 0.34322916640625 0.9995370367187499 0.3484375 0.9995370367187499
0 0.728009259375 0.6208847734375 0.8000672046874999 0.5507765828125 0.879536290625 0.4761051375 0.94820601875 0.41152263359374996 0.9997395835937499 0.3625 0.9997395835937499 0.35740740703124996 0.9513888890625 0.40432098749999995 0.88802083359375 0.46450617265625 0.8355174734374999 0.5143369171875001 0.7795138890625 0.56738683125 0.7265625 0.61728395078125 0.728009259375 0.6208847734375
0 0.23946759296875003 1 0.3423611109375 0.9013374484375 0.41283068749999996 0.832598471875 0.4809606484375 0.7670781890625 0.56134259296875 0.68930041171875 0.6409143515625 0.61213991796875 0.639178240625 0.60905349765625 0.55214120390625 0.69300411484375 0.469965278125 0.77325102890625 0.396990740625 0.84413580234375 0.29172453671875 0.9455761320312501 0.23645833359375001 0.9995370367187499 0.23946759296875003 1
0 0.25248842578124997 1 0.35590277812500004 0.8996913578125 0.4250578703125 0.8323045265625 0.49450231484374996 0.7644032921874999 0.57436342578125 0.6862139914062501 0.64322916640625 0.6208847734375 0.642071759375 0.614711934375 0.56510416640625 0.69032921796875 0.48495370390625 0.76851851875 0.40567129609375 0.8461934156250001 0.3047453703125 0.9452674898437501 0.247540509375 1 0.25248842578124997 1
0 0.79375 0.8987654320312499 0.86139112890625 0.82646356015625 0.9265625 0.7578189296875 0.9997395835937499 0.678240740625 0.9997395835937499 0.67407407421875 0.9434606484374999 0.7348618460937499 0.89444444453125 0.7866255140625 0.8481481484375 0.8360082304687501 0.7928819445312499 0.8961934156250001 0.79375 0.8987654320312499
0 0.792071759375 0.8926954734375 0.8588709679687501 0.82108721640625 0.923051075 0.7523894859375 0.9994959679687501 0.67025089609375 0.99942129609375 0.66666666640625 0.94178240703125 0.7287918875 0.89276620390625 0.78055555546875 0.84646990703125 0.8299382718749999 0.7912037039062499 0.89012345703125 0.792071759375 0.8926954734375
0 0.689012096875 0.5660095578125001 0.74895833359375 0.511419753125 0.8172453703125001 0.4491769546875 0.9037615742187499 0.36944444453125 0.9759744625 0.30286738359375 1 0.28220164609375 0.9997395835937499 0.27777777812500004 0.9176504632812501 0.3519547328125 0.84415509296875 0.4203703703125 0.76458333359375 0.492901234375 0.68800403203125 0.5633213859375 0.689012096875 0.5660095578125001
0 0.6921296296875 0.57407407421875 0.74781586015625 0.5212066906249999 0.815972221875 0.45833333359374995 0.90393518515625 0.37808641953125 0.9719328703125001 0.31584362109374997 0.9997395835937499 0.2893518515625 0.9997395835937499 0.28611111093749997 0.917534721875 0.3611111109375 0.843634259375 0.43024691328125 0.7640625 0.502777778125 0.690972221875 0.5715020578125001 0.6921296296875 0.57407407421875