1 0.48078812890625 0.1637840671875 0.461862428125 0.05314495546875 0.45885416640625004 0 0.406187140625 0.00046296328125 0.402417453125 0.08123689765625 0.39332743671875 0.22667714921874998 0.38194145078125 0.38360472578125 0.4043911640625 0.42511175 0.41247306015624996 0.56240421484375 0.41786099140625 0.57198275859375 0.4519845546875 0.46502235000000003 0.48521012968750005 0.45544380625 0.5328035203125 0.5129150703125 0.48078812890625 0.1637840671875
0 0 0.38796296328125 0.09188286171875 0.34853249453125 0.25624017265625 0.27777777812500004 0.39480149375 0.21619496875 0.39455581796875 0.213137665625 0.26901533046875004 0.2686058703125 0.10613207578124999 0.33936058671875 0 0.384259259375 0 0.38796296328125
0 0.00074940078125 0.2351452171875 0.059207940625 0.21139063593750002 0.1882868703125 0.1588729015625 0.30832350625 0.11049965078124999 0.40290880468749996 0.07206498984375001 0.402417453125 0.06900768671875 0.23707743671874998 0.13626834375000002 0.10622751796875 0.18918198749999998 0 0.23240740703124999 0.00074940078125 0.2351452171875
0 0.35807291640625 0 0.28375589609374996 0.027952480468750002 0.20243710703125 0.059399021875 0.0931112421875 0.0995807125 0 0.134259259375 0.0003747 0.1372235546875 0.14249213828125 0.0842942 0.2717177671875 0.035814115625 0.36328125 0 0.35807291640625 0
0 0.483175959375 0.1811883828125 0.58298938671875 0.152428371875 0.71904976015625 0.11224353828125 0.7883746070312501 0.09171907734375 0.87706367890625 0.0642033546875 0.9997395835937499 0.02453703671875 0.9994103773437499 0.0222746328125 0.9323408015625001 0.04411250859375 0.825651978125 0.0776045828125 0.77240566015625 0.0934661078125 0.69256092734375 0.11748777109375 0.59232507890625 0.14675052421874998 0.48324488984374997 0.17863382265625 0.483175959375 0.1811883828125
0 0.646875 0 0.4621167453125 0.04542278125 0.4621167453125 0.04760656875 0.5512971695312501 0.027078965625 0.6566922171875 0 0.646875 0
0 0.72130503125 0.94863731640625 0.80827437109375 0.8966631726562501 0.88787342734375 0.84993011875 0.9997395835937499 0.784722221875 0.998919025 0.7822327046875001 0.9013856132812499 0.8385744234375 0.80148381328125 0.8979483078125 0.72007665078125 0.9451432562500001 0.72130503125 0.94863731640625
1 0.69348958359375 0.9995370367187499 0.73645833359375 0.9995370367187499 0.6581662734375 0.74641858828125 0.6517910671875 0.750732746875 0.6687303460937499 0.9866352203125001 0.67395833359375 0.9995370367187499 0.69348958359375 0.9995370367187499
0 0.8171875 0.9995370367187499 0.8985311749999999 0.9482414070312499 0.9997395835937499 0.8847222218749999 0.9997395835937499 0.88009259296875 0.942371103125 0.9175992539062501 0.8668690046874999 0.96489475078125 0.8125 0.9995370367187499 0.8171875 0.9995370367187499
0 1 0.80290592265625 0.9994883578125 0.801353634375 0.90171612734375 0.8606448171875 0.80167116328125 0.919930721875 0.72616906484375 0.96489475078125 0.727293165625 0.9682254195312501 0.8076663671875 0.9189315210937499 0.8912245203125 0.8696376234375001 1 0.8040294749999999 1 0.80290592265625
0 0.72448291328125 0.9588995468749999 0.8084157671875 0.90893951484375 0.88822691875 0.8619770851562499 0.99998034609375 0.79597309609375 0.9991597875 0.793483578125 0.9013414265625 0.8506528109374999 0.8029826140624999 0.90927258203125 0.7231714625000001 0.9559019453125 0.72448291328125 0.9588995468749999
0 0.6369904078124999 0.99920063984375 0.66771582734375 0.981215028125 0.66771582734375 0.9765520914062501 0.63305605546875 0.99853450546875 0.6369904078124999 0.99920063984375
0 0.6566621703125 0.99920063984375 0.669214628125 0.9915401015624999 0.66827787734375 0.9888755664062501 0.65272781796875 0.99920063984375 0.6566621703125 0.99920063984375