1 0.35390625 0 0.3360119046875 0.055820105468750006 0.34345238125 0.22777777812500002 0.3546130953125 0.45264550234375 0.36502976171875 0.6828042328125 0.3516369046875 0.8375661375 0.33526785703125 0.9976190476562501 0.42161458359375 0.9995370367187499 0.4766369046875 0.99365079375 0.44017857109375 0.727777778125 0.43720238125 0.6444444445312499 0.43348214296875 0.36798941796875 0.42455357109375 0.16825396796875 0.43125 0.10079365078125 0.39401041640625 0 0.35390625 0
0 0 0.8875 0.18981481484375 0.82083333359375 0.35648148125 0.75910493828125 0.35590277812500004 0.7529320984375001 0.203125 0.8084876546875 0.0875 0.84947089921875 0.00044642890624999997 0.8785714289062501 0 0.8875
0 0.0034226187499999997 0.8058201054687499 0.16636904765625 0.75026455 0.35982142890625 0.6854497351562501 0.3613095234375 0.6775132273437501 0.19965277812499999 0.7333847734375001 0.08526785703125 0.7714285710937501 0 0.79907407421875 0.0034226187499999997 0.8058201054687499
0 0.00416666640625 0.53201058203125 0.17529761875 0.484391534375 0.35238095234375 0.43148148124999997 0.353009259375 0.4247427984375 0.19389880937499998 0.46984126953125005 0.08080357109375 0.5015873015625 0 0.5263888890625 0.00416666640625 0.53201058203125
0 0.00543154765625 0.5514550265625 0.1765625 0.50383597890625 0.3546130953125 0.45264550234375 0.35386904765625 0.44470899453125 0.19017857109375 0.491005290625 0.08206845234375 0.5210317460937499 0.0012648812500000001 0.54583333359375 0.00543154765625 0.5514550265625
0 0 0.30681689296875 0.00386904765625 0.31203703671875 0.18050595234375 0.27275132265625 0.3360119046875 0.234391534375 0.340476190625 0.2264550265625 0.196875 0.2608465609375 0.08526785703125 0.2859788359375 0 0.30634426015625 0 0.30681689296875
0 0.6168981484375 0.21075102890625003 0.72106481484375 0.20354938281249998 0.8223379632812501 0.19429012343750002 0.921875 0.1850308640625 0.9997395835937499 0.17870370390625 0.99942129609375 0.17165637890625002 0.9456018515625001 0.17680041171875 0.8611111109375 0.1840020578125 0.7608630953125 0.19206349218750002 0.64756944453125 0.20149176953125 0.525 0.21190476171875 0.42881944453125 0.21898148125 0.43229166640625005 0.22412551406249998 0.51273148125 0.21898148125 0.6168981484375 0.21075102890625003
0 0.43865740703125 0.41033950625 0.53356481484375 0.39902263359375 0.67766203671875 0.382561728125 0.79657738125 0.3706349203125 0.90625 0.35478395078124997 0.99598214296875 0.34285714296875003 0.9997395835937499 0.3356481484375 0.88541666640625 0.35169753125000003 0.78240740703125 0.36404321015624996 0.66782407421875 0.37844650234375 0.5798611109375 0.3877057609375 0.4982142859375 0.39576719609375 0.43720238125 0.40370370390625 0.43865740703125 0.41033950625
0 0.43807870390625 0.44120370390624997 0.57523148125 0.42268518515625003 0.67766203671875 0.40931069921874996 0.7986111109375 0.39284979453125 0.921875 0.37536008203125004 0.99942129609375 0.363014403125 0.996726190625 0.35740740703124996 0.9357638890625 0.36610082265625 0.8456845234375001 0.3798941796875 0.7662037039062499 0.39079218125000004 0.69039351875 0.40210905312499995 0.59419642890625 0.4142857140625 0.5 0.42680041171875 0.43518518515625004 0.43605967109375 0.43807870390625 0.44120370390624997
0 0.44270833359374995 0.66856995859375 0.55266203671875 0.6469650203125 0.6423611109375 0.631532921875 0.725115740625 0.61507201640625 0.82754629609375 0.593467078125 0.928240740625 0.5728909468750001 0.99942129609375 0.5584876546875 0.996726190625 0.5518518515624999 0.912615740625 0.57083333359375 0.7986111109375 0.593467078125 0.7112268515625 0.61095678984375 0.62384259296875 0.6274176953125 0.5294642859375001 0.6444444445312499 0.44039351875 0.6613683124999999 0.44270833359374995 0.66856995859375
0 0.446440971875 0.729372428125 0.5462962960937501 0.709722221875 0.64467592578125 0.689146090625 0.73553240703125 0.67165637890625 0.8379629632812501 0.650051440625 0.94155092578125 0.62844650234375 0.9997395835937499 0.615740740625 0.99884259296875 0.60889917734375 0.91117311484375 0.62852733671875 0.80849454375 0.6496913578125 0.7177207343750001 0.669532628125 0.62471478203125 0.6867283953125 0.53319692421875 0.70524691328125 0.44412615703125 0.72217078203125 0.446440971875 0.729372428125
0 1 0.7898698671875 0.9143518515625001 0.8146604937499999 0.81192129609375 0.84140946484375 0.71643518515625 0.8661008226562499 0.6244212960937501 0.8907921812499999 0.54456018515625 0.9123971195312499 0.46932870390625 0.9278292179687501 0.47106481484374996 0.9340020578124999 0.57233796328125 0.9113683124999999 0.66319444453125 0.8877057609375001 0.74884259296875 0.86507201640625 0.8495370367187499 0.8393518515625 0.9317129632812501 0.81671810703125 0.99884259296875 0.79819958828125 1 0.7924312812500001 1 0.7898698671875