1 0.28244047656250004 0.4420634921875 0.28690476171875 0.39312169296875 0.28988095234375 0.3124338625 0.318488190625 0.27431174453125 0.37558489296875003 0.30228758203125 0.38018048125 0.29486036875 0.3048406859375 0.10893246171875 0.2578869046875 0.0015873015625 0.15390625 0 0.1759072578125 0.12873357265625002 0.20614919375000001 0.29032258046875004 0.23184523828125 0.303174603125 0.27425595234375 0.4420634921875 0.28244047656250004 0.4420634921875
1 0.75989583359375 0.9995370367187499 0.92838541640625 0.9995370367187499 0.9096726187499999 0.977777778125 0.884375 0.9367724867187499 0.78392857109375 0.7515873015625 0.69645316796875 0.588842975 0.66190476171875 0.47116402109375005 0.6447916664062501 0.44338624375 0.6447916664062501 0.48835978828125004 0.5864249109374999 0.410477321875 0.5190476187499999 0.321693121875 0.5101190476562499 0.32301587265625 0.5481283421875001 0.45008912656250005 0.5755952382812499 0.534656084375 0.584523809375 0.553174603125 0.630380509375 0.59802571171875 0.6351153578125001 0.6205999390625 0.6211260328125 0.8096112640625 0.5607142859375001 0.9142857140625 0.6105654765625 0.9976190476562501 0.75989583359375 0.9995370367187499
0 0.29036458359375 0.9995370367187499 0.31468413984375 0.95997610546875 0.39667338671875 0.8279569890625 0.45614919374999996 0.73327359609375 0.5189852148437499 0.6311230585937501 0.5757728492187499 0.539725209375 0.5749327953125001 0.53703703671875 0.498487903125 0.66039426484375 0.44371639765625004 0.74820788515625 0.38155241953124996 0.84886499375 0.33568548359375 0.922341696875 0.28776041640625 0.9995370367187499 0.29036458359375 0.9995370367187499
0 0.93229166640625 0 0.87970699609375 0.07897603515625 0.8206606507812501 0.16785502109375 0.7432319515625 0.28421469609375 0.665803253125 0.4013170921875 0.62611408203125 0.45974450390625005 0.62667112265625 0.462467815625 0.65675133671875 0.41740938828124996 0.7233177359375 0.3178847296875 0.79378342265625 0.2116755796875 0.8553364531250001 0.119578134375 0.934375 0 0.93229166640625 0
0 0.7803891187499999 0.7434190390625 0.83139635 0.6489133765624999 0.8768078515625 0.564355678125 0.90349517890625 0.51423324140625 0.95364152890625 0.42164064921875 0.9997395835937499 0.33703703671874996 0.99969869140625 0.3324915828125 0.960959021875 0.40289256171875004 0.89424070234375 0.52685950390625 0.83397899453125 0.63896541171875 0.77888257578125 0.740740740625 0.7803891187499999 0.7434190390625
0 0 0.23657407421875 0.07392473125 0.15023894843750002 0.12264784921875001 0.09259259296875 0.16145833359375 0.04629629609375 0.15961021484375 0.0448028671875 0.09341397812499999 0.12365591406250001 0.0451948921875 0.1801075265625 0 0.2328703703125 0 0.23657407421875
0 0.30208333359375 0.9995370367187499 0.32510080625 0.9635603343750001 0.40809811796875 0.8294504179687501 0.46671706953125 0.7343787335937499 0.52955309140625 0.6322281960937499 0.5813172046874999 0.547789725 0.57997311796875 0.54599761015625 0.5090557796875 0.66149940234375 0.45430107499999994 0.750597371875 0.3934811828125 0.8494623656250001 0.3477822578125 0.92353643984375 0.30052083359375004 0.9995370367187499 0.30208333359375 0.9995370367187499
0 0.30727969296875 1 0.30833333359375004 0.9995370367187499 0.3299563171875 0.96485961796875 0.41295362890625 0.8307497015624999 0.47157258046874995 0.73567801640625 0.53440860234375 0.6335274789062499 0.58450940859375 0.5525686976562499 0.58299731171875 0.55107526875 0.5139112906250001 0.6627986859375 0.4591565859375 0.7518966546875 0.39833669375 0.8507616484374999 0.3519825265625 0.92502986875 0.30589051796875 1 0.30727969296875 1
0 0.9411458335937499 0 0.8830492421875 0.08838383828125 0.82511697890625 0.1767676765625 0.74852384140625 0.2926322046875 0.67099208984375 0.41054169140625 0.6316844921875 0.4684095859375 0.63185996015625 0.4716924140625 0.6854389484375 0.3906714203125 0.731951871875 0.32060804140625 0.7979612296874999 0.22058823515624998 0.86076760234375 0.12527233124999998 0.94348958359375 0 0.9411458335937499 0
0 0.6348206328125 0.47423252109374997 0.68839962109375 0.39321152734375 0.73491254453125 0.3231481484375 0.800921903125 0.22312834218750002 0.863831328125 0.12700534765625 0.94683043671875 0.00123786875 0.94410650625 0.0025401070312499998 0.884720365625 0.09160229765625 0.8277629234375 0.178995840625 0.7514845140624999 0.29517231171875 0.67395276328125 0.4130817984375 0.63377339609375 0.47261834062499997 0.6348206328125 0.47423252109374997
0 0.78361742421875 0.75068870546875 0.8311811296875 0.6623048671875 0.87659263046875 0.576981940625 0.90362000703125 0.5270814203125 0.95321108828125 0.43426691171875 0.99948347109375 0.34817875703125 0.99969869140625 0.3443526171875 0.96108385 0.415740740625 0.8935046484375 0.5404729109375 0.8341038226562499 0.651813590625 0.78254132265625 0.7495408632812499 0.78361742421875 0.75068870546875
0 0.789428375 0.75948882734375 0.8348398757812501 0.673018059375 0.87659263046875 0.59419957109375 0.90715392578125 0.5379553109375 0.95321108828125 0.4514845421875 0.999393078125 0.363705234375 0.9996082992187499 0.35987909375 0.9607438015625 0.43388429765625 0.89337982109375 0.559764309375 0.8357007578125 0.66727884921875 0.78792183203125 0.75719314375 0.789428375 0.75948882734375