1 0.43645833359374997 0.86798941796875 0.3985119046875 0.665608465625 0.397023809375 0.63650793671875 0.3888392859375 0.5082010578125 0.37842261875 0.3124338625 0.3799107140625 0.25952380937499997 0.32609953671874997 0.1394032921875 0.32113095234375 0.18677248671875 0.31592261875 0.234391534375 0.33080357109374997 0.42089947109375 0.3486607140625 0.6484126984375 0.33973214296875 0.7568783070312499 0.32931547656250004 0.92883597890625 0.32473958359375 0.9995370367187499 0.36041666640625 0.9995370367187499 0.4 0.9976190476562501 0.459523809375 0.9976190476562501 0.43645833359374997 0.86798941796875
0 0.0002893515625 0.7937242796875 0.038194444531249996 0.77623456796875 0.14670138906250002 0.72736625546875 0.23611111093749998 0.68518518515625 0.3469328703125 0.6322016460937501 0.3454861109375 0.6286008226562501 0.267071759375 0.66615226328125 0.12008101874999999 0.7355967078125001 0 0.7893518515625 0.0002893515625 0.7937242796875
0 0.42245370390625 0.7829218109375 0.50665509296875 0.7494855968749999 0.61458333359375 0.70421810703125 0.69907407421875 0.6687242796875 0.80526620390625 0.62191358046875 0.907696759375 0.57818930078125 0.9997395835937499 0.5356481484375 0.9997106484374999 0.5318930039062499 0.91898148125 0.5684156375 0.831597221875 0.60648148125 0.75202546328125 0.64146090546875 0.7034143515625 0.6625514406249999 0.64178240703125 0.68930041171875 0.573784721875 0.7165637859375 0.48958333359374995 0.75154321015625 0.42129629609375 0.7793209875 0.42245370390625 0.7829218109375
0 0 0.85370370390625 0.044270833593749996 0.8323045265625 0.14756944453125 0.78137860078125 0.23813657421875 0.7361111109375 0.34664351875 0.6820987656249999 0.34522569453125 0.67839506171875 0.2653356484375 0.7181069960937501 0.11747685156250001 0.7932098765625 0 0.8495370367187499 0 0.85370370390625
0 0.03212043671875 1 0.07638888906249999 0.9758230453125 0.1750578703125 0.9202674898437501 0.26041666640625 0.87242798359375 0.334490740625 0.82870370390625 0.3327546296875 0.82561728359375 0.22251157421875 0.8899176953125 0.14959490703125 0.9305555554687499 0.03061342578125 0.9966563789062499 0.03061342578125 1 0.03212043671875 1
0 0 0.60694444453125 0.038194444531249996 0.5915637859375 0.126446759375 0.55606995859375 0.20601851875000002 0.5257201648437501 0.28067129609374997 0.4953703703125 0.33304398125 0.4747942390625 0.33246527812500004 0.47067901250000005 0.26475694453125 0.49845678984374997 0.20283564843750002 0.52263374453125 0.13339120390625 0.54989711953125 0.053240740625000005 0.5817901234375 0.00057870390625 0.60236625546875 0 0.60694444453125
0 0 0.618212721875 0.03781828671875 0.6029835390625 0.12702546328125 0.5684156375 0.2056423609375 0.5371399179687499 0.28240740703125 0.50668724296875 0.334490740625 0.4850823046875 0.33478009296875 0.48251028828125 0.2659143515625 0.5097736625 0.19907407421875 0.53600823046875 0.13223379609375 0.5627572015625 0.05286458359375 0.5932098765625 0.00020254609375 0.61378600859375 0 0.615388375 0 0.618212721875
0 0 0.452183515625 0.0393518515625 0.43930041171875 0.126446759375 0.41152263359374996 0.21151620390625 0.38374485625 0.27864583359375 0.3605967078125 0.32523148125 0.3456790125 0.32465277812500004 0.3415637859375 0.25983796328125003 0.36316872421875 0.19878472187500001 0.38323045234375 0.13165509296875 0.40586419765625 0.05208333359375 0.43055555546875 0.0004918984375 0.44763374453125 0 0.45152520703125 0 0.452183515625
0 0.401678240625 0.655452675 0.48929398125 0.62654321015625 0.60040509296875 0.58847736640625 0.69646990703125 0.5540123453125 0.76157407421875 0.53240740703125 0.865740740625 0.49382716015624994 0.9997106484374999 0.44341563749999996 0.9997106484374999 0.44084362109375 0.89901620390625 0.47788065859374995 0.82754629609375 0.5041152265625 0.7416087960937501 0.53497942421875 0.69241898125 0.5519547328125001 0.621527778125 0.577674896875 0.55584490703125 0.5997942390625 0.46875 0.6296296296875 0.40052083359374996 0.6518518515625 0.401678240625 0.655452675
0 1 0.40512984296875 0.8998263890624999 0.44197530859375 0.8283564812499999 0.46820987656249996 0.740740740625 0.49948559687499994 0.687875375 0.517600934375 0.6189236109375 0.54063786015625 0.55353009296875 0.5622427984375 0.47077546328125 0.58899176953125 0.3967013890625 0.61213991796875 0.39785879609374997 0.615740740625 0.48640046328125 0.5874485593750001 0.597222221875 0.5514403289062499 0.6958912039062499 0.51800411484375 0.76186342578125 0.4953703703125 0.86655092578125 0.45792181093749995 1 0.40770627265625 1 0.40512984296875
0 0.38030217734375 0.33533533515624997 0.49291478984375 0.31573239921875 0.57080518046875 0.30238571875 0.64778645859375 0.29007523125 0.72799361875 0.273606940625 0.79264322890625 0.26114004609374997 0.87884759765625 0.242325659375 0.94430367890625 0.22814481171874998 0.9997395835937499 0.21435185156249997 0.9989677179687501 0.21229562890625 0.93233858828125 0.22814481171874998 0.8591403906249999 0.24357691015625 0.765765765625 0.2627627625 0.69444444453125 0.27694361015625 0.60271208671875 0.29404404375 0.5074605859375 0.31072739375 0.43238551015625 0.32282282265625 0.3800675671875 0.33116449765625 0.38030217734375 0.33533533515624997
0 0.38710585546875 0.45462128828125004 0.44176989453125 0.442525859375 0.5062875375 0.427927928125 0.58816629140625 0.40874207578125 0.6533877625 0.39372706015625003 0.72142454921875 0.37704371015625 0.77473958359375 0.36458333359375 0.82763671875 0.350115740625 0.90616861953125 0.330584490625 0.9579110359375 0.31573239921875 0.9994369367187501 0.30488822187500003 0.9989677179687501 0.30238571875 0.9482920421875001 0.31531531562500004 0.88053385390625 0.333478009375 0.81479917421875 0.35118451796875 0.753096846875 0.36661661640625 0.6747372375 0.3849683015625 0.59285848359375 0.404988321875 0.52810623125 0.42000333671875 0.44786974453125 0.438355021875 0.38710585546875 0.4517017015625 0.38710585546875 0.45462128828125004
0 0.387575075 0.471721721875 0.44622747734374996 0.45879212578125 0.4987800296875 0.44627961328125 0.55884008984375 0.4308475140625 0.6235923421875 0.41499833203125 0.6831831828125 0.39914914921875 0.746996996875 0.382048715625 0.81831831796875 0.36244577890624996 0.8704016515624999 0.34784784765625 0.96049174140625 0.32157157187499996 0.9997395835937499 0.3078703703125 0.9994369367187501 0.3057223890625 0.95255533828125 0.32045717578125 0.90395082578125 0.3349182515625 0.84740991015625 0.350767434375 0.78206380234375 0.369646990625 0.70922485 0.3891391390625 0.6508070570312501 0.40415415390625 0.59121621640625 0.41958625312500003 0.509572071875 0.44044044062500004 0.443646771875 0.45587253906249997 0.387575075 0.469636303125 0.387575075 0.471721721875