0 0.99908502265625 0.50237737734375 0.93996340078125 0.534284284375 0.75415258984375 0.6331331328124999 0.6649422859375 0.6797422421875 0.60221100390625 0.7128282125000001 0.57897069453125 0.7263312992187501 0.5792054453125 0.7273699984374999 0.63766891875 0.697259759375 0.7240639078125 0.6512762765625 0.819784628125 0.60060060078125 0.90582770234375 0.55524274296875 0.9997395835937499 0.50509259296875 0.99908502265625 0.50237737734375
0 0.9996128945312501 0.49268018046875 0.9334529843749999 0.5280280281249999 0.80994456015625 0.5934018953125 0.72019284921875 0.64157907890625 0.62728744375 0.69006506484375 0.5781953828125 0.71602852890625 0.57907516875 0.71821821796875 0.67743524765625 0.66629129140625 0.7791922312499999 0.6120984765624999 0.8970298421875 0.55055055078125 0.9997395835937499 0.49490740703125 0.9996128945312501 0.49268018046875
0 0.9994369367187501 0.48235735703125 0.8298141890625 0.571821821875 0.6948550109375 0.6428303304687499 0.62376829921875 0.6803678679687499 0.5766041546875 0.70585409140625 0.5766041546875 0.70718956171875 0.7281109234375001 0.628128128125 0.799021678125 0.590277778125 0.8843609234375001 0.54585835859375 0.9996128945312501 0.48485986015625004 0.9994369367187501 0.48235735703125
0 0.6786669484375001 0.52396146171875 0.57625985390625 0.5783908906249999 0.57608389609375 0.58120620625 0.62658361484375 0.5546171171875 0.67145270234375 0.53053053046875 0.753096846875 0.48704954921875 0.8071157093749999 0.4576451453125 0.85145692578125 0.434496996875 0.94189893046875 0.3860110109375 0.9992609796874999 0.3550425421875 0.99908502265625 0.35254003984375004 0.9067074890625 0.40259008984375005 0.8628941445312501 0.42573823828124996 0.7889921171875 0.46483983984375 0.6786669484375001 0.52396146171875
0 0.5417722406250001 0.3638013015625 0.59983811953125 0.33345845859375 0.63186233125 0.31656656640624997 0.70664414453125 0.2762137140625 0.80183699296875 0.22616366328124998 0.88048986484375 0.18393393359375002 0.9997395835937499 0.1203703703125 0.9992609796874999 0.11793043046875 0.85497606953125 0.19488238203125 0.6804265203125001 0.28810060078125 0.59209600234375 0.334709709375 0.5396607546875 0.3622372375 0.5417722406250001 0.3638013015625
0 0.5421241554687499 0.36818068046875 0.58488175703125 0.34565815781250003 0.6167300109375 0.32876626640625 0.6640625 0.30342842812500004 0.79194870546875 0.23582877734375002 0.88700028125 0.184559559375 0.9997395835937499 0.125 0.9997395835937499 0.12222222187500001 0.83755630625 0.20927177187499998 0.67215653125 0.296859359375 0.57291666640625 0.34941191171875 0.54124436953125 0.36599099062499996 0.5421241554687499 0.36818068046875
0 0.00023475078125 0.16411443515625 0.00176553671875 0.16439108593750001 0.05782132734374999 0.135357815625 0.13241525390625 0.09769303203125 0.21076094609374998 0.056497175 0.319562146875 0.00117702421875 0.3140625 0 0.2974929375 0.009416196093749999 0.24364406796875002 0.03688010078125 0.2017125703125 0.05885122421875 0.07635946328125 0.12319522890625001 0 0.16203703671875 0.00023475078125 0.16411443515625
0 0 0.634259259375 0.028681025 0.61936936953125 0.054898648437499996 0.60560560546875 0.08516328828125 0.58996496484375 0.12598536015625 0.56806806796875 0.174021678125 0.54335585546875 0.21994650937500002 0.51926926953125 0.2449324328125 0.50644394375 0.3230574328125 0.46483983984375 0.3816511828125 0.43480981015625 0.454321509375 0.39570820859375 0.4537936375 0.39320570546875 0.2312077703125 0.5111361359375 0.07566159921875 0.5918418421875 0 0.6305555554687501 0 0.634259259375
0 0.1903856984375 0.54929929921875 0.26375985390625 0.51019769765625 0.396959459375 0.44044044062500004 0.4500985359375 0.41260009999999997 0.45062640781249996 0.40947197187500006 0.40910050703125 0.43136886875 0.3316793359375 0.471721721875 0.26551942578125 0.5070695695312499 0.16240850234374998 0.5608733734375 0.09009008984375 0.5980980984375 0.025865709375 0.63125625625 0.0003519140625 0.6447072070312501 0 0.6481481484375 0.07918074296875 0.60623123125 0.1903856984375 0.54929929921875
0 0 0.6518518515625 0.02428209453125 0.640640640625 0.0830078125 0.609292328125 0.126023065625 0.587384259375 0.15906531562499998 0.56900650625 0.2076295046875 0.54429429453125 0.26657516875 0.5139514515625 0.31672297265625 0.48704954921875 0.369334178125 0.459209209375 0.44805617578124995 0.41832010546875004 0.44939470703125 0.41478978984375 0.35384994375 0.46515265234375003 0.284346846875 0.5020645648437501 0.17366976328125 0.5589964968750001 0.11472409921875 0.58996496484375 0.05788992109375 0.61905655625 0.00011794218749999999 0.650384684375 0 0.6518518515625
0 0.00017691328125000002 0.9917919124999999 0.0635205515625 0.96189939921875 0.10962133984375 0.9390640640625 0.15413851328125 0.9171671671875 0.20006334453125 0.8946446445312499 0.28821790546875004 0.8514764765624999 0.357896959375 0.81675425390625 0.477899775 0.7579454453125 0.5482826578125 0.72291041015625 0.54581925703125 0.72103353359375 0.40769284921875004 0.79016516484375 0.058065878125000005 0.96189939921875 0 0.9902777781250001 0.00017691328125000002 0.9917919124999999
0 0.13971002265625002 0.9346846843750001 0.26411176796875 0.87399899921875 0.3564893015625 0.8286411414062499 0.4296875 0.79266766796875 0.55215371640625 0.7326076078125 0.55215371640625 0.72916666640625 0.49655123906250004 0.75731981953125 0.4432362046875 0.78328328359375 0.37953969609375 0.81456456484375 0.31038851328125 0.8486611609375 0.2679828265625 0.8696196195312501 0.21695523671875 0.8946446445312499 0.1472761828125 0.9281156156250001 0.10451858124999999 0.9493868867187499 0.078652871875 0.9622122125000001 0.040470157812500004 0.98066816796875 0.019003378125 0.990678178125 0.0029912726562499998 0.9991241242187501 0.00625 0.9995370367187499 0.05648226328125 0.97597597578125 0.13971002265625002 0.9346846843750001
0 0.02302095078125 1 0.1680391328125 0.93093093125 0.2688626125 0.88119369375 0.3179546734375 0.8574199195312501 0.36493524765625 0.8339589585937499 0.3988949890625 0.81769269296875 0.43760557421875 0.79798548515625 0.47455658749999996 0.7798423421875 0.553209459375 0.74167917890625 0.5526815875 0.7388638640625 0.492328265625 0.76826826796875 0.42440878359375 0.80236486484375 0.38780968437499996 0.8201951953125001 0.338365709375 0.84490740703125 0.29508023671875 0.865553053125 0.25672156562500004 0.8840090093749999 0.20129504531250003 0.9112237234375 0.137246621875 0.94281781796875 0.06791948203125 0.9762887890625 0.044693130468749995 0.98817567578125 0.0205318328125 1 0.02302095078125 1
0 0 0.8652402406249999 0.1485078828125 0.7929804804687499 0.2007671734375 0.7673298296875 0.28047578828124997 0.72760260234375 0.35314611484374997 0.6925675671875 0.41244369374999995 0.6625375375 0.463647240625 0.6371997 0.46188766875000004 0.6356356359374999 0.37619650937500004 0.678178178125 0.31443552890625004 0.70852102109375 0.23947775937500002 0.74574574609375 0.169446790625 0.7804679679687501 0.12264217343749999 0.8029904906249999 0.053490990625 0.8370870867187501 0.00017595703125 0.86305055078125 0 0.8652402406249999
0 0 0.3263888890625 0.055835099218749996 0.29582548671875003 0.16242937890625 0.23854362812500002 0.33876235859375 0.1404582546875 0.450873940625 0.07729127421875 0.450873940625 0.073367859375 0.21407132734375 0.205979284375 0.047007415625 0.29739485234375 0 0.3231481484375 0 0.3263888890625
0 0 0.3106481484375 0.0849664546875 0.2644381671875 0.19751942109375 0.2024482109375 0.32883121484375 0.12868801015625 0.44822563593750003 0.06198995625 0.44712217499999996 0.05924356562500001 0.2670374296875 0.16046767109375 0.12645656796875 0.23736660390625 0.00048185625 0.30793128671875 0 0.3106481484375
1 0.5318627453125 0.61819172109375 0.55514705859375 0.73910675390625 0.57352941171875 0.83169934609375 0.59068627421875 0.9324618734375001 0.59895833359375 0.9286492375 0.582414215625 0.77559912890625 0.573835784375 0.6824618734375 0.5674019609375 0.60947712421875 0.57935048984375 0.6078431375 0.56556372578125 0.5157952070312499 0.5588235296875 0.4678649234375 0.54993872578125 0.4063180828125 0.5419730390625 0.37745098046875 0.52726715703125 0.294117646875 0.51531862734375 0.22058823515624998 0.50398284296875 0.15468409609375 0.4920343140625 0.08605664453125 0.47824754921875 0.0016339867187499999 0.44791666640625005 0 0.45006127421875003 0.026688453125 0.455882353125 0.10185185156250001 0.4552696078125 0.21949891093749999 0.4546568625 0.32843137265625 0.4546568625 0.39978213515625 0.44638480390625 0.428104575 0.44056372578124997 0.454248365625 0.44791666640625005 0.508169934375 0.45557598046875 0.55664488046875 0.46446078437500005 0.6388888890625 0.46476715703125004 0.6721132898437501 0.4681372546875 0.6732026140625 0.52175245078125 0.62200435703125 0.5318627453125 0.61819172109375
0 0.559319690625 0 0.5201419617187499 0.021304490625 0.48488200625 0.039741068750000004 0.48580383515625 0.04219927890625 0.5376567109375 0.0143395609375 0.5634679203124999 0 0.559319690625 0
0 0.590431415625 0 0.55332780234375 0.02007538515625 0.52267699140625 0.036053753125 0.48741703515625 0.05449033125 0.48787795 0.057358242968749994 0.52475110625 0.03851196328125 0.5639288351562499 0.017617175 0.5955014750000001 0 0.590431415625 0