0 0.6423611109375 0.6285072953124999 0.65998526953125 0.5803404414062501 0.70023148125 0.4718481109375 0.73232323203125 0.38439955078125 0.77230639765625 0.27590722031250003 0.8004524414062499 0.2010849234375 0.8401725585937501 0.09446315 0.875157828125 0.0009352789062500001 0.87291666640625 0.0004676390625 0.8414877945312501 0.084175084375 0.8009785351562501 0.1940703328125 0.7533670031249999 0.32173587734375003 0.71154250859375 0.435372240625 0.6702441078125 0.5466704078125 0.63999368671875 0.6266367374999999 0.6423611109375 0.6285072953124999
0 0.49973958359375 0.9995370367187499 0.5142571546875 0.96333707421875 0.53188131328125 0.9161054992187501 0.5671296296875 0.8258511039062499 0.5931712960937501 0.75710811796875 0.606323653125 0.72250280546875 0.6173716328125 0.69444444453125 0.61605639765625 0.6925738867187501 0.564992559375 0.8256613757812501 0.53345959609375 0.90628507265625 0.49765625 0.9995370367187499 0.49973958359375 0.9995370367187499
0 0.053125 0.9995370367187499 0.08049242421875 0.9348110734375 0.149673821875 0.775346053125 0.227798821875 0.5943696218750001 0.29698021875 0.43490460156250005 0.3477306546875 0.31640211640625 0.34617003359375 0.31238308984374996 0.32407407421875 0.3652263375 0.25831228984375 0.51580621015625 0.19807449531250002 0.65750093515625 0.15861742421875 0.74775533125 0.093381734375 0.8992704828125 0.04973958359375 0.9995370367187499 0.053125 0.9995370367187499
0 0.22734375 0 0.16804534296875 0.10239651406250001 0.11337331640625 0.19500561171875 0.05698529375 0.28703703671874997 0 0.37870370390625 0 0.38148148125 0.0454963234375 0.3085511984375 0.11795343124999999 0.18981481484375 0.1704963234375 0.10157952031249999 0.22942708359375003 0 0.22734375 0
0 0.25182291640625 0 0.20561755937499998 0.08095238125000001 0.14783249140625002 0.18097643125 0.072303921875 0.3080065359375 0.000263046875 0.4255518140625 0.000263046875 0.4302282078125 0.06812920859375 0.31893004140625003 0.13546927578125 0.2057613171875 0.19607843125 0.10157952031249999 0.25390625 0 0.25182291640625 0
0 0.01654411796875 0.438453159375 0.07917718828125 0.3324915828125 0.1482843140625 0.21377995625000001 0.20833333359375 0.10974945546874999 0.26925768125 0.0018705578125000001 0.26665351406250004 0.0018705578125000001 0.2233270203125 0.0799663296875 0.16151094296875 0.18705574296875 0.11534926484375001 0.26851851875 0.058396464843749996 0.36429105859375 0.0154718140625 0.437636165625 0.01654411796875 0.438453159375
0 0.67057291640625 0 0.63394360234375 0.08978675625 0.590277778125 0.1987467265625 0.5421401515625 0.31659184453125 0.500052609375 0.42181069921875 0.5011047976562499 0.42461653593750004 0.51767676796875 0.38346427265625 0.5768623734375 0.23709315390625002 0.6328914140624999 0.09913954375 0.67317708359375 0 0.67057291640625 0
0 0.26588541640624996 0.9995370367187499 0.30829124609375 0.89599700703125 0.35511363671875 0.78095772578125 0.405881734375 0.6570332960937499 0.4045664984375 0.6551627382812499 0.3611637203125 0.76131687265625 0.3169718015625 0.86793864609375 0.28382786171875 0.9483726148437499 0.2643623734375 0.9970071078125 0.26588541640624996 0.9995370367187499
0 0.474238015625 0 0.447222221875 0.061728395312499997 0.41145833359374995 0.14305555546874998 0.3704861109375 0.23456790156250001 0.3704861109375 0.23950617265625002 0.3986111109375 0.178858025 0.43958333359374996 0.08688271640625 0.4767361109375 0.0006172835937500001 0.4747916671875 0 0.474238015625 0
0 0 0.940277778125 0.06655092578125 0.79498690625 0.12468434375 0.6663860828125 0.18702651484375 0.5293677515625 0.25252525234375 0.3872053875 0.31302609453125 0.2529928921875 0.3109217171875 0.25346053125 0.228324915625 0.43396932265625 0.16237745078125002 0.579793028125 0.0891729796875 0.7398054617187501 0.04313973046875 0.839880284375 0 0.93518518515625 0 0.940277778125
0 0.346875 0.18024691328125 0.38333333359375 0.09876543203125 0.428472221875 0 0.4263888890625 0.0006172835937500001 0.39444444453125 0.067901234375 0.34375 0.182098765625 0.346875 0.18024691328125
0 0.2578125 0 0.20925245078125002 0.0838779953125 0.15072074921875 0.18377291406250001 0.07628676484375 0.30882352968750004 0.00052609453125 0.42929292890625004 0.0007891414062499999 0.43303404453125005 0.07128577421875 0.31986531953125 0.13888888906250002 0.20809951328124998 0.19938446953125 0.10474186328124999 0.25963541640625 0 0.2578125 0
0 0.02098651953125 0.44417211328125 0.08522727265624999 0.33857089375 0.15364583359375 0.22140522890624997 0.21596696093749998 0.11411335546875001 0.27662826171875 0.0060886640625000005 0.278125 0 0.23069760078125 0.08418443671875 0.169117646875 0.1914488015625 0.12153303906249999 0.27264309765625 0.06365740703125 0.36990273125 0.0193014703125 0.44471677578125 0.02098651953125 0.44417211328125
0 0.0331439390625 0.462027684375 0.09451593124999999 0.357298475 0.1646752453125 0.23774509765625 0.22472426484375002 0.13262527265625 0.29908459609375 0.0004676390625 0.29739583359375 0 0.2391098484375 0.10334829765625 0.17860900703125 0.20997007109375 0.12974877421875 0.294934640625 0.07337622578125 0.39025054453124997 0.03209175078125 0.45968948750000005 0.0331439390625 0.462027684375
0 0.3234375 0 0.26041666640625 0.11316872421874999 0.20071022734375 0.21886457187500002 0.15152041249999998 0.3035072953125 0.0949600171875 0.40076692890625 0.049715909375 0.47745978281249996 0.050505050781250005 0.48026561953125 0.1173190234375 0.36709689453125 0.18566176484375002 0.24809368203124998 0.2470894609375 0.14052287578125 0.32670454531250004 0 0.3234375 0
0 0.00076593125 0.60049019609375 0.01945465703125 0.57352941171875 0.043351715624999995 0.53839869296875 0.06219362734375 0.51171023984375 0.061274510156249996 0.509803921875 0.04641544140625 0.5310457515625 0.0220588234375 0.5669934640625 0.00076593125 0.597222221875 0.00076593125 0.60049019609375
0 0.0001531859375 0.5550108929687501 0.01822916640625 0.52941176484375 0.04013480390625 0.49618736406249997 0.0392156859375 0.49564270156249995 0.0154718140625 0.5305010890624999 0.00091911796875 0.55147058828125 0.0001531859375 0.5550108929687501
0 0.06260521875 0.4971006359375 0.10390361953125 0.42835765078125 0.166053921875 0.32162309375000003 0.21359427578124998 0.2366255140625 0.259627525 0.15478862734375 0.25857533671875 0.15338570859375 0.2204335015625 0.22025813671875 0.19465488203125 0.26702207265625 0.16835016796875 0.3128507296875 0.134154040625 0.372240928125 0.10285143125 0.4255518140625 0.0794402359375 0.46483352031249997 0.0607638890625 0.4947624390625 0.06260521875 0.4971006359375
0 0.26594065625 0.144032921875 0.29356060624999997 0.09306023203125 0.32091750859375 0.043958099218750005 0.34169823203125 0.0042087539062499995 0.34011994921875 0.0004676390625 0.31355218828125003 0.050505050781250005 0.28882575781250003 0.0963337078125 0.26304713828125 0.1435652828125 0.26594065625 0.144032921875
0 0.34791666640624996 0 0.31924019609375 0.05392156875 0.2935658671875 0.1005518140625 0.26778724765625 0.1477833890625 0.270680765625 0.14825102890625 0.298300715625 0.0972783390625 0.32444852968750004 0.04793028359375 0.35052083359375 0 0.34791666640624996 0
0 0.04471275234375 0.9948699960937499 0.0720801765625 0.9301440328125 0.14126157421875002 0.7706790125 0.21938657421875002 0.58970258125 0.28856797109375 0.4302375609375 0.33931840703125 0.31173507578125 0.3377577859375 0.30771604921875 0.3156618265625 0.360559296875 0.2514730640625 0.509259259375 0.18966224765625 0.65283389453125 0.15020517656250001 0.743088290625 0.08496948671875 0.8946034421875 0.0413273359375 0.9948699960937499 0.04471275234375 0.9948699960937499
0 0.2779090921875 1 0.31987058046875 0.8975448937499999 0.36826599296875 0.7781518890625 0.41456228984375 0.66502992890625 0.4124579125 0.66456228984375 0.371948653125 0.7627197906250001 0.32855113671875 0.86948653203125 0.295407196875 0.9499205015625 0.27594170859375 0.99855499453125 0.27681161640625 1 0.2779090921875 1
0 0.2729982109375 0.9996492703125 0.3174978953125 0.8941264500000001 0.3640572390625 0.780022446875 0.4108796296875 0.6645155257812501 0.40982744140625 0.6607744109375 0.36958122890625 0.76038159375 0.32565235703125 0.8665357273437501 0.29145622890625 0.95024317265625 0.27147516796875004 0.9971193414062499 0.2729982109375 0.9996492703125
0 0.5054620023437499 1 0.51978640546875 0.9642817062500001 0.5374105640625 0.9170501312500001 0.57265888046875 0.8267957351562499 0.598700546875 0.7580527499999999 0.6118529039062499 0.7234474375 0.62290088359375 0.69538907578125 0.6215856484375 0.69351851875 0.57052181015625 0.82660600703125 0.5389888468749999 0.9072297046875001 0.50337043359375 1 0.5054620023437499 1
0 0.5122350984375 1 0.5263625843749999 0.96477272734375 0.5439867421875 0.91754115234375 0.57923505859375 0.82728675625 0.6052767257812499 0.7585437710937499 0.6184290828125001 0.72393845859375 0.62868266015625 0.6981855593749999 0.62710437734375 0.69491208359375 0.5770979890625 0.827097028125 0.5455650249999999 0.90772072578125 0.51013513515625 1 0.5122350984375 1
0 0.44463386015625 1 0.45875946953125 0.9647774039062501 0.47690446093750005 0.91844369609375 0.51136363671875 0.8300598578124999 0.53819444453125 0.76038159375 0.5547664140624999 0.7182940515625 0.58764730625 0.6355218851562501 0.58554292890625 0.63458660703125 0.51004840078125 0.8277216609375 0.478219696875 0.9086232695312499 0.44254019296875 1 0.44463386015625 1
0 0.67760416640625 0 0.637363215625 0.10007482265625 0.59343434375 0.20903479218749998 0.5468802609375001 0.32501870546875 0.5047874578125 0.42929292890625004 0.506365740625 0.43116348671875004 0.52083333359375 0.39375233828125 0.5813341750000001 0.2436401046875 0.637363215625 0.10662177343749998 0.68046875 0 0.67760416640625 0
0 0.680844759375 0 0.6407880890625 0.0996165359375 0.5968592171875 0.20857650546875 0.5503051343750001 0.32456041875 0.50821233203125 0.42883464296874996 0.50979061484375 0.43070519999999995 0.52425294609375 0.39421997734374997 0.5852798820312499 0.243172465625 0.6407880890625 0.10616348671875 0.6837083453125 0 0.680844759375 0
0 0.87786458359375 0 0.84464436015625 0.08978675625 0.80360900703125 0.20014964453125 0.75705492421875 0.32688926328125 0.71523042890625 0.4405256265625 0.67393202890625 0.55182379375 0.6436816078125001 0.6317901234375001 0.64604903203125 0.6336606812500001 0.663673190625 0.58549382734375 0.7039194023437501 0.47700149609375 0.736011153125 0.38955293671875 0.7759943179687501 0.28106060624999996 0.8043981484374999 0.2043583984375 0.8433291242187501 0.09913954375 0.88020833359375 0 0.87786458359375 0
0 0.64972643125 0.63973063984375 0.668928871875 0.5892255890625 0.70839646484375 0.47934904609375 0.740488215625 0.39190048671875 0.78047138046875 0.28340815546875 0.8083438554687501 0.20903479218749998 0.8478061867187501 0.10148709296875 0.8846853953125 0.00234754921875 0.8823416453125 0.00234754921875 0.84912142265625 0.09213430624999999 0.80834911640625 0.20296483359375 0.76153198671875 0.3292368125 0.71970749140625 0.44287317656249997 0.67866161640625 0.5546202765625 0.64735900703125 0.638327721875 0.64972643125 0.63973063984375
0 0.82578125 0 0.79440235703125 0.0846427234375 0.75363531171875 0.19313973046875 0.7047032828125 0.32267115625 0.66314183515625 0.43303404453125005 0.640782828125 0.4924242421875 0.61631944453125 0.556490834375 0.61605639765625 0.564440703125 0.63026094296875 0.526561915625 0.65393518515625 0.46483352031249997 0.68550084140625 0.380190796875 0.7249631734374999 0.27497661796875 0.7531092171875 0.20015432109375003 0.79308712109375 0.09539842890625 0.8283354375 0 0.82578125 0
1 0.5329861109375 0.678858025 0.56655092578125 0.61095678984375 0.59085648125 0.6366769546875 0.61458333359375 0.6850308640625 0.62789351875 0.70046296328125 0.6724537039062499 0.7426440328125 0.72395833359375 0.7909979421875 0.72743055546875 0.7817386828124999 0.61226851875 0.574948559375 0.6174768515625 0.55745884765625 0.56539351875 0.515277778125 0.484375 0.40313786015625 0.4045138890625 0.29511316875000004 0.35416666640625 0.20457818906249997 0.34143518515625 0.18708847734375 0.3362268515625 0.207664609375 0.32407407421875 0.20149176953125 0.26215277812500004 0.14079218124999998 0.2575231484375 0.1469650203125 0.29918981484375 0.23029835390625003 0.34722222187499996 0.31568930078125 0.36805555546875 0.32906378593749996 0.42534722187499996 0.5831790125 0.41840277812500004 0.6140432101562501 0.4079861109375 0.64284979453125 0.415509259375 0.651080246875 0.46354166640625005 0.7189814812499999 0.49884259296875 0.78791152265625 0.5329861109375 0.678858025
0 0.48240017343749997 0 0.4564236109375 0.05833333359375 0.419965278125 0.14228395078125 0.376215278125 0.24228395078124998 0.37760416640625 0.2453703703125 0.40711805546875 0.17808641953124998 0.448090278125 0.0861111109375 0.48579251640625004 0 0.48240017343749997 0
3 0.065257353125 0.50326797421875 0.01669730390625 0.45860566484375004 0.02175245078125 0.4504357296875 0.020680146875 0.44744008749999997 0.0134803921875 0.456427015625 0.00949754921875 0.4512527234375 0.0134803921875 0.44498910703125 0.014859068750000001 0.44771241796875005 0.01593137265625 0.44662309375 0.012561274218749998 0.438453159375 0.011488970312500001 0.43954248359375 0.012561274218749998 0.44308278828125003 0.00811887265625 0.44961873671874997 0.0015318625 0.43572984765625 0.0006127453125 0.437363834375 0.00612745078125 0.45234204765625 0.0001531859375 0.44744008749999997 0.000347221875 0.45802469140625 0.049652778125000005 0.49938271640625 0.11666666640625001 0.5518518515624999 0.118402778125 0.545061728125 0.065257353125 0.50326797421875
0 0 0.59042264921875 0.018581495312499998 0.5636165578125001 0.04227941171875 0.526688453125 0.055912989843750004 0.50626361640625 0.0546875 0.5049019609375 0.043351715624999995 0.5223311546875 0.021185661718750002 0.55708061015625 0 0.58715713671875 0 0.59042264921875
0 0.0001531859375 0.58333333359375 0.01830576015625 0.5571895421875 0.042003676562499995 0.52026143828125 0.053462010156249996 0.50245098046875 0.05238970625 0.50136165546875 0.043075980468750004 0.5159041390625 0.02022058828125 0.55092592578125 0.00045955859374999995 0.58169934609375 0.0001531859375 0.58333333359375
0 0.22942708359375003 0 0.1681985296875 0.10593681953125 0.112132353125 0.2007080609375 0.05719975468750001 0.29204793046875 0.00021446093749999997 0.383714596875 0.00021446093749999997 0.386492375 0.045710784375 0.31356209140625 0.11801470624999999 0.1950980390625 0.1704963234375 0.10539215703125 0.23177083359375 0 0.22942708359375003 0
0 0.0673481265625 0.5020848757812499 0.10864652734375 0.43334188984375005 0.1707968296875 0.32660733359375 0.22329343984375 0.2344365640625 0.2643704328125 0.15977286640625 0.26331824453124997 0.15836994843750002 0.225176409375 0.2252423765625 0.19939778984375 0.27200631249999996 0.17309307578125 0.31783496875 0.1388969484375 0.3772251671875 0.1075943390625 0.43053605390625 0.08418314375 0.46981776015625 0.065506796875 0.49974667890625 0.0673481265625 0.5020848757812499