1 0.5783371039062499 0.553879671875 0.5808116515624999 0.55178481640625 0.58128299375 0.54654767890625 0.58906014296875 0.53355957734375 0.61510181015625 0.4782554046875 0.65233785859375 0.41729512343749997 0.65363405 0.4179235796875 0.65269136484375 0.42148483359375 0.6538697210937501 0.4210658625 0.66023284296875 0.41184849999999995 0.6614111992187499 0.41352438437499994 0.66730297890625 0.40409753671875004 0.6667138007812501 0.39194737734374996 0.6657711164062501 0.389852521875 0.6597615007812501 0.33287246484375 0.6724877453125 0.3213507625 0.682328259375 0.3058591375 0.683243071875 0.3062928265625 0.7301093515625 0.22980559765625 0.7311698718749999 0.22666331484375002 0.7305693796875 0.22161505781250002 0.764046003125 0.09384950546875001 0.76581353671875 0.08882185390625 0.76593137265625 0.08547008515625 0.76310331796875 0.082327803125 0.76003959296875 0.08882185390625 0.75520833359375 0.092173621875 0.69499434375 0.13092843984375 0.6886312218749999 0.1342802078125 0.68556749609375 0.13469917890625 0.6429110109375 0.20341042421875 0.6347803546875 0.213465728125 0.6374905734375 0.2143036703125 0.6206400828125 0.25473437265625 0.5994296757812501 0.24300318437500001 0.59754430625 0.23965141640624998 0.59070984140625 0.23818501796875 0.5844645546875 0.24865929296874997 0.56867458515625 0.28615719765625 0.56219362734375 0.303963465625 0.544753959375 0.32407407421875 0.50315799375 0.37665493515625 0.49726621406250004 0.38503435546875 0.5032758296875001 0.388595609375 0.52083333359375 0.40409753671875004 0.54121889140625 0.44934640546875004 0.53626979609375 0.46128707890625 0.5367411390625 0.46673370234375 0.540865384375 0.4690380421875 0.55406297109375 0.454164571875 0.5613687781250001 0.47050444140625 0.5717383109374999 0.523713759375 0.5766874054687501 0.54759510625 0.576451734375 0.5522037875 0.5783371039062499 0.553879671875
0 0.568037665625 0.50589816953125 0.54760685 0.46177031796875 0.54663105 0.46263769609375 0.56907445390625 0.510235059375 0.568037665625 0.50589816953125
0 0.5638295273437499 0.48443056640625004 0.56303668984375 0.48041894375 0.55199795078125 0.4566744734375 0.55132708828125 0.45765027343750003 0.5638295273437499 0.48443056640625004
0 0.488753903125 0.32971203046875003 0.44386709609375 0.2289877703125 0.41294642890625 0.1594891140625 0.37318257187500004 0.07004076640625 0.3421399296875 0.00010842187499999998 0.34134709218750003 0.00010842187499999998 0.35635001953125 0.0339361609375 0.39117388750000004 0.11265070703124999 0.42953503125000003 0.19917165390625 0.46204137421875 0.27246508828125 0.5066842312500001 0.37243039296874997 0.50735509375 0.37156301484375 0.488753903125 0.32971203046875003
0 0.34768979296875 0 0.38373341171875 0.0814251015625 0.4197770296875 0.16241651484375 0.45466188515625 0.24091421640625002 0.47771516406250003 0.29263162421875 0.5110143445312499 0.36700928125 0.51156323203125 0.3658166359375 0.46881098750000005 0.27007979843749996 0.43715847031250005 0.199713765625 0.40471311484375 0.12609506484375 0.36830357109375 0.0446699625 0.34848263046875 0 0.34768979296875 0
0 0.49210821640624997 0.2384205046875 0.44112265781250004 0.12533610859375 0.40276151406249994 0.039682539843749996 0.38477019921875 0 0.38403834921875 0.00010842187499999998 0.42331430546875 0.0878220140625 0.467896175 0.18681151875 0.5046106554687501 0.2685618875 0.5350434234375 0.33578367578125 0.5357142859375 0.33480787578125 0.49210821640624997 0.2384205046875
0 0.63225751328125 0.1306487984375 0.59084699453125 0.04293520703125 0.57053815390625 0.00010842187499999998 0.5693793914062499 0 0.6080454726562501 0.081858790625 0.6554937546875 0.18247462890625 0.6562256046875 0.1811735625 0.63225751328125 0.1306487984375
0 0.6340871390625 0 0.67061865703125 0.076220834375 0.69629439921875 0.12988984296875 0.69727019921875 0.12913088749999999 0.6542740046875 0.0395741171875 0.6353678765625 0 0.6340871390625 0
0 0.66567866875 0 0.702271175 0.07535345624999999 0.720994340625 0.1139517734375 0.721787178125 0.11319281796875 0.68812207265625 0.04336889609375 0.66695940703125 0 0.66567866875 0
0 0.79704576484375 0.27419984375 0.8475434234374999 0.38023679453125003 0.9191427593749999 0.53040159609375 0.97641003125 0.6495576375 0.9997395835937499 0.69768518515625 0.9997395835937499 0.69444444453125 0.9605532789062501 0.61312776484375 0.9322550742187501 0.5542544890625 0.8701697890625001 0.42436464531249996 0.8114998046874999 0.30141382578125003 0.76502732265625 0.20329169921874998 0.74618218203125 0.16328389296875 0.74551131953125 0.1654523375 0.79704576484375 0.27419984375
0 0.79369145234375 0.33502472031249997 0.8613875875 0.4771662765625 0.9235338601562499 0.607815075 0.98208186953125 0.72968167265625 0.9997395835937499 0.7662037039062499 0.9997395835937499 0.76296296328125 0.9465871390625 0.65183450390625 0.89145443046875 0.53734061953125 0.8287592703125 0.4056075984375 0.7710650859375 0.2842831125 0.7345335671875 0.20676121093750002 0.7338627046874999 0.20882123359375 0.79369145234375 0.33502472031249997
0 0.7517930328125 0.38685055078124997 0.8009489656250001 0.490610634375 0.8634611632812501 0.622668921875 0.91523955859375 0.731416428125 0.9997395835937499 0.9078703703125001 0.9997395835937499 0.90416666640625 0.97183596796875 0.84666926875 0.878342115625 0.65085870390625 0.81479313046875 0.51706566015625 0.762831771875 0.40690866484375 0.724409640625 0.3258088296875 0.70141735 0.27680197734375 0.7006245117187501 0.27821146640625 0.7517930328125 0.38685055078124997
0 0.6529322796875 0.5925275390625 0.7120291765625 0.71948998203125 0.7711870609375 0.84688611328125 0.84270833359375 0.9995370367187499 0.8440104164062501 0.9995370367187499 0.7899102265625 0.8835328304687501 0.74545033203125 0.78833810390625 0.681718384375 0.65118397109375 0.62798838828125 0.5358227078125 0.60810646015625 0.49332118984375006 0.6075575718749999 0.49473067890625 0.6529322796875 0.5925275390625
0 0.6366486140625 0.64153439140625 0.69050058515625 0.7579798765625 0.73526541796875 0.85480093671875 0.80234375 0.9995370367187499 0.80390625 0.9995370367187499 0.77576112421875 0.9391534390625 0.70660128828125 0.7899644375 0.6543349921875 0.677422153125 0.6104239851562501 0.58298638203125 0.58852946953125 0.5349553296875 0.58785860625 0.536256396875 0.6366486140625 0.64153439140625
0 0.6475043914062499 0.6801327085937501 0.7002585867187501 0.79365079375 0.76850361015625 0.9408881953125 0.79557291640625 0.9995370367187499 0.7971354164062501 0.9995370367187499 0.722275078125 0.83853760078125 0.6745828453125 0.7355364734375 0.6202429742187501 0.61833203203125 0.5848092312500001 0.54167750859375 0.58383343125 0.5423280421875 0.6475043914062499 0.6801327085937501