1 0.6977513226562501 0.72383891796875 0.6766699734375 0.5849500296875 0.7035383601562499 0.38580246875 0.716807909375 0.2877824859375 0.73702050234375 0.31525573203125 0.7651289679687501 0.3373015875 0.7705026453125 0.3373015875 0.8039847882812501 0.284391534375 0.8486276453125001 0.2123750734375 0.84823004921875 0.20362523515625003 0.78538359765625 0.196942975 0.72916666640625 0.19400352734374998 0.73660714296875 0.14329806015625 0.74115410078125 0.14476778359375 0.73920815703125 0.13378844921875 0.72916666640625 0.13516164453124999 0.68948412734375 0.21751910625 0.6001984125 0.25205761328125 0.53573004921875 0.2773854359375 0.49103990078125 0.23010828593750002 0.485743290625 0.23815128671875 0.49892526484375 0.28145208671875 0.453042328125 0.32407407421875 0.3889715609375 0.382863021875 0.3889715609375 0.39021163984374996 0.44105489453124996 0.42915931796875 0.47329695781250003 0.45047031171874996 0.48032407421874995 0.44679600234374994 0.5014054234375 0.40784832421874995 0.5237268515625 0.35934744296875 0.5811838625 0.56069958828125 0.5774636242187501 0.60846560859375 0.58077050234375 0.6158142265625 0.590277778125 0.6158142265625 0.59110449765625 0.635655496875 0.59358465625 0.7848324515625 0.6007068453125 0.784656084375 0.6423163656249999 0.6677166859375 0.69278887421875 0.7257063765625 0.6977513226562501 0.72383891796875
1 0.15335648125 0.2373603765625 0.1136739421875 0.1631393296875 0.14632936484375 0.14035861249999998 0.15997023828125 0.185920046875 0.16451719609374998 0.1822457375 0.15087632265625 0.1352145796875 0.08804563515625 0.102145796875 0.07151124375 0.04850088203125 0.1202876984375 0.02057613203125 0.1359953703125 0.06907701328125 0.13971560859375 0.06907701328125 0.12347722421875 0.01353578125 0.09322916640625 0 0 0.00587889453125 0.00041336015625 0.07863021718749999 0.025214946874999998 0.0720164609375 0.046709656249999995 0.13741916484375 0.01942791015625 0.19032921796875 0.037615740625 0.24176954765624997 0.04133597890625 0.23956496171875 0.0248015875 0.19032921796875 0.06489748671875 0.1910640796875 0.0764715609375 0.23221634296875 0.0987929890625 0.354203409375 0.1264880953125 0.49235743671875004 0.1314484125 0.49235743671875004 0.14922288359375 0.41005291015624995 0.206266534375 0.46443268671875 0.21164021171875 0.46149323906250006 0.18477182578125 0.3461199296875 0.21164021171875 0.34905937656249997 0.15335648125 0.2373603765625
0 0.09713541640625 0.9995370367187499 0.11222192812500001 0.8125392343750001 0.13042902578124999 0.5953782171875 0.14234639843750002 0.44471908359374995 0.13991878515625 0.45531230390625 0.13064971718750001 0.56477558046875 0.10769773984375 0.84824231015625 0.09505208359375 0.9995370367187499 0.09713541640625 0.9995370367187499
0 0.04192708359375 0.9995370367187499 0.06223516953125 0.8043000625 0.085187146875 0.58655053359375 0.10549081953124999 0.3872410546875 0.10416666640625001 0.38429849374999997 0.08033192109375001 0.6100910234375 0.05561440703125 0.8500078468750001 0.03958333359375 0.9995370367187499 0.04192708359375 0.9995370367187499
0 0.0008827687500000001 0.528287821875 0.041600459374999996 0.24403640937499999 0.037407309374999996 0.24266321406250002 0 0.51018518515625 0.0008827687500000001 0.528287821875
0 0.51287615703125 0.9986625515625001 0.492033015625 0.703272128125 0.47404661015625005 0.4513888890625 0.47283280390625004 0.45178123046875 0.483315678125 0.60361738828125 0.5000882765625 0.83823760234375 0.5109375 0.9995370367187499 0.51287615703125 0.9986625515625001
0 0.4643361578125 0.31426553671875 0.44822563593750003 0.10122410546875 0.44105314296875 0.00019617109375 0.43958333359374996 0 0.44888771171875 0.12437225390625 0.46279131328125 0.315246390625 0.4643361578125 0.31426553671875
0 0.5960893359375 0.25364877578125 0.56861317109375 0.08847300703125 0.5546875 0 0.5534957625 0.00098085390625 0.5725856289062501 0.11986032656250001 0.59476518359375 0.253256434375 0.5960893359375 0.25364877578125
0 0.6755208335937499 0 0.6925317796875 0.0657172 0.7174699859375 0.16105618359375 0.71901483046875 0.15772128046875 0.698159428125 0.07768361562500001 0.67760416640625 0 0.6755208335937499 0
0 0.9962363140624999 0.5744795890625001 0.9447232359375001 0.42714247109375 0.8998631390625 0.30075696171875 0.85196167890625 0.15882671015625 0.80338541640625 0 0.80101885625 0.00033792890625 0.8367548664062501 0.11557177578125 0.8694495132812501 0.21526088125 0.90784143515625 0.3312242796875 0.9424422140625 0.43153555 0.97190541328125 0.51466612578125 0.9945255476562499 0.57616923515625 0.9962363140624999 0.5744795890625001
0 0.81848958359375 0 0.8523418492187499 0.10171668046875 0.90309458671875 0.25243308984375 0.9490951945312499 0.3818599625 0.99889750625 0.52514193046875 0.9997395835937499 0.5212962960937501 0.9342685523437501 0.331508515625 0.8970118609375 0.22708840234375 0.85348236015625 0.10036496328125 0.82083333359375 0 0.81848958359375 0
0 0.90703125 0.9995370367187499 0.885968396875 0.9019930945312501 0.8629060734375 0.79311833046875 0.82814706953125 0.63049278125 0.79713983046875 0.48356089140625 0.767567090625 0.34329880703125004 0.76326359453125 0.339179221875 0.80199505625 0.52573760234375 0.8392920195312501 0.702683615625 0.87614759921875 0.87923728828125 0.9015271890625 0.99948995625 0.90703125 0.9995370367187499
0 0.70364583359375 0.9995370367187499 0.69869523203125 0.96291523515625 0.68473475078125 0.865549828125 0.6754725085937501 0.79658266484375 0.6604381445312499 0.68943298984375 0.65842461328125 0.68609201953125 0.670237328125 0.7741504390625 0.69023840234375 0.9161416570312501 0.70182291640625 0.9995370367187499 0.70364583359375 0.9995370367187499
0 0.5186264125 0.99929378515625 0.4972192796875 0.7005257375 0.47827065703124994 0.44889359687499997 0.47705685000000003 0.44928593828125 0.48817090390624995 0.59989014453125 0.505274540625 0.8350988703125 0.51744791640625 0.9995370367187499 0.5186264125 0.99929378515625
0 0.52239583359375 0.9995370367187499 0.5005605578125001 0.70097300703125 0.48161193515624995 0.44934086640625 0.48039812890625005 0.4497332078125 0.49151218203124997 0.6003374140625 0.5088056140624999 0.83568738203125 0.52083333359375 0.9995370367187499 0.52239583359375 0.9995370367187499
0 0.46786723124999996 0.31191148750000003 0.45167726015625 0.10056497187499999 0.44375 0 0.4428186796875 0.00039234140625 0.45233933593750003 0.12371311953125 0.46676377109375 0.31289234140625 0.46786723124999996 0.31191148750000003
0 0.47084657500000004 0.30818424375000003 0.454184321875 0.10102793437499999 0.44635416640625003 0 0.44513594609374996 0.00019617109375 0.4548463984375 0.1235875703125 0.46941207656249995 0.30877275546875 0.47084657500000004 0.30818424375000003
0 0.59932026875 0.25338198359374997 0.571371821875 0.08847300703125 0.55669579765625 0 0.5555923375 0.00039234140625 0.57545462578125 0.11927181406250001 0.597996115625 0.25298964218750003 0.59932026875 0.25338198359374997
0 0.602930790625 0.25051004374999997 0.57523393359375 0.08729598281249999 0.5602268710937499 0.00039234140625 0.558933615625 0 0.57942708359375 0.11848713125000002 0.60182733046875 0.25109855625 0.602930790625 0.25051004374999997
0 0.6816207624999999 0 0.6987111578125 0.0643440046875 0.72177348125 0.14987445078125 0.72254590390625 0.14810891406249999 0.7037870765625 0.07729127421875 0.68307291640625 0 0.6816207624999999 0
0 0.7370012359375 0.131042059375 0.72298728828125 0.0774874453125 0.7035178320312501 0.000054928124999999995 0.702065678125 0 0.7184631 0.06512868828125 0.7355667375 0.13241525390625 0.7370012359375 0.131042059375
0 0.91473340390625 0.9995370367187499 0.89314088984375 0.897284996875 0.869747528125 0.78958725703125 0.8353195625 0.6301004390625 0.8029881710937501 0.48061833046875 0.77308439296875 0.33819836796875 0.7710981640625 0.33702134375 0.8106020476562501 0.523383553125 0.8480093570312499 0.6991525421875 0.88633033203125 0.8765458257812501 0.9126500703125 0.9995370367187499 0.91473340390625 0.9995370367187499
0 0.9288930085937499 0.99948995625 0.9040651484375 0.88571092265625 0.88012005625 0.77762084140625 0.84536105234375 0.6198995609375 0.8115951625 0.4692404265625 0.780067090625 0.326679221875 0.77808086171875 0.325502196875 0.818657309375 0.510828625 0.8587129234375 0.69091337109375 0.89755473125 0.8655053359375 0.92630208359375 0.9995370367187499 0.9288930085937499 0.99948995625
3 0.9854014601562501 0.709313328125 0.99870742109375 0.63801027265625 0.9992776765625001 0.61469316015625 0.9997395835937499 0.58981481484375 0.99870742109375 0.5832657476562499 0.993575121875 0.58529332265625 0.992054440625 0.5988104890625 0.9880626523437501 0.6069207890625 0.98654197109375 0.62719653984375 0.9880626523437501 0.63158961875 0.9930048664062501 0.63260340625 0.99566605859375 0.62618275234375 0.9973768249999999 0.63023790234375 0.973236009375 0.75966477421875 0.97608728671875 0.7616923492187501 0.9854014601562501 0.709313328125
0 0.7083601804687499 1 0.7027222937500001 0.9650630007812501 0.6894490976562501 0.866533028125 0.6794995703125 0.7968213054687501 0.6652706187499999 0.692773959375 0.6632570875 0.6908648335937501 0.674951675 0.7751336390625 0.69495274921875 0.91712485703125 0.7065372640625001 1 0.7083601804687499 1
0 0.7138638312500001 1 0.70891323046875 0.9647002671875 0.69495274921875 0.8673348609374999 0.685003221875 0.798491790625 0.671848153125 0.7013650250000001 0.669834621875 0.69945589921875 0.6804553265625 0.775935471875 0.7004564 0.91792668984375 0.71204091484375 1 0.7138638312500001 1
0 0.158164828125 0.244757625 0.16237745078125002 0.18756808281249998 0.16065410546875 0.18756808281249998 0.1564414828125 0.24237472734374998 0.158164828125 0.244757625
0 0.16444052421875 0.17510453984375002 0.177881384375 0.075044803125 0.18628192187499998 0.0018667859375 0.18439180078125 0.00074671484375 0.17179099453125 0.1000597375 0.16276041640625 0.17137096796875 0.16444052421875 0.17510453984375002
3 0.8805863578125 0.08213858984375 0.8864667335937501 0.001120071875 0.88310651875 0 0.87659610234375 0.0858721625 0.86861559140625 0.17547789687499998 0.86798555078125 0.18929211484375 0.8713457664062499 0.189665471875 0.8805863578125 0.08213858984375
0 0.95619119609375 0.36140979687499997 0.9274193546875 0.28113799296875 0.8940272179687501 0.18705197109375 0.87113575234375 0.120594384375 0.8478242609375 0.050776582812500005 0.8316532257812501 0.00149342890625 0.8282930109375 0 0.8581149195312501 0.08773894843749999 0.8805863578125 0.15419653515625 0.9068380375 0.23073476718750002 0.9370799734374999 0.3143667859375 0.95703125 0.36887694140625 0.95619119609375 0.36140979687499997