0 0.9995144773437501 0.035899246875 0.97247969609375 0.0005885125 0.9713762359375 0.0005885125 0.9995144773437501 0.038253295312500005 0.9995144773437501 0.035899246875
0 0.80067090390625 0.05120056484375 0.8635681500000001 0.149482109375 0.93319650390625 0.2561989953125 0.9703831210937499 0.31367702421875 0.9997395835937499 0.3578703703125 0.99973516953125 0.35251883203125 0.95504502109375 0.284839925 0.8874028953125 0.18086942890625 0.8358712921875 0.10122410546875 0.77120851015625 0.00039234140625 0.76844985859375 0.0005885125 0.80067090390625 0.05120056484375
0 0.8117055085937499 0.05688951640624999 0.8576094632812501 0.12809949765625 0.9148790609375 0.215787821875 0.954162253125 0.2764045828125 0.9997395835937499 0.34583333359375 0.9997395835937499 0.34351851875 0.9810866875 0.31505021953125 0.93904484453125 0.25149089765625 0.8779131359375001 0.15752511015624998 0.82439530390625 0.0755257375 0.7765051203125 0.00039234140625 0.77529131328125 0.00039234140625 0.8117055085937499 0.05688951640624999
0 0.93838276875 0.0600282484375 0.9996248234375 0.14653954765625 0.9995144773437501 0.14497018203125 0.96067266953125 0.09004237265625001 0.8977754234375 0.00039234140625 0.8966719632812501 0.00039234140625 0.93838276875 0.0600282484375
0 0.91598252109375 0.0339375390625 0.968286546875 0.10809008125 0.9996248234375 0.15262084140625 0.99940413125 0.1508553046875 0.95625882734375 0.08945386093749999 0.8942443499999999 0.00098085390625 0.8926995054687501 0.00019617109375 0.91598252109375 0.0339375390625
0 0.9320930437499999 0.06297081015625 0.9678451625 0.1135828625 0.9995144773437501 0.158702134375 0.99940413125 0.15654425624999999 0.96376235859375 0.10612837421875002 0.9264653953125 0.053358442968749996 0.8899408546875 0.00098085390625 0.88883739375 0.00098085390625 0.9320930437499999 0.06297081015625
0 0.84767831953125 0.00039234140625 0.87140271875 0.0372724421875 0.92183086171875 0.11024796015625 0.9501897953125 0.15065913359375 0.97788665234375 0.1889124296875 0.9997395835937499 0.21805555546875 0.99973516953125 0.2165725046875 0.96607962578125 0.17066855 0.9389344984375001 0.1331999375 0.8830994000000001 0.05257376015625 0.849002471875 0.0007846828125 0.84767831953125 0.00039234140625
0 0.8440104164062501 0 0.8939133125 0.07572190859375 0.9344103109375 0.134180790625 0.9704934671875 0.18381198984375 0.9997395835937499 0.22314814843750003 0.9996248234375 0.22088826093749997 0.9605623234375 0.168510671875 0.9253619351562501 0.11927181406250001 0.8826580156249999 0.05688951640624999 0.84505208359375 0 0.8440104164062501 0
0 0.99929378515625 0.24403640937499999 0.96663135625 0.1989171375 0.923817090625 0.13928123046875002 0.8855270125000001 0.08415725078125 0.830685028125 0.0005885125 0.82958156796875 0.00098085390625 0.8633474578125 0.05257376015625 0.89920992265625 0.10573603281249999 0.9444518007812499 0.17047237890625 0.9996248234375 0.2461942875 0.99929378515625 0.24403640937499999
0 0.82351253515625 0 0.8492231640625001 0.039626490624999997 0.89600988671875 0.10965944765624999 0.945444915625 0.181457940625 0.9997395835937499 0.25601851875000003 0.9995144773437501 0.25364877578125 0.96541754921875 0.2073524796875 0.9248102046875 0.15007062109375 0.87217514140625 0.07238700546875 0.8249470335937501 0 0.82351253515625 0
2 0.58836511328125 0.70444915234375 0.58935822734375 0.70641086015625 0.590903071875 0.70778405546875 0.5920065328125 0.70915725078125 0.593882415625 0.710334275 0.59553760625 0.7095495921875 0.59642037421875 0.70935342109375 0.59763418046875 0.708176396875 0.5988479875 0.70562617734375 0.60006179375 0.70307595703125 0.630848340625 0.4360875703125 0.63239318515625 0.4366760828125 0.63426906796875 0.42235561796875 0.68767655390625 0.35389202734374997 0.683152365625 0.381552103125 0.683152365625 0.38272912734375 0.68370409609375 0.38331763984375 0.6845868640624999 0.38429849374999997 0.685690325 0.38410232265625 0.68624205546875 0.38351381015624997 0.68701447734375 0.38272912734375 0.69109728125 0.35291117421874996 0.691869703125 0.3513418078125 0.69120762734375 0.3470260515625 0.6892213984375 0.34584902734375 0.68822828359375 0.34624136875 0.6883386296875 0.3470260515625 0.6892213984375 0.347810734375 0.6337173375 0.4127432515625 0.64177259921875 0.344083490625 0.644089865625 0.34329880703125004 0.644341290625 0.33696826796875 0.70820091796875 0.24717514140625002 0.7024629234375 0.28052416796875 0.702683615625 0.2813088515625 0.70323534609375 0.282093534375 0.7041181140624999 0.28268204609375 0.704780190625 0.28268204609375 0.705662959375 0.28268204609375 0.70637157421875 0.28072502187500004 0.7116216453125 0.24737131171875001 0.71095956953125 0.24580194609375 0.71073887734375 0.24482109218749998 0.7116216453125 0.24384023828124998 0.71239406796875 0.24462492187499998 0.71305614375 0.243447896875 0.71272510625 0.24148618984375 0.7120630296875 0.23952448203125 0.7111802609375 0.23815128671875 0.710187146875 0.23697426250000003 0.70886299453125 0.23638575 0.70820091796875 0.237562775 0.70775953359375 0.239132140625 0.708090571875 0.23991682343749998 0.64420021171875 0.32348556171875 0.65457273984375 0.23246233515624998 0.65711069921875 0.23148148124999998 0.6574417375 0.2252040171875 0.713497528125 0.1459510359375 0.70643538125 0.186950721875 0.7070974578125 0.1883239171875 0.70731815 0.18910860000000002 0.7076491875 0.18930477109375 0.7076491875 0.19028562421875 0.70842161015625 0.19028562421875 0.70864230234375 0.18930477109375 0.70985610859375 0.1889124296875 0.71051818515625 0.1885200875 0.717690678125 0.14732423125 0.7174699859375 0.1459510359375 0.71691825546875 0.144577840625 0.7162561796875 0.144577840625 0.7153734109375 0.14418549921874999 0.71669756328125 0.14202762109375 0.71758033203125 0.14359698671875 0.71857344609375 0.1432046453125 0.71857344609375 0.1416352796875 0.7165872171875 0.13731952265625 0.714711334375 0.13594632734375 0.71426995078125 0.13594632734375 0.71382856640625 0.13653483984375 0.7141596046875 0.13869271796875 0.65689000703125 0.21304143125000002 0.67189706953125 0.0845495921875 0.67377295234375 0.08356873828125 0.67388329765625 0.08043000624999999 0.7016053273437499 0.041629825781250004 0.7127956453125 0.027998821093749997 0.71261476015625 0.03001412421875 0.71404925859375 0.03001412421875 0.7146009890625 0.02844475859375 0.71316648984375 0.02373666015625 0.71051818515625 0.02216729453125 0.710187146875 0.02275580703125 0.7105852125000001 0.02541998203125 0.7007764148437501 0.036349346875 0.6746557203125 0.07003295703125 0.67432468203125 0.06826742031250001 0.67366260625 0.066894225 0.67289018359375 0.06512868828125 0.672338453125 0.06454017578125 0.671124646875 0.06375549296875001 0.66957980234375 0.06297081015625 0.66825565 0.062382297656249995 0.66682115078125 0.06257846796875 0.66582803671875 0.06316698046875 0.6647245765625 0.06395166328125 0.663621115625 0.06473634687499999 0.66251765546875 0.0663057125 0.661965925 0.06865976171875 0.66185557890625 0.07003295703125 0.66207627109375 0.07140615156249999 0.66251765546875 0.07356403046875 0.66284869375 0.074937225 0.66251765546875 0.08043000624999999 0.65986935 0.08298022578125 0.6602978562499999 0.08547008515625 0.6318414546875 0.1051475203125 0.623344809375 0.11279817968750001 0.621248234375 0.1116211546875 0.62069650390625 0.11397520390625 0.62140804609375 0.11960899921874998 0.6213389703125001 0.12243344140625001 0.62037190546875 0.12108262109375001 0.6198883734375 0.12231063984374999 0.623342175 0.12857353359374998 0.62382570703125 0.1274683171875 0.621477121875 0.12366146015624999 0.6221678820312501 0.12120542265625 0.6243379234375 0.1214296921875 0.6252206921875 0.12025266796875 0.62511034609375 0.1177024484375 0.6381311796875 0.10671688671874999 0.6609728109375 0.09278876328124999 0.6451933265625 0.2214767734375 0.64453125 0.22265379765625 0.6435381359375001 0.2220652859375 0.6426553671875 0.2236346515625 0.64210363671875 0.22951977421874997 0.59377206953125 0.27051946015625 0.5828478109375 0.28228970468750003 0.5814133125 0.28189736328125 0.5803098515625 0.28327055859375 0.57997881328125 0.28464375390624996 0.580089159375 0.28680163203125 0.58086158203125 0.28876333984375 0.58042019765625 0.29111738828125 0.580089159375 0.29249058359375 0.5793167375 0.334274953125 0.5798684671875 0.33584431875 0.5807512359375 0.33682517265625 0.58207538828125 0.33662900156250003 0.58317884921875 0.33604048984375 0.58373057890625 0.33486346484374996 0.58483403984375 0.2915097296875 0.5840616171875 0.2905288765625 0.58461334765625 0.28915568125 0.58461334765625 0.28680163203125 0.59785487265625 0.27405053359375 0.64298640546875 0.24030916484375 0.63195180078125 0.3323132453125 0.630848340625 0.33407878203124997 0.62963453359375 0.333686440625 0.6289724578125 0.33525580703125 0.6289813078125001 0.34078251171875 0.56905455546875 0.39881512890625 0.56099929375 0.40783898281250003 0.55923375703125 0.4068581296875 0.5591234109375 0.40823132421875 0.5597854875 0.41313559296875 0.5597854875 0.4149011296875 0.5591234109375 0.4160781546875 0.55923375703125 0.45178123046875 0.55945444921875 0.45276208437500004 0.5603372171875 0.45374293750000005 0.56155102421875 0.45374293750000005 0.56276483046875 0.4529582546875 0.5633165609375 0.45197740078125 0.5628751765625 0.416274325 0.56283156484375 0.41347381875 0.5702227007812499 0.4054916984375 0.6294138421875 0.353303515625 0.62091719609375 0.42235561796875 0.61970338984375 0.42294413046874996 0.6188206210937499 0.42372881328125 0.6194739171875 0.42808723828125006 0.56138096796875 0.4802780234375 0.56044756328125 0.48022598906249997 0.5595647953125 0.48061833046875 0.55989583359375 0.48316855 0.5602268710937499 0.4845417453125 0.55923375703125 0.48669962343749995 0.55945444921875 0.5169099187499999 0.5602268710937499 0.5176946015625 0.5612199859375 0.51808694296875 0.56210275390625 0.5176946015625 0.56309586875 0.51632140625 0.5628751765625 0.48807281874999997 0.5624337921875 0.48709196484375 0.56309586875 0.48414940390625 0.5821037796875 0.46664701875 0.619151659375 0.43765693671875 0.58792372890625 0.69719083515625 0.58792372890625 0.70091807890625 0.58836511328125 0.70444915234375
0 0.66748322734375 0.1239799125 0.69286281796875 0.16517576875 0.69363523984375 0.16439108593750001 0.6680349578125 0.12201820468749999 0.66748322734375 0.1239799125
0 0.70630249765625 0.18493958125 0.697115384375 0.16971215234374998 0.6963394953125001 0.1706768390625 0.7059571179687499 0.18665880703124998 0.70630249765625 0.18493958125
0 0.7740977109375 0.31364110625 0.8098591546874999 0.38031429296875 0.8671691609375 0.48643714140625 0.8999046359375 0.54740479921875 0.93860035234375 0.61799034921875 0.9802303406249999 0.6952595203125 0.9997395835937499 0.73101851875 0.9997395835937499 0.727777778125 0.96106587421875 0.65678795 0.93208993515625 0.60413406328125 0.8832159624999999 0.514312728125 0.8253557804687499 0.40672274374999995 0.78445936015625 0.33075769453125 0.75071522890625 0.2678338546875 0.70963541640625 0.1900756390625 0.70881015234375 0.19121674453124998 0.72916666640625 0.22968831484375 0.7740977109375 0.31364110625
0 0.97986355625 0.81589071484375 0.9343823359375 0.72884063671875 0.8797315140625 0.6235328640625 0.84076071015625 0.548056859375 0.78913585703125 0.44829160156250003 0.74007849140625 0.35227569140625004 0.70533543359375 0.2839178703125 0.7036751757812499 0.28364632265625 0.72155589765625 0.318531559375 0.7672205109375 0.4073748046875 0.81270173125 0.49621804921874996 0.85552376796875 0.57902973359375 0.91026628515625 0.6848265515625 0.9528132335937499 0.76649713125 0.99948650234375 0.8561554515625 0.9995781984375001 0.85322117890625 0.97986355625 0.81589071484375
0 0.95528902578125 0.93880412109375 0.9243874703125 0.8763693273437501 0.8969703640625 0.820618153125 0.8616674 0.748076421875 0.82141285234375 0.66575378203125 0.7773070718749999 0.574791340625 0.73549369140625 0.48839332265625 0.70422535234375 0.42383933203125 0.68616123828125 0.38553077734375 0.68487749375 0.38553077734375 0.71779636171875 0.453834115625 0.74979826875 0.5198552421875 0.802431778125 0.6285863328125 0.83911018203125 0.70357329140625 0.8747799296875 0.7774191445312499 0.90834066875 0.8457224828125 0.9430017609375 0.915982003125 0.98408157265625 0.9994457484374999 0.985181925 0.99911971796875 0.95528902578125 0.93880412109375
0 0.9430260828125 0.48347087109375 0.9429570070312501 0.48347087109375 0.90303105625 0.4181402890625 0.85605935 0.33966990859375 0.7934764585937499 0.23479713124999999 0.75624447421875 0.17167698203124998 0.71825265234375 0.10646920156249999 0.6903459328125 0.059067688281249996 0.6886881078125 0.0606641125 0.699602121875 0.0794527953125 0.73227508828125 0.13495922968750002 0.77130305078125 0.20127222734375 0.8077061226562501 0.26340996171875003 0.8416224578125 0.32039001875 0.8809958 0.38621180859375 0.9182968609375 0.44834954296875 0.9768042664062501 0.54487179453125 0.9997395835937499 0.58240740703125 0.9997395835937499 0.5773148148437499 0.9430260828125 0.48347087109375
0 0.96236737421875 0.50618921328125 0.91221816953125 0.42329796640625006 0.8902519890624999 0.387071421875 0.8474248453125 0.3157235484375 0.79914069375 0.23516553671875 0.74588306796875 0.1449061796875 0.69297082265625 0.055260831249999996 0.6924182140624999 0.055874840625 0.7167329796875 0.09750466640625 0.7690235414062501 0.1862904015625 0.8278763265625001 0.28465468125000004 0.8713251546875 0.35796738359375 0.9001989390625 0.40561450078125 0.9365329351562499 0.46517339609375 0.9823303492187501 0.54069653203125 0.99966843515625 0.5685725515625 0.9997375109375 0.5667305234375 0.96236737421875 0.50618921328125
0 0.8513621796875 0.9262943312499999 0.8222120914062501 0.8628057765625 0.7876740718749999 0.78789665 0.74671198046875 0.69788289609375 0.7127956453125 0.623956184375 0.67473474765625 0.5404509281250001 0.64282161796875 0.47045387578125003 0.6303188546875 0.4424550546875 0.6299043984375 0.44429708203124996 0.658847259375 0.50815404296875 0.6944904953125 0.5862560171875 0.73213693671875 0.66890166015625 0.76688218359375 0.745284409375 0.83409316953125 0.8916642109374999 0.88375884140625 0.9996070343750001 0.88527851484375 0.99948423203125 0.8513621796875 0.9262943312499999
0 0.76508620703125 0.92850476484375 0.7308244914062499 0.8486835640624999 0.69331620234375 0.76124864921875 0.65007460234375 0.6601827289062501 0.62631244453125 0.6045534921875 0.6147076703125001 0.5765546710937499 0.61443136640625 0.5783966992187499 0.6412328695312499 0.64163965 0.6676889921875 0.70377738515625 0.712035809375 0.80729934140625 0.7427055703125001 0.8784016109375001 0.78000663125 0.96559092265625 0.79453125 0.9995370367187499 0.79583333359375 0.9995370367187499 0.76508620703125 0.92850476484375
0 0.7489224140624999 0.9660821296875 0.72053216171875 0.89878671796875 0.6946977234375 0.8364033796875001 0.65332117578125 0.7374250906250001 0.6267269007812499 0.6733225265625 0.6086980546875 0.629973475 0.6084908265625 0.6319383046875 0.63681200234375 0.70058453671875 0.6707974140624999 0.7817565578125001 0.70443744453125 0.86243737109375 0.7325513921875 0.92997838671875 0.7614583335937499 0.9995370367187499 0.76276041640625 0.9995370367187499 0.7630830015625001 0.99948423203125 0.7489224140624999 0.9660821296875
0 0.57153514609375 0.54008252265625 0.56241710859375 0.5181009921874999 0.5615191203125 0.51908340703125 0.5792716625 0.56145004453125 0.5982675726562501 0.6078691421875 0.598405725 0.60553590703125 0.57153514609375 0.54008252265625
0 0.57194960234375 0.4757343546875 0.57125884140625 0.47659396796875003 0.604415340625 0.55555555546875 0.604829796875 0.5538363296875 0.57194960234375 0.4757343546875
0 0.57008454921875 0.47131348828124997 0.5625552609375 0.45399842812499996 0.56165727265625 0.45448963515624996 0.5693247125 0.472295903125 0.57008454921875 0.47131348828124997
0 0.6012378429687499 0.37822968828125003 0.60047800625 0.3790893015625 0.61995744921875 0.422438353125 0.620648209375 0.42121033515625 0.6012378429687499 0.37822968828125003
0 0.52843169765625 0.3790893015625 0.48042385078125005 0.2731113078125 0.45341511953125 0.21318400624999997 0.42391965078125005 0.14785342343750002 0.38724027421875 0.06582178984375 0.35774480546875 0.0001228015625 0.35698496875 0.00024560390625 0.37114555703124996 0.03217408359375 0.4085847703125 0.11567933984375 0.43780393437500004 0.1808871203125 0.46660864296875 0.24474408125 0.50466953984375 0.329354553125 0.5394147874999999 0.40536889687500005 0.55896330703125 0.44810393984374997 0.55896330703125 0.44613911015624996 0.52843169765625 0.3790893015625
0 0.520280725 0.42268395703125006 0.48560455312500006 0.344090775 0.45472756406250003 0.27323410937500003 0.423228890625 0.20114942500000002 0.3931117375 0.13139797656250002 0.3568468171875 0.04752431484375 0.3366075375 0.00036840546875 0.33564047265624997 0.00036840546875 0.3687278953125 0.07699675781250001 0.40927553046875 0.171185775 0.44056697578125004 0.24277925156250002 0.47420700703124996 0.31940760390625 0.5021137265625 0.383755771875 0.53547745390625 0.45903330390625 0.5590323828125 0.5133117203124999 0.5592396109375 0.51097848515625 0.520280725 0.42268395703125006
0 0.5969551281250001 0.37122998359375 0.5975768125 0.37000196484375 0.5829326921875 0.33696826796875 0.5818965515625 0.33844188984375 0.5969551281250001 0.37122998359375
0 0.417219275 0.00024560390625 0.41632128671875 0.0001228015625 0.4338666 0.036103742968750005 0.47151304140625 0.11346890624999999 0.5101956234375 0.19206208828125 0.547911140625 0.26942725234375 0.5739776875 0.32150908437500003 0.5314710429687499 0.23320070703125 0.49023264843750003 0.1496954515625 0.45576370468749994 0.07920719140625 0.417219275 0.00024560390625
0 0.6454465078125 0.31203949296875 0.648278625 0.3178111796875 0.64903846171875 0.3169515671875 0.64593003984375 0.31056587109375 0.6454465078125 0.31203949296875
0 0.6179542437500001 0.25935750078124997 0.6175397874999999 0.25997151015625 0.63639754609375 0.29509283828125 0.63660477421875 0.2934964140625 0.6179542437500001 0.25935750078124997
0 0.69518125546875 0.26623440390625 0.6943523429687499 0.26758522421875003 0.70195070703125 0.28047941875000004 0.70243423984375 0.27900579609375 0.69518125546875 0.26623440390625
0 0.66464964609375 0.2157628453125 0.69124392109375 0.2616907359375 0.69193468203125 0.26095392500000003 0.6652713304687501 0.2151488359375 0.66464964609375 0.2157628453125
0 0.65788019453125 0.20385106562500002 0.6602978562499999 0.20814913046875 0.6610576921875 0.20741231953125 0.6583637265625 0.20274584921875 0.65788019453125 0.20385106562500002
0 0.65207780703125 0.09848708125 0.65864003125 0.10917084218749999 0.65891633515625 0.10757441796875 0.65318302421875 0.097873071875 0.65207780703125 0.09848708125
0 0.58548850546875 0.076259946875 0.55419706015625 0.020999115625000002 0.5421778296875 0 0.5415561453125 0.0001228015625 0.565801834375 0.04347185390625 0.60206675546875 0.10732881406250001 0.630180703125 0.1559583453125 0.6489693851562499 0.188869240625 0.649314765625 0.1870272125 0.6179542437500001 0.13262599453124999 0.58548850546875 0.076259946875
0 0.59274148984375 0.2118331859375 0.56559460625 0.161238825 0.53299071640625 0.0992238921875 0.5040478562499999 0.04494547578125 0.4807001546875 0 0.47952586171875 0.0001228015625 0.51482371796875 0.06704980859375001 0.545838859375 0.1256262890625 0.5798242703125001 0.18960605156250002 0.6136715296874999 0.25309460625 0.61463859453125 0.25260339921875 0.59274148984375 0.2118331859375
0 0.6159510390625 0.03733176171875 0.59343225 0.00036840546875 0.59274148984375 0.000614009375 0.628937334375 0.06054131015624999 0.64869308125 0.0929609984375 0.64986737421875 0.0923469890625 0.6159510390625 0.03733176171875
0 0.65622236953125 0.00024560390625 0.6538047085937501 0.00024560390625 0.6857869140624999 0.05550643515625 0.68696120703125 0.053910010937499996 0.65622236953125 0.00024560390625
0 0.6899314765625 0.050103153906249996 0.6610576921875 0.00024560390625 0.6600906281250001 0.0001228015625 0.68937886796875 0.050962766406250005 0.6899314765625 0.050103153906249996
0 0.7418766578125 0.09001375390625001 0.7744805484375 0.14797622578125 0.8002459109375 0.1941497203125 0.8425204468749999 0.26955005390625 0.883275309375 0.341389134375 0.914014146875 0.39517634375 0.9459963531250001 0.45166519296874996 0.9779785585937499 0.5072944296874999 0.9997395835937499 0.5462962960937501 0.9997395835937499 0.54444444453125 0.9616766132812501 0.47745358125 0.92769120234375 0.41777188359375 0.8956399203125001 0.36128303359374997 0.861240053125 0.3009873265625 0.82815263046875 0.24228804375 0.78463472578125 0.16492288046875 0.7534123562499999 0.10880243671875 0.71044706015625 0.03192848046875 0.70961814765625 0.032665291406250005 0.7418766578125 0.09001375390625001
0 0.5479802164062499 0 0.58693910234375 0.0672954125 0.6196811453125 0.121328225 0.61995744921875 0.12022300781249999 0.579064434375 0.05243638828125 0.54894728125 0 0.5479802164062499 0
0 0.649729221875 0.18125552578124998 0.65000552578125 0.1794134984375 0.62430923984375 0.12795952421875 0.62368755546875 0.12931034453125 0.649729221875 0.18125552578124998
0 0.6876519671875 0.00024560390625 0.6866158265625 0.00036840546875 0.7067860296874999 0.029472442968750002 0.707476790625 0.028244425 0.6876519671875 0.00024560390625
0 0.68274756875 0.38142253671875 0.6830929484375 0.380440121875 0.67680702890625 0.36852834296875 0.67611626875 0.3688967484375 0.68274756875 0.38142253671875
0 0.65339025234375 0.32493368671875 0.652630415625 0.32603890390625 0.67376768359375 0.36484428750000003 0.6744584437500001 0.36386187265625003 0.65339025234375 0.32493368671875